"date","ID_2","NAME_2","t2m"
"2003-01-01",1,"Beratit",9.33
"2003-01-01",2,"Kuçovës",9.38
"2003-01-01",3,"Skraparit",7.18
"2003-01-01",4,"Bulqizës",5.41
"2003-01-01",5,"Dibrës",4.5
"2003-01-01",6,"Matit",7.49
"2003-01-01",7,"Durrësit",13.04
"2003-01-01",8,"Krujës",10.95
"2003-01-01",9,"Elbasanit",8.63
"2003-01-01",10,"Gramshit",7.46
"2003-01-01",11,"Librazhdit",6.43
"2003-01-01",12,"Peqinit",10.89
"2003-01-01",13,"Fierit",11.58
"2003-01-01",14,"Lushnjës",11.38
"2003-01-01",15,"Mallakastrës",10.33
"2003-01-01",16,"Gjirokastrës",8.96
"2003-01-01",17,"Përmetit",7.12
"2003-01-01",18,"Tepelenës",9.11
"2003-01-01",19,"Devollit",4.95
"2003-01-01",20,"Kolonjës",5.36
"2003-01-01",21,"Korçës",5.32
"2003-01-01",22,"Pogradecit",5.67
"2003-01-01",23,"Has",7.14
"2003-01-01",24,"Kukësit",5.01
"2003-01-01",25,"Tropojës",4.74
"2003-01-01",26,"Kurbinit",11.1
"2003-01-01",27,"Lezhës",10.82
"2003-01-01",28,"Mirditës",8.01
"2003-01-01",29,"Shkodrës",10.05
"2003-01-01",30,"Malësi e Madhe",6.43
"2003-01-01",31,"Pukës",7.2
"2003-01-01",32,"Shkodrës",8.5
"2003-01-01",33,"Kavajës",11.94
"2003-01-01",34,"Tiranës",9.99
"2003-01-01",35,"Delvinës",10.06
"2003-01-01",36,"Sarandës",11.1
"2003-01-01",37,"Vlorës",11.22
"2003-01-02",1,"Beratit",5.75
"2003-01-02",2,"Kuçovës",5.79
"2003-01-02",3,"Skraparit",3.85
"2003-01-02",4,"Bulqizës",-0.37
"2003-01-02",5,"Dibrës",-2.06
"2003-01-02",6,"Matit",1.03
"2003-01-02",7,"Durrësit",9.97
"2003-01-02",8,"Krujës",5.12
"2003-01-02",9,"Elbasanit",5.06
"2003-01-02",10,"Gramshit",4.2
"2003-01-02",11,"Librazhdit",2.37
"2003-01-02",12,"Peqinit",7.72
"2003-01-02",13,"Fierit",8.53
"2003-01-02",14,"Lushnjës",8.57
"2003-01-02",15,"Mallakastrës",6.74
"2003-01-02",16,"Gjirokastrës",5.56
"2003-01-02",17,"Përmetit",4.09
"2003-01-02",18,"Tepelenës",6.18
"2003-01-02",19,"Devollit",1.98
"2003-01-02",20,"Kolonjës",2.67
"2003-01-02",21,"Korçës",2.39
"2003-01-02",22,"Pogradecit",2.26
"2003-01-02",23,"Has",-2.5
"2003-01-02",24,"Kukësit",-2.9
"2003-01-02",25,"Tropojës",-3.79
"2003-01-02",26,"Kurbinit",5.11
"2003-01-02",27,"Lezhës",4.4
"2003-01-02",28,"Mirditës",0.62
"2003-01-02",29,"Shkodrës",2.87
"2003-01-02",30,"Malësi e Madhe",0.27
"2003-01-02",31,"Pukës",-1.05
"2003-01-02",32,"Shkodrës",1.39
"2003-01-02",33,"Kavajës",9.33
"2003-01-02",34,"Tiranës",5.2
"2003-01-02",35,"Delvinës",7.89
"2003-01-02",36,"Sarandës",8.7
"2003-01-02",37,"Vlorës",8.76
"2003-01-03",1,"Beratit",6.08
"2003-01-03",2,"Kuçovës",6.13
"2003-01-03",3,"Skraparit",2.81
"2003-01-03",4,"Bulqizës",1.08
"2003-01-03",5,"Dibrës",0.52
"2003-01-03",6,"Matit",3.97
"2003-01-03",7,"Durrësit",12.06
"2003-01-03",8,"Krujës",9.16
"2003-01-03",9,"Elbasanit",4.86
"2003-01-03",10,"Gramshit",3.22
"2003-01-03",11,"Librazhdit",1.96
"2003-01-03",12,"Peqinit",8.38
"2003-01-03",13,"Fierit",10.18
"2003-01-03",14,"Lushnjës",9.43
"2003-01-03",15,"Mallakastrës",7.95
"2003-01-03",16,"Gjirokastrës",4.3
"2003-01-03",17,"Përmetit",2.25
"2003-01-03",18,"Tepelenës",5.62
"2003-01-03",19,"Devollit",0.48
"2003-01-03",20,"Kolonjës",0.31
"2003-01-03",21,"Korçës",0.83
"2003-01-03",22,"Pogradecit",1.52
"2003-01-03",23,"Has",4.07
"2003-01-03",24,"Kukësit",1.89
"2003-01-03",25,"Tropojës",2.65
"2003-01-03",26,"Kurbinit",9.23
"2003-01-03",27,"Lezhës",8.69
"2003-01-03",28,"Mirditës",4.66
"2003-01-03",29,"Shkodrës",7.18
"2003-01-03",30,"Malësi e Madhe",4.91
"2003-01-03",31,"Pukës",3.94
"2003-01-03",32,"Shkodrës",6.06
"2003-01-03",33,"Kavajës",10.25
"2003-01-03",34,"Tiranës",7.2
"2003-01-03",35,"Delvinës",6.82
"2003-01-03",36,"Sarandës",8.09
"2003-01-03",37,"Vlorës",9.95
"2003-01-04",1,"Beratit",11.07
"2003-01-04",2,"Kuçovës",11.46
"2003-01-04",3,"Skraparit",8
"2003-01-04",4,"Bulqizës",5.58
"2003-01-04",5,"Dibrës",5.14
"2003-01-04",6,"Matit",7.85
"2003-01-04",7,"Durrësit",13.96
"2003-01-04",8,"Krujës",11.58
"2003-01-04",9,"Elbasanit",10.31
"2003-01-04",10,"Gramshit",8.58
"2003-01-04",11,"Librazhdit",7.11
"2003-01-04",12,"Peqinit",13.3
"2003-01-04",13,"Fierit",14.13
"2003-01-04",14,"Lushnjës",13.95
"2003-01-04",15,"Mallakastrës",11.72
"2003-01-04",16,"Gjirokastrës",8.86
"2003-01-04",17,"Përmetit",7.52
"2003-01-04",18,"Tepelenës",9.58
"2003-01-04",19,"Devollit",5.72
"2003-01-04",20,"Kolonjës",6.24
"2003-01-04",21,"Korçës",5.9
"2003-01-04",22,"Pogradecit",5.97
"2003-01-04",23,"Has",7.49
"2003-01-04",24,"Kukësit",6.14
"2003-01-04",25,"Tropojës",5.36
"2003-01-04",26,"Kurbinit",12.11
"2003-01-04",27,"Lezhës",11.78
"2003-01-04",28,"Mirditës",8.91
"2003-01-04",29,"Shkodrës",10.33
"2003-01-04",30,"Malësi e Madhe",7.28
"2003-01-04",31,"Pukës",7.69
"2003-01-04",32,"Shkodrës",8.94
"2003-01-04",33,"Kavajës",13.76
"2003-01-04",34,"Tiranës",10.92
"2003-01-04",35,"Delvinës",10.45
"2003-01-04",36,"Sarandës",11.28
"2003-01-04",37,"Vlorës",12.61
"2003-01-05",1,"Beratit",9.93
"2003-01-05",2,"Kuçovës",10.15
"2003-01-05",3,"Skraparit",7.45
"2003-01-05",4,"Bulqizës",4.67
"2003-01-05",5,"Dibrës",4.04
"2003-01-05",6,"Matit",7.03
"2003-01-05",7,"Durrësit",12.61
"2003-01-05",8,"Krujës",11
"2003-01-05",9,"Elbasanit",8.84
"2003-01-05",10,"Gramshit",7.65
"2003-01-05",11,"Librazhdit",5.88
"2003-01-05",12,"Peqinit",11.55
"2003-01-05",13,"Fierit",12.12
"2003-01-05",14,"Lushnjës",11.86
"2003-01-05",15,"Mallakastrës",10.63
"2003-01-05",16,"Gjirokastrës",8.62
"2003-01-05",17,"Përmetit",7.2
"2003-01-05",18,"Tepelenës",9.21
"2003-01-05",19,"Devollit",4.63
"2003-01-05",20,"Kolonjës",5.67
"2003-01-05",21,"Korçës",5.12
"2003-01-05",22,"Pogradecit",5.1
"2003-01-05",23,"Has",5.56
"2003-01-05",24,"Kukësit",4.37
"2003-01-05",25,"Tropojës",3.03
"2003-01-05",26,"Kurbinit",11.22
"2003-01-05",27,"Lezhës",10.28
"2003-01-05",28,"Mirditës",7.45
"2003-01-05",29,"Shkodrës",7.97
"2003-01-05",30,"Malësi e Madhe",4.72
"2003-01-05",31,"Pukës",5.33
"2003-01-05",32,"Shkodrës",6.39
"2003-01-05",33,"Kavajës",11.83
"2003-01-05",34,"Tiranës",9.85
"2003-01-05",35,"Delvinës",9.96
"2003-01-05",36,"Sarandës",10.91
"2003-01-05",37,"Vlorës",11.78
"2003-01-06",1,"Beratit",8.86
"2003-01-06",2,"Kuçovës",9.01
"2003-01-06",3,"Skraparit",6.51
"2003-01-06",4,"Bulqizës",1.86
"2003-01-06",5,"Dibrës",0.36
"2003-01-06",6,"Matit",4.73
"2003-01-06",7,"Durrësit",11.9
"2003-01-06",8,"Krujës",9.35
"2003-01-06",9,"Elbasanit",7.8
"2003-01-06",10,"Gramshit",6.68
"2003-01-06",11,"Librazhdit",4.5
"2003-01-06",12,"Peqinit",10.31
"2003-01-06",13,"Fierit",12.06
"2003-01-06",14,"Lushnjës",11.13
"2003-01-06",15,"Mallakastrës",9.77
"2003-01-06",16,"Gjirokastrës",8.53
"2003-01-06",17,"Përmetit",6.43
"2003-01-06",18,"Tepelenës",8.46
"2003-01-06",19,"Devollit",4.96
"2003-01-06",20,"Kolonjës",4.86
"2003-01-06",21,"Korçës",4.53
"2003-01-06",22,"Pogradecit",4.24
"2003-01-06",23,"Has",5.81
"2003-01-06",24,"Kukësit",1.93
"2003-01-06",25,"Tropojës",2.96
"2003-01-06",26,"Kurbinit",10.34
"2003-01-06",27,"Lezhës",10.63
"2003-01-06",28,"Mirditës",6.13
"2003-01-06",29,"Shkodrës",9.66
"2003-01-06",30,"Malësi e Madhe",4.66
"2003-01-06",31,"Pukës",5.3
"2003-01-06",32,"Shkodrës",7.42
"2003-01-06",33,"Kavajës",11.19
"2003-01-06",34,"Tiranës",8.42
"2003-01-06",35,"Delvinës",10.25
"2003-01-06",36,"Sarandës",11.47
"2003-01-06",37,"Vlorës",11.4
"2003-01-07",1,"Beratit",10.01
"2003-01-07",2,"Kuçovës",10.32
"2003-01-07",3,"Skraparit",6.81
"2003-01-07",4,"Bulqizës",1.64
"2003-01-07",5,"Dibrës",0.57
"2003-01-07",6,"Matit",4.59
"2003-01-07",7,"Durrësit",12.54
"2003-01-07",8,"Krujës",9.68
"2003-01-07",9,"Elbasanit",8.52
"2003-01-07",10,"Gramshit",7.11
"2003-01-07",11,"Librazhdit",4.31
"2003-01-07",12,"Peqinit",12.13
"2003-01-07",13,"Fierit",13.16
"2003-01-07",14,"Lushnjës",12.7
"2003-01-07",15,"Mallakastrës",11.01
"2003-01-07",16,"Gjirokastrës",8.14
"2003-01-07",17,"Përmetit",6.54
"2003-01-07",18,"Tepelenës",8.7
"2003-01-07",19,"Devollit",4.87
"2003-01-07",20,"Kolonjës",5.29
"2003-01-07",21,"Korçës",4.72
"2003-01-07",22,"Pogradecit",4.22
"2003-01-07",23,"Has",2.74
"2003-01-07",24,"Kukësit",0.84
"2003-01-07",25,"Tropojës",0.86
"2003-01-07",26,"Kurbinit",9.35
"2003-01-07",27,"Lezhës",8.32
"2003-01-07",28,"Mirditës",4.58
"2003-01-07",29,"Shkodrës",7
"2003-01-07",30,"Malësi e Madhe",4.13
"2003-01-07",31,"Pukës",3.14
"2003-01-07",32,"Shkodrës",5.6
"2003-01-07",33,"Kavajës",12.43
"2003-01-07",34,"Tiranës",9.19
"2003-01-07",35,"Delvinës",9.74
"2003-01-07",36,"Sarandës",11.41
"2003-01-07",37,"Vlorës",11.99
"2003-01-08",1,"Beratit",8.57
"2003-01-08",2,"Kuçovës",8.89
"2003-01-08",3,"Skraparit",5.8
"2003-01-08",4,"Bulqizës",2.73
"2003-01-08",5,"Dibrës",1.73
"2003-01-08",6,"Matit",4.88
"2003-01-08",7,"Durrësit",10.91
"2003-01-08",8,"Krujës",9.33
"2003-01-08",9,"Elbasanit",8.15
"2003-01-08",10,"Gramshit",6.46
"2003-01-08",11,"Librazhdit",5.08
"2003-01-08",12,"Peqinit",10.74
"2003-01-08",13,"Fierit",11.95
"2003-01-08",14,"Lushnjës",11.2
"2003-01-08",15,"Mallakastrës",9.35
"2003-01-08",16,"Gjirokastrës",7.67
"2003-01-08",17,"Përmetit",5.81
"2003-01-08",18,"Tepelenës",7.6
"2003-01-08",19,"Devollit",4.89
"2003-01-08",20,"Kolonjës",4.76
"2003-01-08",21,"Korçës",4.44
"2003-01-08",22,"Pogradecit",4.51
"2003-01-08",23,"Has",5.99
"2003-01-08",24,"Kukësit",3.26
"2003-01-08",25,"Tropojës",3.87
"2003-01-08",26,"Kurbinit",9.83
"2003-01-08",27,"Lezhës",9.87
"2003-01-08",28,"Mirditës",6.24
"2003-01-08",29,"Shkodrës",9.31
"2003-01-08",30,"Malësi e Madhe",5.8
"2003-01-08",31,"Pukës",6
"2003-01-08",32,"Shkodrës",7.69
"2003-01-08",33,"Kavajës",10.82
"2003-01-08",34,"Tiranës",8.7
"2003-01-08",35,"Delvinës",9.31
"2003-01-08",36,"Sarandës",10.75
"2003-01-08",37,"Vlorës",10.35
"2003-01-09",1,"Beratit",9.17
"2003-01-09",2,"Kuçovës",9.38
"2003-01-09",3,"Skraparit",6.18
"2003-01-09",4,"Bulqizës",2.22
"2003-01-09",5,"Dibrës",1.66
"2003-01-09",6,"Matit",4.9
"2003-01-09",7,"Durrësit",12.52
"2003-01-09",8,"Krujës",10.08
"2003-01-09",9,"Elbasanit",7.57
"2003-01-09",10,"Gramshit",5.77
"2003-01-09",11,"Librazhdit",3.62
"2003-01-09",12,"Peqinit",11.12
"2003-01-09",13,"Fierit",11.86
"2003-01-09",14,"Lushnjës",11.57
"2003-01-09",15,"Mallakastrës",10.13
"2003-01-09",16,"Gjirokastrës",8.05
"2003-01-09",17,"Përmetit",6.27
"2003-01-09",18,"Tepelenës",8.52
"2003-01-09",19,"Devollit",3.88
"2003-01-09",20,"Kolonjës",4.59
"2003-01-09",21,"Korçës",3.32
"2003-01-09",22,"Pogradecit",2.48
"2003-01-09",23,"Has",4.44
"2003-01-09",24,"Kukësit",2.1
"2003-01-09",25,"Tropojës",1.96
"2003-01-09",26,"Kurbinit",10.18
"2003-01-09",27,"Lezhës",9.56
"2003-01-09",28,"Mirditës",5.55
"2003-01-09",29,"Shkodrës",8.06
"2003-01-09",30,"Malësi e Madhe",4.82
"2003-01-09",31,"Pukës",4.21
"2003-01-09",32,"Shkodrës",6.47
"2003-01-09",33,"Kavajës",11.66
"2003-01-09",34,"Tiranës",8.88
"2003-01-09",35,"Delvinës",9.69
"2003-01-09",36,"Sarandës",10.91
"2003-01-09",37,"Vlorës",11.54
"2003-01-10",1,"Beratit",10.47
"2003-01-10",2,"Kuçovës",10.79
"2003-01-10",3,"Skraparit",8.16
"2003-01-10",4,"Bulqizës",3.24
"2003-01-10",5,"Dibrës",2.78
"2003-01-10",6,"Matit",5.52
"2003-01-10",7,"Durrësit",11.88
"2003-01-10",8,"Krujës",9.99
"2003-01-10",9,"Elbasanit",9.21
"2003-01-10",10,"Gramshit",8.28
"2003-01-10",11,"Librazhdit",5.89
"2003-01-10",12,"Peqinit",11.93
"2003-01-10",13,"Fierit",13.19
"2003-01-10",14,"Lushnjës",12.39
"2003-01-10",15,"Mallakastrës",10.9
"2003-01-10",16,"Gjirokastrës",9.91
"2003-01-10",17,"Përmetit",8.16
"2003-01-10",18,"Tepelenës",9.5
"2003-01-10",19,"Devollit",6.03
"2003-01-10",20,"Kolonjës",6.88
"2003-01-10",21,"Korçës",6.07
"2003-01-10",22,"Pogradecit",5.71
"2003-01-10",23,"Has",4.42
"2003-01-10",24,"Kukësit",3.06
"2003-01-10",25,"Tropojës",2.35
"2003-01-10",26,"Kurbinit",10.46
"2003-01-10",27,"Lezhës",10.44
"2003-01-10",28,"Mirditës",6.67
"2003-01-10",29,"Shkodrës",9.71
"2003-01-10",30,"Malësi e Madhe",5.85
"2003-01-10",31,"Pukës",5.31
"2003-01-10",32,"Shkodrës",7.75
"2003-01-10",33,"Kavajës",11.88
"2003-01-10",34,"Tiranës",9.41
"2003-01-10",35,"Delvinës",11.34
"2003-01-10",36,"Sarandës",13.22
"2003-01-10",37,"Vlorës",12.28
"2003-01-11",1,"Beratit",5.75
"2003-01-11",2,"Kuçovës",5.99
"2003-01-11",3,"Skraparit",3.51
"2003-01-11",4,"Bulqizës",-0.8
"2003-01-11",5,"Dibrës",-1.32
"2003-01-11",6,"Matit",0.67
"2003-01-11",7,"Durrësit",9.95
"2003-01-11",8,"Krujës",4.75
"2003-01-11",9,"Elbasanit",4.45
"2003-01-11",10,"Gramshit",3.85
"2003-01-11",11,"Librazhdit",1.73
"2003-01-11",12,"Peqinit",7.52
"2003-01-11",13,"Fierit",8.32
"2003-01-11",14,"Lushnjës",8.55
"2003-01-11",15,"Mallakastrës",6.39
"2003-01-11",16,"Gjirokastrës",4.97
"2003-01-11",17,"Përmetit",3.14
"2003-01-11",18,"Tepelenës",5.09
"2003-01-11",19,"Devollit",1.66
"2003-01-11",20,"Kolonjës",1.81
"2003-01-11",21,"Korçës",1.79
"2003-01-11",22,"Pogradecit",1.89
"2003-01-11",23,"Has",0.95
"2003-01-11",24,"Kukësit",-0.96
"2003-01-11",25,"Tropojës",-1.18
"2003-01-11",26,"Kurbinit",4.99
"2003-01-11",27,"Lezhës",4.7
"2003-01-11",28,"Mirditës",1.21
"2003-01-11",29,"Shkodrës",3.53
"2003-01-11",30,"Malësi e Madhe",1.46
"2003-01-11",31,"Pukës",0.03
"2003-01-11",32,"Shkodrës",2.24
"2003-01-11",33,"Kavajës",9.12
"2003-01-11",34,"Tiranës",4.61
"2003-01-11",35,"Delvinës",7.55
"2003-01-11",36,"Sarandës",8.65
"2003-01-11",37,"Vlorës",8.14
"2003-01-12",1,"Beratit",5.57
"2003-01-12",2,"Kuçovës",5.56
"2003-01-12",3,"Skraparit",2.19
"2003-01-12",4,"Bulqizës",-3.57
"2003-01-12",5,"Dibrës",-5.39
"2003-01-12",6,"Matit",-1.34
"2003-01-12",7,"Durrësit",6.62
"2003-01-12",8,"Krujës",3.18
"2003-01-12",9,"Elbasanit",3.16
"2003-01-12",10,"Gramshit",1.93
"2003-01-12",11,"Librazhdit",-0.96
"2003-01-12",12,"Peqinit",6.94
"2003-01-12",13,"Fierit",8.72
"2003-01-12",14,"Lushnjës",7.84
"2003-01-12",15,"Mallakastrës",7.45
"2003-01-12",16,"Gjirokastrës",5.83
"2003-01-12",17,"Përmetit",2.81
"2003-01-12",18,"Tepelenës",5.95
"2003-01-12",19,"Devollit",-2.12
"2003-01-12",20,"Kolonjës",0.16
"2003-01-12",21,"Korçës",-1.38
"2003-01-12",22,"Pogradecit",-1.71
"2003-01-12",23,"Has",-5.41
"2003-01-12",24,"Kukësit",-7.05
"2003-01-12",25,"Tropojës",-6.59
"2003-01-12",26,"Kurbinit",2.93
"2003-01-12",27,"Lezhës",2.26
"2003-01-12",28,"Mirditës",-2.03
"2003-01-12",29,"Shkodrës",1.31
"2003-01-12",30,"Malësi e Madhe",-2.71
"2003-01-12",31,"Pukës",-3.79
"2003-01-12",32,"Shkodrës",-0.56
"2003-01-12",33,"Kavajës",7.2
"2003-01-12",34,"Tiranës",3.2
"2003-01-12",35,"Delvinës",7.85
"2003-01-12",36,"Sarandës",8.97
"2003-01-12",37,"Vlorës",9.24
"2003-01-13",1,"Beratit",1.66
"2003-01-13",2,"Kuçovës",1.78
"2003-01-13",3,"Skraparit",-1.71
"2003-01-13",4,"Bulqizës",-6.29
"2003-01-13",5,"Dibrës",-7.58
"2003-01-13",6,"Matit",-3.97
"2003-01-13",7,"Durrësit",4.27
"2003-01-13",8,"Krujës",0.74
"2003-01-13",9,"Elbasanit",-0.1
"2003-01-13",10,"Gramshit",-1.59
"2003-01-13",11,"Librazhdit",-4.15
"2003-01-13",12,"Peqinit",3.61
"2003-01-13",13,"Fierit",4.55
"2003-01-13",14,"Lushnjës",4.31
"2003-01-13",15,"Mallakastrës",3.11
"2003-01-13",16,"Gjirokastrës",1.69
"2003-01-13",17,"Përmetit",-1.25
"2003-01-13",18,"Tepelenës",1.67
"2003-01-13",19,"Devollit",-5.69
"2003-01-13",20,"Kolonjës",-3.77
"2003-01-13",21,"Korçës",-5.02
"2003-01-13",22,"Pogradecit",-5.15
"2003-01-13",23,"Has",-9.48
"2003-01-13",24,"Kukësit",-9.37
"2003-01-13",25,"Tropojës",-10.22
"2003-01-13",26,"Kurbinit",0.72
"2003-01-13",27,"Lezhës",0.06
"2003-01-13",28,"Mirditës",-4.31
"2003-01-13",29,"Shkodrës",-1.17
"2003-01-13",30,"Malësi e Madhe",-4.37
"2003-01-13",31,"Pukës",-6.56
"2003-01-13",32,"Shkodrës",-2.83
"2003-01-13",33,"Kavajës",4.17
"2003-01-13",34,"Tiranës",0.33
"2003-01-13",35,"Delvinës",4.04
"2003-01-13",36,"Sarandës",5.16
"2003-01-13",37,"Vlorës",4.84
"2003-01-14",1,"Beratit",0.71
"2003-01-14",2,"Kuçovës",1.07
"2003-01-14",3,"Skraparit",-1.01
"2003-01-14",4,"Bulqizës",-6.3
"2003-01-14",5,"Dibrës",-8.97
"2003-01-14",6,"Matit",-6.26
"2003-01-14",7,"Durrësit",6.08
"2003-01-14",8,"Krujës",-0.22
"2003-01-14",9,"Elbasanit",-0.5
"2003-01-14",10,"Gramshit",-0.73
"2003-01-14",11,"Librazhdit",-2.62
"2003-01-14",12,"Peqinit",2.53
"2003-01-14",13,"Fierit",3.73
"2003-01-14",14,"Lushnjës",3.71
"2003-01-14",15,"Mallakastrës",0.81
"2003-01-14",16,"Gjirokastrës",1.56
"2003-01-14",17,"Përmetit",-0.89
"2003-01-14",18,"Tepelenës",-0.01
"2003-01-14",19,"Devollit",-3.34
"2003-01-14",20,"Kolonjës",-2.17
"2003-01-14",21,"Korçës",-2.78
"2003-01-14",22,"Pogradecit",-2.34
"2003-01-14",23,"Has",-6.28
"2003-01-14",24,"Kukësit",-9.16
"2003-01-14",25,"Tropojës",-9.55
"2003-01-14",26,"Kurbinit",0.37
"2003-01-14",27,"Lezhës",0.37
"2003-01-14",28,"Mirditës",-6.07
"2003-01-14",29,"Shkodrës",-1.12
"2003-01-14",30,"Malësi e Madhe",-4.8
"2003-01-14",31,"Pukës",-6.79
"2003-01-14",32,"Shkodrës",-2.77
"2003-01-14",33,"Kavajës",4.65
"2003-01-14",34,"Tiranës",-0.67
"2003-01-14",35,"Delvinës",4.13
"2003-01-14",36,"Sarandës",5.42
"2003-01-14",37,"Vlorës",2.99
"2003-01-15",1,"Beratit",-1.4
"2003-01-15",2,"Kuçovës",-1.29
"2003-01-15",3,"Skraparit",-3.49
"2003-01-15",4,"Bulqizës",-9.17
"2003-01-15",5,"Dibrës",-9.99
"2003-01-15",6,"Matit",-8.72
"2003-01-15",7,"Durrësit",7.09
"2003-01-15",8,"Krujës",-1.1
"2003-01-15",9,"Elbasanit",-3.71
"2003-01-15",10,"Gramshit",-3.57
"2003-01-15",11,"Librazhdit",-5.5
"2003-01-15",12,"Peqinit",0.9
"2003-01-15",13,"Fierit",3.27
"2003-01-15",14,"Lushnjës",2.77
"2003-01-15",15,"Mallakastrës",0.06
"2003-01-15",16,"Gjirokastrës",-0.65
"2003-01-15",17,"Përmetit",-2.95
"2003-01-15",18,"Tepelenës",-1.42
"2003-01-15",19,"Devollit",-4.22
"2003-01-15",20,"Kolonjës",-3.7
"2003-01-15",21,"Korçës",-4.06
"2003-01-15",22,"Pogradecit",-3.58
"2003-01-15",23,"Has",-7.28
"2003-01-15",24,"Kukësit",-9.71
"2003-01-15",25,"Tropojës",-7.16
"2003-01-15",26,"Kurbinit",-0.56
"2003-01-15",27,"Lezhës",-0.63
"2003-01-15",28,"Mirditës",-7.36
"2003-01-15",29,"Shkodrës",-2.31
"2003-01-15",30,"Malësi e Madhe",-3.25
"2003-01-15",31,"Pukës",-7.76
"2003-01-15",32,"Shkodrës",-3.28
"2003-01-15",33,"Kavajës",4.37
"2003-01-15",34,"Tiranës",-2.69
"2003-01-15",35,"Delvinës",3.08
"2003-01-15",36,"Sarandës",4.6
"2003-01-15",37,"Vlorës",2.99
"2003-01-16",1,"Beratit",-0.67
"2003-01-16",2,"Kuçovës",-0.94
"2003-01-16",3,"Skraparit",-2.32
"2003-01-16",4,"Bulqizës",-6.87
"2003-01-16",5,"Dibrës",-5.67
"2003-01-16",6,"Matit",-5.38
"2003-01-16",7,"Durrësit",8.3
"2003-01-16",8,"Krujës",0.72
"2003-01-16",9,"Elbasanit",-2.06
"2003-01-16",10,"Gramshit",-2.39
"2003-01-16",11,"Librazhdit",-3.66
"2003-01-16",12,"Peqinit",1.2
"2003-01-16",13,"Fierit",3.75
"2003-01-16",14,"Lushnjës",3.15
"2003-01-16",15,"Mallakastrës",1.3
"2003-01-16",16,"Gjirokastrës",2.91
"2003-01-16",17,"Përmetit",-0.56
"2003-01-16",18,"Tepelenës",1.6
"2003-01-16",19,"Devollit",-2.95
"2003-01-16",20,"Kolonjës",-2.2
"2003-01-16",21,"Korçës",-3.12
"2003-01-16",22,"Pogradecit",-2.07
"2003-01-16",23,"Has",-5.36
"2003-01-16",24,"Kukësit",-5.42
"2003-01-16",25,"Tropojës",-4.86
"2003-01-16",26,"Kurbinit",1.62
"2003-01-16",27,"Lezhës",1.43
"2003-01-16",28,"Mirditës",-3.78
"2003-01-16",29,"Shkodrës",-1.11
"2003-01-16",30,"Malësi e Madhe",-0.97
"2003-01-16",31,"Pukës",-4.84
"2003-01-16",32,"Shkodrës",-1.78
"2003-01-16",33,"Kavajës",5.1
"2003-01-16",34,"Tiranës",-0.91
"2003-01-16",35,"Delvinës",6.42
"2003-01-16",36,"Sarandës",5.48
"2003-01-16",37,"Vlorës",5.21
"2003-01-17",1,"Beratit",1.56
"2003-01-17",2,"Kuçovës",1.23
"2003-01-17",3,"Skraparit",0.1
"2003-01-17",4,"Bulqizës",-4.58
"2003-01-17",5,"Dibrës",-4.75
"2003-01-17",6,"Matit",-2.96
"2003-01-17",7,"Durrësit",9.55
"2003-01-17",8,"Krujës",3.33
"2003-01-17",9,"Elbasanit",-0.1
"2003-01-17",10,"Gramshit",-0.87
"2003-01-17",11,"Librazhdit",-2.06
"2003-01-17",12,"Peqinit",3.44
"2003-01-17",13,"Fierit",5.59
"2003-01-17",14,"Lushnjës",5.14
"2003-01-17",15,"Mallakastrës",3.85
"2003-01-17",16,"Gjirokastrës",4.24
"2003-01-17",17,"Përmetit",2.06
"2003-01-17",18,"Tepelenës",3.78
"2003-01-17",19,"Devollit",-1.54
"2003-01-17",20,"Kolonjës",0.32
"2003-01-17",21,"Korçës",-1.45
"2003-01-17",22,"Pogradecit",-1.43
"2003-01-17",23,"Has",-1.37
"2003-01-17",24,"Kukësit",-3.14
"2003-01-17",25,"Tropojës",-4.16
"2003-01-17",26,"Kurbinit",3.91
"2003-01-17",27,"Lezhës",3.31
"2003-01-17",28,"Mirditës",-1.79
"2003-01-17",29,"Shkodrës",0.85
"2003-01-17",30,"Malësi e Madhe",-1.68
"2003-01-17",31,"Pukës",-3.53
"2003-01-17",32,"Shkodrës",-0.78
"2003-01-17",33,"Kavajës",6.96
"2003-01-17",34,"Tiranës",1.61
"2003-01-17",35,"Delvinës",6.95
"2003-01-17",36,"Sarandës",6.67
"2003-01-17",37,"Vlorës",7.02
"2003-01-18",1,"Beratit",4.94
"2003-01-18",2,"Kuçovës",4.87
"2003-01-18",3,"Skraparit",2.28
"2003-01-18",4,"Bulqizës",-6.04
"2003-01-18",5,"Dibrës",-8.49
"2003-01-18",6,"Matit",-3.78
"2003-01-18",7,"Durrësit",9.27
"2003-01-18",8,"Krujës",3.44
"2003-01-18",9,"Elbasanit",2.85
"2003-01-18",10,"Gramshit",2.2
"2003-01-18",11,"Librazhdit",-0.89
"2003-01-18",12,"Peqinit",6.32
"2003-01-18",13,"Fierit",7.92
"2003-01-18",14,"Lushnjës",7.31
"2003-01-18",15,"Mallakastrës",6.67
"2003-01-18",16,"Gjirokastrës",5
"2003-01-18",17,"Përmetit",2.43
"2003-01-18",18,"Tepelenës",5.34
"2003-01-18",19,"Devollit",-0.77
"2003-01-18",20,"Kolonjës",0.48
"2003-01-18",21,"Korçës",-0.33
"2003-01-18",22,"Pogradecit",-0.25
"2003-01-18",23,"Has",-3.25
"2003-01-18",24,"Kukësit",-8.54
"2003-01-18",25,"Tropojës",-4.41
"2003-01-18",26,"Kurbinit",3.49
"2003-01-18",27,"Lezhës",2.72
"2003-01-18",28,"Mirditës",-3.57
"2003-01-18",29,"Shkodrës",0.96
"2003-01-18",30,"Malësi e Madhe",-1.75
"2003-01-18",31,"Pukës",-3.94
"2003-01-18",32,"Shkodrës",-0.28
"2003-01-18",33,"Kavajës",7.77
"2003-01-18",34,"Tiranës",2.95
"2003-01-18",35,"Delvinës",7.7
"2003-01-18",36,"Sarandës",8.63
"2003-01-18",37,"Vlorës",9.04
"2003-01-19",1,"Beratit",6.8
"2003-01-19",2,"Kuçovës",7.07
"2003-01-19",3,"Skraparit",3.83
"2003-01-19",4,"Bulqizës",0.48
"2003-01-19",5,"Dibrës",0.08
"2003-01-19",6,"Matit",2.6
"2003-01-19",7,"Durrësit",9.77
"2003-01-19",8,"Krujës",6.26
"2003-01-19",9,"Elbasanit",5.48
"2003-01-19",10,"Gramshit",4.17
"2003-01-19",11,"Librazhdit",2.12
"2003-01-19",12,"Peqinit",8.88
"2003-01-19",13,"Fierit",9.3
"2003-01-19",14,"Lushnjës",9.4
"2003-01-19",15,"Mallakastrës",7.61
"2003-01-19",16,"Gjirokastrës",5.81
"2003-01-19",17,"Përmetit",3.75
"2003-01-19",18,"Tepelenës",6.07
"2003-01-19",19,"Devollit",0.85
"2003-01-19",20,"Kolonjës",1.94
"2003-01-19",21,"Korçës",1.35
"2003-01-19",22,"Pogradecit",1.37
"2003-01-19",23,"Has",1.11
"2003-01-19",24,"Kukësit",0.11
"2003-01-19",25,"Tropojës",0.48
"2003-01-19",26,"Kurbinit",6.48
"2003-01-19",27,"Lezhës",6.23
"2003-01-19",28,"Mirditës",3.12
"2003-01-19",29,"Shkodrës",5.32
"2003-01-19",30,"Malësi e Madhe",3.35
"2003-01-19",31,"Pukës",2.24
"2003-01-19",32,"Shkodrës",4.31
"2003-01-19",33,"Kavajës",9.36
"2003-01-19",34,"Tiranës",5.94
"2003-01-19",35,"Delvinës",7.55
"2003-01-19",36,"Sarandës",8.74
"2003-01-19",37,"Vlorës",8.77
"2003-01-20",1,"Beratit",1.96
"2003-01-20",2,"Kuçovës",2.01
"2003-01-20",3,"Skraparit",0.67
"2003-01-20",4,"Bulqizës",-1.2
"2003-01-20",5,"Dibrës",-2.79
"2003-01-20",6,"Matit",-1.42
"2003-01-20",7,"Durrësit",8.62
"2003-01-20",8,"Krujës",2.68
"2003-01-20",9,"Elbasanit",1.94
"2003-01-20",10,"Gramshit",1.17
"2003-01-20",11,"Librazhdit",0.63
"2003-01-20",12,"Peqinit",3.79
"2003-01-20",13,"Fierit",4.25
"2003-01-20",14,"Lushnjës",4.89
"2003-01-20",15,"Mallakastrës",2.6
"2003-01-20",16,"Gjirokastrës",4.01
"2003-01-20",17,"Përmetit",1.5
"2003-01-20",18,"Tepelenës",2.69
"2003-01-20",19,"Devollit",-0.06
"2003-01-20",20,"Kolonjës",0.01
"2003-01-20",21,"Korçës",-0.18
"2003-01-20",22,"Pogradecit",0.25
"2003-01-20",23,"Has",-0.16
"2003-01-20",24,"Kukësit",-2.27
"2003-01-20",25,"Tropojës",-2.37
"2003-01-20",26,"Kurbinit",3.33
"2003-01-20",27,"Lezhës",3.36
"2003-01-20",28,"Mirditës",-0.97
"2003-01-20",29,"Shkodrës",2.05
"2003-01-20",30,"Malësi e Madhe",0.39
"2003-01-20",31,"Pukës",-1.78
"2003-01-20",32,"Shkodrës",1.05
"2003-01-20",33,"Kavajës",6.44
"2003-01-20",34,"Tiranës",2.09
"2003-01-20",35,"Delvinës",6.37
"2003-01-20",36,"Sarandës",7.6
"2003-01-20",37,"Vlorës",5.4
"2003-01-21",1,"Beratit",5.05
"2003-01-21",2,"Kuçovës",5.02
"2003-01-21",3,"Skraparit",3.86
"2003-01-21",4,"Bulqizës",-1.68
"2003-01-21",5,"Dibrës",-4.74
"2003-01-21",6,"Matit",-1.88
"2003-01-21",7,"Durrësit",9.71
"2003-01-21",8,"Krujës",3.9
"2003-01-21",9,"Elbasanit",3.61
"2003-01-21",10,"Gramshit",3.68
"2003-01-21",11,"Librazhdit",2.07
"2003-01-21",12,"Peqinit",6.12
"2003-01-21",13,"Fierit",7.09
"2003-01-21",14,"Lushnjës",6.96
"2003-01-21",15,"Mallakastrës",6.01
"2003-01-21",16,"Gjirokastrës",5.71
"2003-01-21",17,"Përmetit",4.46
"2003-01-21",18,"Tepelenës",5.64
"2003-01-21",19,"Devollit",2.39
"2003-01-21",20,"Kolonjës",3.18
"2003-01-21",21,"Korçës",2.96
"2003-01-21",22,"Pogradecit",3.08
"2003-01-21",23,"Has",-4.73
"2003-01-21",24,"Kukësit",-5.19
"2003-01-21",25,"Tropojës",-3.49
"2003-01-21",26,"Kurbinit",3.92
"2003-01-21",27,"Lezhës",3.77
"2003-01-21",28,"Mirditës",-2.05
"2003-01-21",29,"Shkodrës",2.74
"2003-01-21",30,"Malësi e Madhe",2.08
"2003-01-21",31,"Pukës",-2.68
"2003-01-21",32,"Shkodrës",1.7
"2003-01-21",33,"Kavajës",7.72
"2003-01-21",34,"Tiranës",3.34
"2003-01-21",35,"Delvinës",7.72
"2003-01-21",36,"Sarandës",7.61
"2003-01-21",37,"Vlorës",8.05
"2003-01-22",1,"Beratit",6.26
"2003-01-22",2,"Kuçovës",6.17
"2003-01-22",3,"Skraparit",3.94
"2003-01-22",4,"Bulqizës",0.04
"2003-01-22",5,"Dibrës",-1.44
"2003-01-22",6,"Matit",1.05
"2003-01-22",7,"Durrësit",11.28
"2003-01-22",8,"Krujës",6.95
"2003-01-22",9,"Elbasanit",4.1
"2003-01-22",10,"Gramshit",3.52
"2003-01-22",11,"Librazhdit",2.06
"2003-01-22",12,"Peqinit",7.64
"2003-01-22",13,"Fierit",9.19
"2003-01-22",14,"Lushnjës",8.7
"2003-01-22",15,"Mallakastrës",7.77
"2003-01-22",16,"Gjirokastrës",5.99
"2003-01-22",17,"Përmetit",3.91
"2003-01-22",18,"Tepelenës",6.54
"2003-01-22",19,"Devollit",0.83
"2003-01-22",20,"Kolonjës",1.97
"2003-01-22",21,"Korçës",1.4
"2003-01-22",22,"Pogradecit",1.91
"2003-01-22",23,"Has",1.16
"2003-01-22",24,"Kukësit",-0.61
"2003-01-22",25,"Tropojës",1.14
"2003-01-22",26,"Kurbinit",6.81
"2003-01-22",27,"Lezhës",6.43
"2003-01-22",28,"Mirditës",1.58
"2003-01-22",29,"Shkodrës",5.38
"2003-01-22",30,"Malësi e Madhe",3.71
"2003-01-22",31,"Pukës",1.61
"2003-01-22",32,"Shkodrës",4.53
"2003-01-22",33,"Kavajës",9.48
"2003-01-22",34,"Tiranës",5.57
"2003-01-22",35,"Delvinës",7.85
"2003-01-22",36,"Sarandës",9.2
"2003-01-22",37,"Vlorës",9.59
"2003-01-23",1,"Beratit",5.58
"2003-01-23",2,"Kuçovës",5.87
"2003-01-23",3,"Skraparit",3.19
"2003-01-23",4,"Bulqizës",1.28
"2003-01-23",5,"Dibrës",0.31
"2003-01-23",6,"Matit",2.48
"2003-01-23",7,"Durrësit",10.14
"2003-01-23",8,"Krujës",6.57
"2003-01-23",9,"Elbasanit",4.38
"2003-01-23",10,"Gramshit",3.27
"2003-01-23",11,"Librazhdit",2.12
"2003-01-23",12,"Peqinit",7.41
"2003-01-23",13,"Fierit",8.64
"2003-01-23",14,"Lushnjës",8.27
"2003-01-23",15,"Mallakastrës",6.32
"2003-01-23",16,"Gjirokastrës",4.36
"2003-01-23",17,"Përmetit",3.02
"2003-01-23",18,"Tepelenës",4.46
"2003-01-23",19,"Devollit",1.78
"2003-01-23",20,"Kolonjës",1.94
"2003-01-23",21,"Korçës",1.3
"2003-01-23",22,"Pogradecit",1.24
"2003-01-23",23,"Has",1.99
"2003-01-23",24,"Kukësit",0.93
"2003-01-23",25,"Tropojës",1.61
"2003-01-23",26,"Kurbinit",6.94
"2003-01-23",27,"Lezhës",6.9
"2003-01-23",28,"Mirditës",3.25
"2003-01-23",29,"Shkodrës",5.93
"2003-01-23",30,"Malësi e Madhe",4.15
"2003-01-23",31,"Pukës",2.72
"2003-01-23",32,"Shkodrës",4.94
"2003-01-23",33,"Kavajës",8.75
"2003-01-23",34,"Tiranës",5.38
"2003-01-23",35,"Delvinës",6.34
"2003-01-23",36,"Sarandës",7.16
"2003-01-23",37,"Vlorës",7.9
"2003-01-24",1,"Beratit",5.68
"2003-01-24",2,"Kuçovës",5.78
"2003-01-24",3,"Skraparit",2.83
"2003-01-24",4,"Bulqizës",-0.57
"2003-01-24",5,"Dibrës",-1.16
"2003-01-24",6,"Matit",0.66
"2003-01-24",7,"Durrësit",11.23
"2003-01-24",8,"Krujës",5.72
"2003-01-24",9,"Elbasanit",4.46
"2003-01-24",10,"Gramshit",3.11
"2003-01-24",11,"Librazhdit",1.65
"2003-01-24",12,"Peqinit",7.98
"2003-01-24",13,"Fierit",8.89
"2003-01-24",14,"Lushnjës",8.98
"2003-01-24",15,"Mallakastrës",7.02
"2003-01-24",16,"Gjirokastrës",5.55
"2003-01-24",17,"Përmetit",2.94
"2003-01-24",18,"Tepelenës",5.76
"2003-01-24",19,"Devollit",1.4
"2003-01-24",20,"Kolonjës",0.86
"2003-01-24",21,"Korçës",0.76
"2003-01-24",22,"Pogradecit",1.29
"2003-01-24",23,"Has",2.73
"2003-01-24",24,"Kukësit",-0.25
"2003-01-24",25,"Tropojës",1.65
"2003-01-24",26,"Kurbinit",6.13
"2003-01-24",27,"Lezhës",6.05
"2003-01-24",28,"Mirditës",1.75
"2003-01-24",29,"Shkodrës",4.86
"2003-01-24",30,"Malësi e Madhe",2.92
"2003-01-24",31,"Pukës",1.86
"2003-01-24",32,"Shkodrës",3.87
"2003-01-24",33,"Kavajës",9.79
"2003-01-24",34,"Tiranës",5.24
"2003-01-24",35,"Delvinës",7.92
"2003-01-24",36,"Sarandës",8.8
"2003-01-24",37,"Vlorës",8.95
"2003-01-25",1,"Beratit",7.16
"2003-01-25",2,"Kuçovës",7.47
"2003-01-25",3,"Skraparit",4.62
"2003-01-25",4,"Bulqizës",2.07
"2003-01-25",5,"Dibrës",1.3
"2003-01-25",6,"Matit",3.97
"2003-01-25",7,"Durrësit",10.45
"2003-01-25",8,"Krujës",7.68
"2003-01-25",9,"Elbasanit",6.35
"2003-01-25",10,"Gramshit",5.02
"2003-01-25",11,"Librazhdit",3.41
"2003-01-25",12,"Peqinit",9.3
"2003-01-25",13,"Fierit",9.5
"2003-01-25",14,"Lushnjës",9.83
"2003-01-25",15,"Mallakastrës",7.5
"2003-01-25",16,"Gjirokastrës",6.04
"2003-01-25",17,"Përmetit",4.23
"2003-01-25",18,"Tepelenës",6.26
"2003-01-25",19,"Devollit",2.35
"2003-01-25",20,"Kolonjës",2.63
"2003-01-25",21,"Korçës",2.57
"2003-01-25",22,"Pogradecit",2.58
"2003-01-25",23,"Has",1.75
"2003-01-25",24,"Kukësit",0.43
"2003-01-25",25,"Tropojës",0.56
"2003-01-25",26,"Kurbinit",8.01
"2003-01-25",27,"Lezhës",7.93
"2003-01-25",28,"Mirditës",4.16
"2003-01-25",29,"Shkodrës",7.2
"2003-01-25",30,"Malësi e Madhe",3.69
"2003-01-25",31,"Pukës",2.79
"2003-01-25",32,"Shkodrës",5.48
"2003-01-25",33,"Kavajës",10.11
"2003-01-25",34,"Tiranës",7.21
"2003-01-25",35,"Delvinës",7.85
"2003-01-25",36,"Sarandës",8.66
"2003-01-25",37,"Vlorës",8.69
"2003-01-26",1,"Beratit",6.29
"2003-01-26",2,"Kuçovës",6.84
"2003-01-26",3,"Skraparit",2.84
"2003-01-26",4,"Bulqizës",1.02
"2003-01-26",5,"Dibrës",0.62
"2003-01-26",6,"Matit",2.76
"2003-01-26",7,"Durrësit",9.45
"2003-01-26",8,"Krujës",6.18
"2003-01-26",9,"Elbasanit",5.79
"2003-01-26",10,"Gramshit",3.92
"2003-01-26",11,"Librazhdit",2.48
"2003-01-26",12,"Peqinit",9.17
"2003-01-26",13,"Fierit",9.06
"2003-01-26",14,"Lushnjës",9.61
"2003-01-26",15,"Mallakastrës",6.49
"2003-01-26",16,"Gjirokastrës",3.7
"2003-01-26",17,"Përmetit",1.97
"2003-01-26",18,"Tepelenës",4.41
"2003-01-26",19,"Devollit",0.57
"2003-01-26",20,"Kolonjës",0.57
"2003-01-26",21,"Korçës",0.98
"2003-01-26",22,"Pogradecit",1.43
"2003-01-26",23,"Has",1.58
"2003-01-26",24,"Kukësit",0.39
"2003-01-26",25,"Tropojës",0.7
"2003-01-26",26,"Kurbinit",6.43
"2003-01-26",27,"Lezhës",6.31
"2003-01-26",28,"Mirditës",3.1
"2003-01-26",29,"Shkodrës",5.56
"2003-01-26",30,"Malësi e Madhe",3.29
"2003-01-26",31,"Pukës",2.25
"2003-01-26",32,"Shkodrës",4.45
"2003-01-26",33,"Kavajës",9.46
"2003-01-26",34,"Tiranës",6.14
"2003-01-26",35,"Delvinës",6.12
"2003-01-26",36,"Sarandës",7.01
"2003-01-26",37,"Vlorës",7.48
"2003-01-27",1,"Beratit",4.13
"2003-01-27",2,"Kuçovës",4.48
"2003-01-27",3,"Skraparit",1.85
"2003-01-27",4,"Bulqizës",0.17
"2003-01-27",5,"Dibrës",-0.51
"2003-01-27",6,"Matit",1.6
"2003-01-27",7,"Durrësit",8.85
"2003-01-27",8,"Krujës",4.43
"2003-01-27",9,"Elbasanit",4.18
"2003-01-27",10,"Gramshit",2.53
"2003-01-27",11,"Librazhdit",1.72
"2003-01-27",12,"Peqinit",6.83
"2003-01-27",13,"Fierit",8.12
"2003-01-27",14,"Lushnjës",7.98
"2003-01-27",15,"Mallakastrës",4.98
"2003-01-27",16,"Gjirokastrës",3.67
"2003-01-27",17,"Përmetit",2.07
"2003-01-27",18,"Tepelenës",3.24
"2003-01-27",19,"Devollit",-0.01
"2003-01-27",20,"Kolonjës",0.92
"2003-01-27",21,"Korçës",0.77
"2003-01-27",22,"Pogradecit",0.98
"2003-01-27",23,"Has",0.32
"2003-01-27",24,"Kukësit",-1.27
"2003-01-27",25,"Tropojës",-1.33
"2003-01-27",26,"Kurbinit",5.4
"2003-01-27",27,"Lezhës",5.85
"2003-01-27",28,"Mirditës",2.14
"2003-01-27",29,"Shkodrës",5.02
"2003-01-27",30,"Malësi e Madhe",1.82
"2003-01-27",31,"Pukës",0.87
"2003-01-27",32,"Shkodrës",3.31
"2003-01-27",33,"Kavajës",8.44
"2003-01-27",34,"Tiranës",4.55
"2003-01-27",35,"Delvinës",6.11
"2003-01-27",36,"Sarandës",7.85
"2003-01-27",37,"Vlorës",6.73
"2003-01-28",1,"Beratit",0.42
"2003-01-28",2,"Kuçovës",0.79
"2003-01-28",3,"Skraparit",-2.3
"2003-01-28",4,"Bulqizës",-9.28
"2003-01-28",5,"Dibrës",-9.54
"2003-01-28",6,"Matit",-6.4
"2003-01-28",7,"Durrësit",6.3
"2003-01-28",8,"Krujës",0.84
"2003-01-28",9,"Elbasanit",0.06
"2003-01-28",10,"Gramshit",-1.47
"2003-01-28",11,"Librazhdit",-3.56
"2003-01-28",12,"Peqinit",3.23
"2003-01-28",13,"Fierit",4.73
"2003-01-28",14,"Lushnjës",4.4
"2003-01-28",15,"Mallakastrës",1.38
"2003-01-28",16,"Gjirokastrës",-0.59
"2003-01-28",17,"Përmetit",-2.41
"2003-01-28",18,"Tepelenës",-0.68
"2003-01-28",19,"Devollit",-4.33
"2003-01-28",20,"Kolonjës",-4.35
"2003-01-28",21,"Korçës",-4.11
"2003-01-28",22,"Pogradecit",-3.56
"2003-01-28",23,"Has",-3.51
"2003-01-28",24,"Kukësit",-7.82
"2003-01-28",25,"Tropojës",-5.59
"2003-01-28",26,"Kurbinit",1.46
"2003-01-28",27,"Lezhës",1.83
"2003-01-28",28,"Mirditës",-3.97
"2003-01-28",29,"Shkodrës",1.29
"2003-01-28",30,"Malësi e Madhe",-1.6
"2003-01-28",31,"Pukës",-3.92
"2003-01-28",32,"Shkodrës",-0.62
"2003-01-28",33,"Kavajës",5.2
"2003-01-28",34,"Tiranës",0.33
"2003-01-28",35,"Delvinës",2.49
"2003-01-28",36,"Sarandës",4.11
"2003-01-28",37,"Vlorës",4.01
"2003-01-29",1,"Beratit",-1.18
"2003-01-29",2,"Kuçovës",-1.21
"2003-01-29",3,"Skraparit",-2.53
"2003-01-29",4,"Bulqizës",-4.84
"2003-01-29",5,"Dibrës",-6.32
"2003-01-29",6,"Matit",-4.12
"2003-01-29",7,"Durrësit",7.85
"2003-01-29",8,"Krujës",1.12
"2003-01-29",9,"Elbasanit",-1.88
"2003-01-29",10,"Gramshit",-2.53
"2003-01-29",11,"Librazhdit",-2.8
"2003-01-29",12,"Peqinit",1.42
"2003-01-29",13,"Fierit",3.41
"2003-01-29",14,"Lushnjës",3
"2003-01-29",15,"Mallakastrës",0.78
"2003-01-29",16,"Gjirokastrës",1.73
"2003-01-29",17,"Përmetit",-0.52
"2003-01-29",18,"Tepelenës",0.05
"2003-01-29",19,"Devollit",-5.37
"2003-01-29",20,"Kolonjës",-3.27
"2003-01-29",21,"Korçës",-3.4
"2003-01-29",22,"Pogradecit",-2.18
"2003-01-29",23,"Has",-4.51
"2003-01-29",24,"Kukësit",-6.18
"2003-01-29",25,"Tropojës",-4.81
"2003-01-29",26,"Kurbinit",1.66
"2003-01-29",27,"Lezhës",2.25
"2003-01-29",28,"Mirditës",-3.75
"2003-01-29",29,"Shkodrës",1.3
"2003-01-29",30,"Malësi e Madhe",-0.04
"2003-01-29",31,"Pukës",-3.5
"2003-01-29",32,"Shkodrës",0.13
"2003-01-29",33,"Kavajës",4.84
"2003-01-29",34,"Tiranës",-0.3
"2003-01-29",35,"Delvinës",4.62
"2003-01-29",36,"Sarandës",4.41
"2003-01-29",37,"Vlorës",3.74
"2003-01-30",1,"Beratit",5.95
"2003-01-30",2,"Kuçovës",6.24
"2003-01-30",3,"Skraparit",2.84
"2003-01-30",4,"Bulqizës",-0.37
"2003-01-30",5,"Dibrës",-0.79
"2003-01-30",6,"Matit",2.61
"2003-01-30",7,"Durrësit",10.63
"2003-01-30",8,"Krujës",6.69
"2003-01-30",9,"Elbasanit",4.79
"2003-01-30",10,"Gramshit",3.17
"2003-01-30",11,"Librazhdit",1.12
"2003-01-30",12,"Peqinit",8.51
"2003-01-30",13,"Fierit",10.54
"2003-01-30",14,"Lushnjës",9.8
"2003-01-30",15,"Mallakastrës",7.14
"2003-01-30",16,"Gjirokastrës",4.96
"2003-01-30",17,"Përmetit",2.81
"2003-01-30",18,"Tepelenës",4.92
"2003-01-30",19,"Devollit",1.54
"2003-01-30",20,"Kolonjës",1.79
"2003-01-30",21,"Korçës",1.15
"2003-01-30",22,"Pogradecit",0.62
"2003-01-30",23,"Has",2.3
"2003-01-30",24,"Kukësit",0.47
"2003-01-30",25,"Tropojës",0.77
"2003-01-30",26,"Kurbinit",7.28
"2003-01-30",27,"Lezhës",7.21
"2003-01-30",28,"Mirditës",3.85
"2003-01-30",29,"Shkodrës",6.16
"2003-01-30",30,"Malësi e Madhe",3.37
"2003-01-30",31,"Pukës",2.92
"2003-01-30",32,"Shkodrës",4.86
"2003-01-30",33,"Kavajës",10.17
"2003-01-30",34,"Tiranës",5.94
"2003-01-30",35,"Delvinës",7.58
"2003-01-30",36,"Sarandës",9.23
"2003-01-30",37,"Vlorës",9.28
"2003-01-31",1,"Beratit",4.22
"2003-01-31",2,"Kuçovës",4.47
"2003-01-31",3,"Skraparit",1.19
"2003-01-31",4,"Bulqizës",-1.39
"2003-01-31",5,"Dibrës",-2.08
"2003-01-31",6,"Matit",0.88
"2003-01-31",7,"Durrësit",9.13
"2003-01-31",8,"Krujës",5.61
"2003-01-31",9,"Elbasanit",3.18
"2003-01-31",10,"Gramshit",1.46
"2003-01-31",11,"Librazhdit",-0.14
"2003-01-31",12,"Peqinit",6.74
"2003-01-31",13,"Fierit",7.72
"2003-01-31",14,"Lushnjës",7.5
"2003-01-31",15,"Mallakastrës",5.31
"2003-01-31",16,"Gjirokastrës",3.46
"2003-01-31",17,"Përmetit",1.37
"2003-01-31",18,"Tepelenës",3.47
"2003-01-31",19,"Devollit",0.29
"2003-01-31",20,"Kolonjës",0.19
"2003-01-31",21,"Korçës",-0.37
"2003-01-31",22,"Pogradecit",-0.63
"2003-01-31",23,"Has",0.31
"2003-01-31",24,"Kukësit",-1.3
"2003-01-31",25,"Tropojës",-1.54
"2003-01-31",26,"Kurbinit",5.87
"2003-01-31",27,"Lezhës",5.57
"2003-01-31",28,"Mirditës",1.52
"2003-01-31",29,"Shkodrës",4.34
"2003-01-31",30,"Malësi e Madhe",1.51
"2003-01-31",31,"Pukës",0.43
"2003-01-31",32,"Shkodrës",2.89
"2003-01-31",33,"Kavajës",7.94
"2003-01-31",34,"Tiranës",4.46
"2003-01-31",35,"Delvinës",5.44
"2003-01-31",36,"Sarandës",6.63
"2003-01-31",37,"Vlorës",6.77
"2003-02-01",1,"Beratit",2.78
"2003-02-01",2,"Kuçovës",2.91
"2003-02-01",3,"Skraparit",-0.54
"2003-02-01",4,"Bulqizës",-2.92
"2003-02-01",5,"Dibrës",-3.23
"2003-02-01",6,"Matit",-1.1
"2003-02-01",7,"Durrësit",8.44
"2003-02-01",8,"Krujës",3.17
"2003-02-01",9,"Elbasanit",0.94
"2003-02-01",10,"Gramshit",-0.71
"2003-02-01",11,"Librazhdit",-2.37
"2003-02-01",12,"Peqinit",5.09
"2003-02-01",13,"Fierit",6.75
"2003-02-01",14,"Lushnjës",6.35
"2003-02-01",15,"Mallakastrës",4.34
"2003-02-01",16,"Gjirokastrës",2.6
"2003-02-01",17,"Përmetit",-0.1
"2003-02-01",18,"Tepelenës",2.41
"2003-02-01",19,"Devollit",-1.57
"2003-02-01",20,"Kolonjës",-1.69
"2003-02-01",21,"Korçës",-2.62
"2003-02-01",22,"Pogradecit",-2.93
"2003-02-01",23,"Has",0.27
"2003-02-01",24,"Kukësit",-2.53
"2003-02-01",25,"Tropojës",-2.51
"2003-02-01",26,"Kurbinit",3.54
"2003-02-01",27,"Lezhës",3.48
"2003-02-01",28,"Mirditës",-0.42
"2003-02-01",29,"Shkodrës",2.22
"2003-02-01",30,"Malësi e Madhe",-0.13
"2003-02-01",31,"Pukës",-1.16
"2003-02-01",32,"Shkodrës",0.88
"2003-02-01",33,"Kavajës",6.94
"2003-02-01",34,"Tiranës",2.21
"2003-02-01",35,"Delvinës",4.92
"2003-02-01",36,"Sarandës",6.43
"2003-02-01",37,"Vlorës",6.14
"2003-02-02",1,"Beratit",2.22
"2003-02-02",2,"Kuçovës",2.62
"2003-02-02",3,"Skraparit",-0.33
"2003-02-02",4,"Bulqizës",-3.11
"2003-02-02",5,"Dibrës",-4.18
"2003-02-02",6,"Matit",-0.7
"2003-02-02",7,"Durrësit",7.07
"2003-02-02",8,"Krujës",3.64
"2003-02-02",9,"Elbasanit",1.86
"2003-02-02",10,"Gramshit",0.3
"2003-02-02",11,"Librazhdit",-1.32
"2003-02-02",12,"Peqinit",5
"2003-02-02",13,"Fierit",5.66
"2003-02-02",14,"Lushnjës",5.89
"2003-02-02",15,"Mallakastrës",2.6
"2003-02-02",16,"Gjirokastrës",1.11
"2003-02-02",17,"Përmetit",-0.69
"2003-02-02",18,"Tepelenës",1.04
"2003-02-02",19,"Devollit",-1.93
"2003-02-02",20,"Kolonjës",-1.6
"2003-02-02",21,"Korçës",-1.93
"2003-02-02",22,"Pogradecit",-2.08
"2003-02-02",23,"Has",-2.97
"2003-02-02",24,"Kukësit",-4.64
"2003-02-02",25,"Tropojës",-4.75
"2003-02-02",26,"Kurbinit",4.04
"2003-02-02",27,"Lezhës",3.88
"2003-02-02",28,"Mirditës",-0.34
"2003-02-02",29,"Shkodrës",2.8
"2003-02-02",30,"Malësi e Madhe",-1.75
"2003-02-02",31,"Pukës",-1.68
"2003-02-02",32,"Shkodrës",0.71
"2003-02-02",33,"Kavajës",6.57
"2003-02-02",34,"Tiranës",3
"2003-02-02",35,"Delvinës",3.95
"2003-02-02",36,"Sarandës",4.95
"2003-02-02",37,"Vlorës",4.59
"2003-02-03",1,"Beratit",1.62
"2003-02-03",2,"Kuçovës",1.79
"2003-02-03",3,"Skraparit",-1.09
"2003-02-03",4,"Bulqizës",-4.95
"2003-02-03",5,"Dibrës",-7
"2003-02-03",6,"Matit",-2.72
"2003-02-03",7,"Durrësit",5.91
"2003-02-03",8,"Krujës",2.37
"2003-02-03",9,"Elbasanit",0.73
"2003-02-03",10,"Gramshit",-0.97
"2003-02-03",11,"Librazhdit",-2.89
"2003-02-03",12,"Peqinit",3.61
"2003-02-03",13,"Fierit",4.75
"2003-02-03",14,"Lushnjës",4.55
"2003-02-03",15,"Mallakastrës",2.31
"2003-02-03",16,"Gjirokastrës",0.66
"2003-02-03",17,"Përmetit",-1.47
"2003-02-03",18,"Tepelenës",1.18
"2003-02-03",19,"Devollit",-5.05
"2003-02-03",20,"Kolonjës",-4.04
"2003-02-03",21,"Korçës",-4.56
"2003-02-03",22,"Pogradecit",-4.22
"2003-02-03",23,"Has",-5.42
"2003-02-03",24,"Kukësit",-8.28
"2003-02-03",25,"Tropojës",-8.98
"2003-02-03",26,"Kurbinit",2.31
"2003-02-03",27,"Lezhës",1.31
"2003-02-03",28,"Mirditës",-3.14
"2003-02-03",29,"Shkodrës",-0.58
"2003-02-03",30,"Malësi e Madhe",-5.9
"2003-02-03",31,"Pukës",-5.28
"2003-02-03",32,"Shkodrës",-3.42
"2003-02-03",33,"Kavajës",5.36
"2003-02-03",34,"Tiranës",1.79
"2003-02-03",35,"Delvinës",2.88
"2003-02-03",36,"Sarandës",2.8
"2003-02-03",37,"Vlorës",3.98
"2003-02-04",1,"Beratit",0.41
"2003-02-04",2,"Kuçovës",0.82
"2003-02-04",3,"Skraparit",-3.02
"2003-02-04",4,"Bulqizës",-7.77
"2003-02-04",5,"Dibrës",-10
"2003-02-04",6,"Matit",-4.98
"2003-02-04",7,"Durrësit",6.64
"2003-02-04",8,"Krujës",1.92
"2003-02-04",9,"Elbasanit",-0.24
"2003-02-04",10,"Gramshit",-2.42
"2003-02-04",11,"Librazhdit",-4.73
"2003-02-04",12,"Peqinit",3.69
"2003-02-04",13,"Fierit",4.97
"2003-02-04",14,"Lushnjës",4.62
"2003-02-04",15,"Mallakastrës",1.74
"2003-02-04",16,"Gjirokastrës",0.44
"2003-02-04",17,"Përmetit",-2.38
"2003-02-04",18,"Tepelenës",-0.55
"2003-02-04",19,"Devollit",-5.93
"2003-02-04",20,"Kolonjës",-4.69
"2003-02-04",21,"Korçës",-4.98
"2003-02-04",22,"Pogradecit",-5.07
"2003-02-04",23,"Has",-4.25
"2003-02-04",24,"Kukësit",-8.56
"2003-02-04",25,"Tropojës",-7.47
"2003-02-04",26,"Kurbinit",2.28
"2003-02-04",27,"Lezhës",1.86
"2003-02-04",28,"Mirditës",-4.11
"2003-02-04",29,"Shkodrës",-0.1
"2003-02-04",30,"Malësi e Madhe",-4.54
"2003-02-04",31,"Pukës",-5.32
"2003-02-04",32,"Shkodrës",-2.57
"2003-02-04",33,"Kavajës",5.19
"2003-02-04",34,"Tiranës",0.83
"2003-02-04",35,"Delvinës",3.56
"2003-02-04",36,"Sarandës",4.71
"2003-02-04",37,"Vlorës",3.55
"2003-02-05",1,"Beratit",7.56
"2003-02-05",2,"Kuçovës",7.73
"2003-02-05",3,"Skraparit",3.99
"2003-02-05",4,"Bulqizës",2.07
"2003-02-05",5,"Dibrës",1.56
"2003-02-05",6,"Matit",4.74
"2003-02-05",7,"Durrësit",11.54
"2003-02-05",8,"Krujës",9.25
"2003-02-05",9,"Elbasanit",6.93
"2003-02-05",10,"Gramshit",5.02
"2003-02-05",11,"Librazhdit",3.59
"2003-02-05",12,"Peqinit",10.21
"2003-02-05",13,"Fierit",11.89
"2003-02-05",14,"Lushnjës",11.18
"2003-02-05",15,"Mallakastrës",9.26
"2003-02-05",16,"Gjirokastrës",6.17
"2003-02-05",17,"Përmetit",3.81
"2003-02-05",18,"Tepelenës",6.71
"2003-02-05",19,"Devollit",2.54
"2003-02-05",20,"Kolonjës",2.93
"2003-02-05",21,"Korçës",2.67
"2003-02-05",22,"Pogradecit",2.83
"2003-02-05",23,"Has",3.05
"2003-02-05",24,"Kukësit",1.93
"2003-02-05",25,"Tropojës",1.38
"2003-02-05",26,"Kurbinit",9.72
"2003-02-05",27,"Lezhës",9.66
"2003-02-05",28,"Mirditës",5.57
"2003-02-05",29,"Shkodrës",8.81
"2003-02-05",30,"Malësi e Madhe",4.34
"2003-02-05",31,"Pukës",4.24
"2003-02-05",32,"Shkodrës",6.6
"2003-02-05",33,"Kavajës",11.22
"2003-02-05",34,"Tiranës",8.14
"2003-02-05",35,"Delvinës",8.14
"2003-02-05",36,"Sarandës",10.48
"2003-02-05",37,"Vlorës",10.74
"2003-02-06",1,"Beratit",1.29
"2003-02-06",2,"Kuçovës",1.9
"2003-02-06",3,"Skraparit",-2.28
"2003-02-06",4,"Bulqizës",-3.54
"2003-02-06",5,"Dibrës",-4.4
"2003-02-06",6,"Matit",-1.49
"2003-02-06",7,"Durrësit",6.05
"2003-02-06",8,"Krujës",2.45
"2003-02-06",9,"Elbasanit",0.1
"2003-02-06",10,"Gramshit",-1.5
"2003-02-06",11,"Librazhdit",-2.97
"2003-02-06",12,"Peqinit",4.68
"2003-02-06",13,"Fierit",5.8
"2003-02-06",14,"Lushnjës",5.7
"2003-02-06",15,"Mallakastrës",2.07
"2003-02-06",16,"Gjirokastrës",-0.75
"2003-02-06",17,"Përmetit",-2.25
"2003-02-06",18,"Tepelenës",-0.8
"2003-02-06",19,"Devollit",-5.38
"2003-02-06",20,"Kolonjës",-3.66
"2003-02-06",21,"Korçës",-4.63
"2003-02-06",22,"Pogradecit",-3.53
"2003-02-06",23,"Has",-0.75
"2003-02-06",24,"Kukësit",-2.44
"2003-02-06",25,"Tropojës",-2.84
"2003-02-06",26,"Kurbinit",3.07
"2003-02-06",27,"Lezhës",2.95
"2003-02-06",28,"Mirditës",-0.43
"2003-02-06",29,"Shkodrës",1.49
"2003-02-06",30,"Malësi e Madhe",-0.65
"2003-02-06",31,"Pukës",-1.23
"2003-02-06",32,"Shkodrës",0.67
"2003-02-06",33,"Kavajës",5.66
"2003-02-06",34,"Tiranës",1.32
"2003-02-06",35,"Delvinës",1.54
"2003-02-06",36,"Sarandës",4.16
"2003-02-06",37,"Vlorës",3.28
"2003-02-07",1,"Beratit",-6.22
"2003-02-07",2,"Kuçovës",-5.83
"2003-02-07",3,"Skraparit",-12.34
"2003-02-07",4,"Bulqizës",-9.22
"2003-02-07",5,"Dibrës",-8.75
"2003-02-07",6,"Matit",-6.9
"2003-02-07",7,"Durrësit",5.1
"2003-02-07",8,"Krujës",-1.25
"2003-02-07",9,"Elbasanit",-6.51
"2003-02-07",10,"Gramshit",-9.1
"2003-02-07",11,"Librazhdit",-9.27
"2003-02-07",12,"Peqinit",-0.63
"2003-02-07",13,"Fierit",2.46
"2003-02-07",14,"Lushnjës",1.79
"2003-02-07",15,"Mallakastrës",-3.23
"2003-02-07",16,"Gjirokastrës",-9.3
"2003-02-07",17,"Përmetit",-13.51
"2003-02-07",18,"Tepelenës",-8.17
"2003-02-07",19,"Devollit",-8.6
"2003-02-07",20,"Kolonjës",-12.85
"2003-02-07",21,"Korçës",-10.24
"2003-02-07",22,"Pogradecit",-8.48
"2003-02-07",23,"Has",-2.51
"2003-02-07",24,"Kukësit",-6.68
"2003-02-07",25,"Tropojës",-6.66
"2003-02-07",26,"Kurbinit",-0.07
"2003-02-07",27,"Lezhës",0.2
"2003-02-07",28,"Mirditës",-5.26
"2003-02-07",29,"Shkodrës",-1.49
"2003-02-07",30,"Malësi e Madhe",-3.77
"2003-02-07",31,"Pukës",-6.22
"2003-02-07",32,"Shkodrës",-2.95
"2003-02-07",33,"Kavajës",3.3
"2003-02-07",34,"Tiranës",-3.76
"2003-02-07",35,"Delvinës",-3.88
"2003-02-07",36,"Sarandës",1.03
"2003-02-07",37,"Vlorës",0.5
"2003-02-08",1,"Beratit",-3.84
"2003-02-08",2,"Kuçovës",-3.69
"2003-02-08",3,"Skraparit",-8.33
"2003-02-08",4,"Bulqizës",-15.29
"2003-02-08",5,"Dibrës",-13.74
"2003-02-08",6,"Matit",-12.71
"2003-02-08",7,"Durrësit",2.18
"2003-02-08",8,"Krujës",-7.3
"2003-02-08",9,"Elbasanit",-9.84
"2003-02-08",10,"Gramshit",-9.04
"2003-02-08",11,"Librazhdit",-14.52
"2003-02-08",12,"Peqinit",-1.63
"2003-02-08",13,"Fierit",1.15
"2003-02-08",14,"Lushnjës",0.35
"2003-02-08",15,"Mallakastrës",-1.98
"2003-02-08",16,"Gjirokastrës",-6.19
"2003-02-08",17,"Përmetit",-9.55
"2003-02-08",18,"Tepelenës",-4.87
"2003-02-08",19,"Devollit",-10.47
"2003-02-08",20,"Kolonjës",-11.18
"2003-02-08",21,"Korçës",-11.25
"2003-02-08",22,"Pogradecit",-11.7
"2003-02-08",23,"Has",-6.04
"2003-02-08",24,"Kukësit",-11.28
"2003-02-08",25,"Tropojës",-9.75
"2003-02-08",26,"Kurbinit",-4.02
"2003-02-08",27,"Lezhës",-1.3
"2003-02-08",28,"Mirditës",-8.55
"2003-02-08",29,"Shkodrës",-1.63
"2003-02-08",30,"Malësi e Madhe",-7
"2003-02-08",31,"Pukës",-8.04
"2003-02-08",32,"Shkodrës",-4.96
"2003-02-08",33,"Kavajës",0.8
"2003-02-08",34,"Tiranës",-8.44
"2003-02-08",35,"Delvinës",-2.16
"2003-02-08",36,"Sarandës",0.83
"2003-02-08",37,"Vlorës",0.6
"2003-02-09",1,"Beratit",-3.7
"2003-02-09",2,"Kuçovës",-3.58
"2003-02-09",3,"Skraparit",-7.63
"2003-02-09",4,"Bulqizës",-14.08
"2003-02-09",5,"Dibrës",-17.37
"2003-02-09",6,"Matit",-12.16
"2003-02-09",7,"Durrësit",3.88
"2003-02-09",8,"Krujës",-2.67
"2003-02-09",9,"Elbasanit",-7.06
"2003-02-09",10,"Gramshit",-6.94
"2003-02-09",11,"Librazhdit",-9.91
"2003-02-09",12,"Peqinit",-1.06
"2003-02-09",13,"Fierit",1.18
"2003-02-09",14,"Lushnjës",0.36
"2003-02-09",15,"Mallakastrës",-1.56
"2003-02-09",16,"Gjirokastrës",-6.41
"2003-02-09",17,"Përmetit",-9.13
"2003-02-09",18,"Tepelenës",-4.72
"2003-02-09",19,"Devollit",-8.19
"2003-02-09",20,"Kolonjës",-10.4
"2003-02-09",21,"Korçës",-8.74
"2003-02-09",22,"Pogradecit",-7.72
"2003-02-09",23,"Has",-6.36
"2003-02-09",24,"Kukësit",-14.8
"2003-02-09",25,"Tropojës",-10.41
"2003-02-09",26,"Kurbinit",-1.67
"2003-02-09",27,"Lezhës",-1.78
"2003-02-09",28,"Mirditës",-10.1
"2003-02-09",29,"Shkodrës",-4.17
"2003-02-09",30,"Malësi e Madhe",-7.19
"2003-02-09",31,"Pukës",-10.56
"2003-02-09",32,"Shkodrës",-6.38
"2003-02-09",33,"Kavajës",1.31
"2003-02-09",34,"Tiranës",-5.23
"2003-02-09",35,"Delvinës",-2.48
"2003-02-09",36,"Sarandës",0.17
"2003-02-09",37,"Vlorës",0.89
"2003-02-10",1,"Beratit",-3.86
"2003-02-10",2,"Kuçovës",-3.87
"2003-02-10",3,"Skraparit",-8
"2003-02-10",4,"Bulqizës",-16.1
"2003-02-10",5,"Dibrës",-15.55
"2003-02-10",6,"Matit",-12.26
"2003-02-10",7,"Durrësit",4.22
"2003-02-10",8,"Krujës",-3.24
"2003-02-10",9,"Elbasanit",-6.29
"2003-02-10",10,"Gramshit",-8.61
"2003-02-10",11,"Librazhdit",-12.29
"2003-02-10",12,"Peqinit",-1.16
"2003-02-10",13,"Fierit",0.68
"2003-02-10",14,"Lushnjës",0.07
"2003-02-10",15,"Mallakastrës",-1.54
"2003-02-10",16,"Gjirokastrës",-4.54
"2003-02-10",17,"Përmetit",-8.04
"2003-02-10",18,"Tepelenës",-3.67
"2003-02-10",19,"Devollit",-8.63
"2003-02-10",20,"Kolonjës",-9.88
"2003-02-10",21,"Korçës",-11.63
"2003-02-10",22,"Pogradecit",-12.48
"2003-02-10",23,"Has",-6.77
"2003-02-10",24,"Kukësit",-11.58
"2003-02-10",25,"Tropojës",-10.05
"2003-02-10",26,"Kurbinit",-1.95
"2003-02-10",27,"Lezhës",-1.17
"2003-02-10",28,"Mirditës",-9.09
"2003-02-10",29,"Shkodrës",-2.33
"2003-02-10",30,"Malësi e Madhe",-7.67
"2003-02-10",31,"Pukës",-8.52
"2003-02-10",32,"Shkodrës",-5.6
"2003-02-10",33,"Kavajës",1.53
"2003-02-10",34,"Tiranës",-4.73
"2003-02-10",35,"Delvinës",-0.22
"2003-02-10",36,"Sarandës",1.14
"2003-02-10",37,"Vlorës",1.98
"2003-02-11",1,"Beratit",-0.55
"2003-02-11",2,"Kuçovës",-0.62
"2003-02-11",3,"Skraparit",-3.3
"2003-02-11",4,"Bulqizës",-10.49
"2003-02-11",5,"Dibrës",-12.3
"2003-02-11",6,"Matit",-8.44
"2003-02-11",7,"Durrësit",4.46
"2003-02-11",8,"Krujës",-1.8
"2003-02-11",9,"Elbasanit",-2.5
"2003-02-11",10,"Gramshit",-4.03
"2003-02-11",11,"Librazhdit",-7.27
"2003-02-11",12,"Peqinit",0.85
"2003-02-11",13,"Fierit",2.68
"2003-02-11",14,"Lushnjës",2.07
"2003-02-11",15,"Mallakastrës",1.07
"2003-02-11",16,"Gjirokastrës",-1.53
"2003-02-11",17,"Përmetit",-3.54
"2003-02-11",18,"Tepelenës",-0.65
"2003-02-11",19,"Devollit",-5.37
"2003-02-11",20,"Kolonjës",-5.35
"2003-02-11",21,"Korçës",-6.72
"2003-02-11",22,"Pogradecit",-7.97
"2003-02-11",23,"Has",-5.66
"2003-02-11",24,"Kukësit",-10.14
"2003-02-11",25,"Tropojës",-8.2
"2003-02-11",26,"Kurbinit",-0.88
"2003-02-11",27,"Lezhës",-0.39
"2003-02-11",28,"Mirditës",-6.48
"2003-02-11",29,"Shkodrës",-1.27
"2003-02-11",30,"Malësi e Madhe",-4.99
"2003-02-11",31,"Pukës",-6.65
"2003-02-11",32,"Shkodrës",-3.71
"2003-02-11",33,"Kavajës",2.92
"2003-02-11",34,"Tiranës",-2.1
"2003-02-11",35,"Delvinës",0.69
"2003-02-11",36,"Sarandës",1.81
"2003-02-11",37,"Vlorës",2.79
"2003-02-12",1,"Beratit",2.15
"2003-02-12",2,"Kuçovës",2.4
"2003-02-12",3,"Skraparit",-1.29
"2003-02-12",4,"Bulqizës",-5.5
"2003-02-12",5,"Dibrës",-6.62
"2003-02-12",6,"Matit",-2.71
"2003-02-12",7,"Durrësit",6.47
"2003-02-12",8,"Krujës",2.06
"2003-02-12",9,"Elbasanit",0.97
"2003-02-12",10,"Gramshit",-1.05
"2003-02-12",11,"Librazhdit",-3.41
"2003-02-12",12,"Peqinit",4.46
"2003-02-12",13,"Fierit",5.42
"2003-02-12",14,"Lushnjës",5.26
"2003-02-12",15,"Mallakastrës",3.21
"2003-02-12",16,"Gjirokastrës",-1.43
"2003-02-12",17,"Përmetit",-2.56
"2003-02-12",18,"Tepelenës",0.63
"2003-02-12",19,"Devollit",-3.39
"2003-02-12",20,"Kolonjës",-3.85
"2003-02-12",21,"Korçës",-3.97
"2003-02-12",22,"Pogradecit",-4.47
"2003-02-12",23,"Has",-2.42
"2003-02-12",24,"Kukësit",-5.76
"2003-02-12",25,"Tropojës",-5.06
"2003-02-12",26,"Kurbinit",2.65
"2003-02-12",27,"Lezhës",2.59
"2003-02-12",28,"Mirditës",-1.75
"2003-02-12",29,"Shkodrës",1.34
"2003-02-12",30,"Malësi e Madhe",-2.41
"2003-02-12",31,"Pukës",-2.6
"2003-02-12",32,"Shkodrës",-0.68
"2003-02-12",33,"Kavajës",5.62
"2003-02-12",34,"Tiranës",1.68
"2003-02-12",35,"Delvinës",1.05
"2003-02-12",36,"Sarandës",3.21
"2003-02-12",37,"Vlorës",4.56
"2003-02-13",1,"Beratit",-1.27
"2003-02-13",2,"Kuçovës",-1
"2003-02-13",3,"Skraparit",-4.11
"2003-02-13",4,"Bulqizës",-8.4
"2003-02-13",5,"Dibrës",-10.2
"2003-02-13",6,"Matit",-6.57
"2003-02-13",7,"Durrësit",4.55
"2003-02-13",8,"Krujës",-1.48
"2003-02-13",9,"Elbasanit",-1.7
"2003-02-13",10,"Gramshit",-3.85
"2003-02-13",11,"Librazhdit",-5.6
"2003-02-13",12,"Peqinit",1.35
"2003-02-13",13,"Fierit",2.83
"2003-02-13",14,"Lushnjës",2.57
"2003-02-13",15,"Mallakastrës",-0.06
"2003-02-13",16,"Gjirokastrës",-2.8
"2003-02-13",17,"Përmetit",-4.21
"2003-02-13",18,"Tepelenës",-2.24
"2003-02-13",19,"Devollit",-4.72
"2003-02-13",20,"Kolonjës",-6.2
"2003-02-13",21,"Korçës",-6.26
"2003-02-13",22,"Pogradecit",-6.55
"2003-02-13",23,"Has",-6.61
"2003-02-13",24,"Kukësit",-10.34
"2003-02-13",25,"Tropojës",-9.36
"2003-02-13",26,"Kurbinit",-0.67
"2003-02-13",27,"Lezhës",-0.59
"2003-02-13",28,"Mirditës",-5.72
"2003-02-13",29,"Shkodrës",-1.95
"2003-02-13",30,"Malësi e Madhe",-6
"2003-02-13",31,"Pukës",-6.81
"2003-02-13",32,"Shkodrës",-4.3
"2003-02-13",33,"Kavajës",3.52
"2003-02-13",34,"Tiranës",-1.32
"2003-02-13",35,"Delvinës",-0.02
"2003-02-13",36,"Sarandës",1.48
"2003-02-13",37,"Vlorës",2.28
"2003-02-14",1,"Beratit",-0.76
"2003-02-14",2,"Kuçovës",-0.56
"2003-02-14",3,"Skraparit",-3.53
"2003-02-14",4,"Bulqizës",-7.77
"2003-02-14",5,"Dibrës",-10.12
"2003-02-14",6,"Matit",-6.75
"2003-02-14",7,"Durrësit",4.36
"2003-02-14",8,"Krujës",-1.12
"2003-02-14",9,"Elbasanit",-1.76
"2003-02-14",10,"Gramshit",-3.31
"2003-02-14",11,"Librazhdit",-4.69
"2003-02-14",12,"Peqinit",1.63
"2003-02-14",13,"Fierit",3.21
"2003-02-14",14,"Lushnjës",2.68
"2003-02-14",15,"Mallakastrës",0.76
"2003-02-14",16,"Gjirokastrës",-0.94
"2003-02-14",17,"Përmetit",-3.12
"2003-02-14",18,"Tepelenës",-1.11
"2003-02-14",19,"Devollit",-5.26
"2003-02-14",20,"Kolonjës",-5.39
"2003-02-14",21,"Korçës",-5.46
"2003-02-14",22,"Pogradecit",-5.32
"2003-02-14",23,"Has",-6.22
"2003-02-14",24,"Kukësit",-10.16
"2003-02-14",25,"Tropojës",-8.95
"2003-02-14",26,"Kurbinit",-0.48
"2003-02-14",27,"Lezhës",-0.53
"2003-02-14",28,"Mirditës",-5.73
"2003-02-14",29,"Shkodrës",-1.77
"2003-02-14",30,"Malësi e Madhe",-5.53
"2003-02-14",31,"Pukës",-6.53
"2003-02-14",32,"Shkodrës",-3.95
"2003-02-14",33,"Kavajës",3.29
"2003-02-14",34,"Tiranës",-1.36
"2003-02-14",35,"Delvinës",1.87
"2003-02-14",36,"Sarandës",2.93
"2003-02-14",37,"Vlorës",3.03
"2003-02-15",1,"Beratit",-2.01
"2003-02-15",2,"Kuçovës",-2.08
"2003-02-15",3,"Skraparit",-4.07
"2003-02-15",4,"Bulqizës",-9.74
"2003-02-15",5,"Dibrës",-12.31
"2003-02-15",6,"Matit",-8.86
"2003-02-15",7,"Durrësit",5.06
"2003-02-15",8,"Krujës",-2.27
"2003-02-15",9,"Elbasanit",-3.43
"2003-02-15",10,"Gramshit",-4.42
"2003-02-15",11,"Librazhdit",-5.64
"2003-02-15",12,"Peqinit",0.22
"2003-02-15",13,"Fierit",3.29
"2003-02-15",14,"Lushnjës",2.53
"2003-02-15",15,"Mallakastrës",-0.14
"2003-02-15",16,"Gjirokastrës",-0.12
"2003-02-15",17,"Përmetit",-2.7
"2003-02-15",18,"Tepelenës",-0.86
"2003-02-15",19,"Devollit",-4.36
"2003-02-15",20,"Kolonjës",-4.52
"2003-02-15",21,"Korçës",-5.1
"2003-02-15",22,"Pogradecit",-5.17
"2003-02-15",23,"Has",-7.4
"2003-02-15",24,"Kukësit",-11.3
"2003-02-15",25,"Tropojës",-10.28
"2003-02-15",26,"Kurbinit",-1.35
"2003-02-15",27,"Lezhës",-0.9
"2003-02-15",28,"Mirditës",-7.71
"2003-02-15",29,"Shkodrës",-1.9
"2003-02-15",30,"Malësi e Madhe",-6.39
"2003-02-15",31,"Pukës",-8.12
"2003-02-15",32,"Shkodrës",-4.63
"2003-02-15",33,"Kavajës",3.69
"2003-02-15",34,"Tiranës",-2.86
"2003-02-15",35,"Delvinës",2.83
"2003-02-15",36,"Sarandës",3.18
"2003-02-15",37,"Vlorës",3.11
"2003-02-16",1,"Beratit",-0.26
"2003-02-16",2,"Kuçovës",-0.48
"2003-02-16",3,"Skraparit",-2.87
"2003-02-16",4,"Bulqizës",-6.97
"2003-02-16",5,"Dibrës",-10.06
"2003-02-16",6,"Matit",-6.93
"2003-02-16",7,"Durrësit",5.9
"2003-02-16",8,"Krujës",-0.34
"2003-02-16",9,"Elbasanit",-1.22
"2003-02-16",10,"Gramshit",-2.65
"2003-02-16",11,"Librazhdit",-3.11
"2003-02-16",12,"Peqinit",1.86
"2003-02-16",13,"Fierit",4.24
"2003-02-16",14,"Lushnjës",3.24
"2003-02-16",15,"Mallakastrës",2.16
"2003-02-16",16,"Gjirokastrës",2.04
"2003-02-16",17,"Përmetit",-1.56
"2003-02-16",18,"Tepelenës",1.69
"2003-02-16",19,"Devollit",-2.74
"2003-02-16",20,"Kolonjës",-3.9
"2003-02-16",21,"Korçës",-3.8
"2003-02-16",22,"Pogradecit",-3.25
"2003-02-16",23,"Has",-4.55
"2003-02-16",24,"Kukësit",-8.03
"2003-02-16",25,"Tropojës",-7.03
"2003-02-16",26,"Kurbinit",0.66
"2003-02-16",27,"Lezhës",1.36
"2003-02-16",28,"Mirditës",-5.23
"2003-02-16",29,"Shkodrës",0.62
"2003-02-16",30,"Malësi e Madhe",-3.48
"2003-02-16",31,"Pukës",-5.22
"2003-02-16",32,"Shkodrës",-1.7
"2003-02-16",33,"Kavajës",4.05
"2003-02-16",34,"Tiranës",-0.93
"2003-02-16",35,"Delvinës",4.98
"2003-02-16",36,"Sarandës",5.04
"2003-02-16",37,"Vlorës",5.19
"2003-02-17",1,"Beratit",3.03
"2003-02-17",2,"Kuçovës",3.43
"2003-02-17",3,"Skraparit",-0.21
"2003-02-17",4,"Bulqizës",-5.41
"2003-02-17",5,"Dibrës",-7.94
"2003-02-17",6,"Matit",-3.81
"2003-02-17",7,"Durrësit",6.07
"2003-02-17",8,"Krujës",1.24
"2003-02-17",9,"Elbasanit",1.82
"2003-02-17",10,"Gramshit",0.12
"2003-02-17",11,"Librazhdit",-1.92
"2003-02-17",12,"Peqinit",5.38
"2003-02-17",13,"Fierit",6.21
"2003-02-17",14,"Lushnjës",6.1
"2003-02-17",15,"Mallakastrës",3.71
"2003-02-17",16,"Gjirokastrës",1.75
"2003-02-17",17,"Përmetit",-0.36
"2003-02-17",18,"Tepelenës",1.82
"2003-02-17",19,"Devollit",-2.83
"2003-02-17",20,"Kolonjës",-2.33
"2003-02-17",21,"Korçës",-2.9
"2003-02-17",22,"Pogradecit",-2.9
"2003-02-17",23,"Has",-3.35
"2003-02-17",24,"Kukësit",-7.92
"2003-02-17",25,"Tropojës",-6.35
"2003-02-17",26,"Kurbinit",1.82
"2003-02-17",27,"Lezhës",1.89
"2003-02-17",28,"Mirditës",-3.14
"2003-02-17",29,"Shkodrës",0.81
"2003-02-17",30,"Malësi e Madhe",-3.34
"2003-02-17",31,"Pukës",-3.69
"2003-02-17",32,"Shkodrës",-1.46
"2003-02-17",33,"Kavajës",5.94
"2003-02-17",34,"Tiranës",1.57
"2003-02-17",35,"Delvinës",3.67
"2003-02-17",36,"Sarandës",4.76
"2003-02-17",37,"Vlorës",4.98
"2003-02-18",1,"Beratit",0.82
"2003-02-18",2,"Kuçovës",1.2
"2003-02-18",3,"Skraparit",-1.77
"2003-02-18",4,"Bulqizës",-5.88
"2003-02-18",5,"Dibrës",-8.52
"2003-02-18",6,"Matit",-4.39
"2003-02-18",7,"Durrësit",4.7
"2003-02-18",8,"Krujës",0.45
"2003-02-18",9,"Elbasanit",0.4
"2003-02-18",10,"Gramshit",-1.29
"2003-02-18",11,"Librazhdit",-2.8
"2003-02-18",12,"Peqinit",3.16
"2003-02-18",13,"Fierit",3.95
"2003-02-18",14,"Lushnjës",4
"2003-02-18",15,"Mallakastrës",1.09
"2003-02-18",16,"Gjirokastrës",0.01
"2003-02-18",17,"Përmetit",-1.99
"2003-02-18",18,"Tepelenës",-0.14
"2003-02-18",19,"Devollit",-4.44
"2003-02-18",20,"Kolonjës",-4.06
"2003-02-18",21,"Korçës",-4.19
"2003-02-18",22,"Pogradecit",-4
"2003-02-18",23,"Has",-5.07
"2003-02-18",24,"Kukësit",-8.97
"2003-02-18",25,"Tropojës",-7.81
"2003-02-18",26,"Kurbinit",0.97
"2003-02-18",27,"Lezhës",0.83
"2003-02-18",28,"Mirditës",-4.12
"2003-02-18",29,"Shkodrës",-0.34
"2003-02-18",30,"Malësi e Madhe",-4.7
"2003-02-18",31,"Pukës",-5.28
"2003-02-18",32,"Shkodrës",-2.68
"2003-02-18",33,"Kavajës",4.44
"2003-02-18",34,"Tiranës",0.49
"2003-02-18",35,"Delvinës",1.98
"2003-02-18",36,"Sarandës",3.02
"2003-02-18",37,"Vlorës",2.57
"2003-02-19",1,"Beratit",0.04
"2003-02-19",2,"Kuçovës",0.31
"2003-02-19",3,"Skraparit",-3.2
"2003-02-19",4,"Bulqizës",-7.74
"2003-02-19",5,"Dibrës",-9.34
"2003-02-19",6,"Matit",-5.43
"2003-02-19",7,"Durrësit",3.46
"2003-02-19",8,"Krujës",-0.38
"2003-02-19",9,"Elbasanit",-1.28
"2003-02-19",10,"Gramshit",-3.06
"2003-02-19",11,"Librazhdit",-5.21
"2003-02-19",12,"Peqinit",2.3
"2003-02-19",13,"Fierit",2.88
"2003-02-19",14,"Lushnjës",2.92
"2003-02-19",15,"Mallakastrës",0.98
"2003-02-19",16,"Gjirokastrës",-0.6
"2003-02-19",17,"Përmetit",-3.05
"2003-02-19",18,"Tepelenës",-0.56
"2003-02-19",19,"Devollit",-6.81
"2003-02-19",20,"Kolonjës",-5.52
"2003-02-19",21,"Korçës",-6.42
"2003-02-19",22,"Pogradecit",-6.5
"2003-02-19",23,"Has",-6.08
"2003-02-19",24,"Kukësit",-9.49
"2003-02-19",25,"Tropojës",-8.71
"2003-02-19",26,"Kurbinit",0.04
"2003-02-19",27,"Lezhës",-0.14
"2003-02-19",28,"Mirditës",-4.98
"2003-02-19",29,"Shkodrës",-1.35
"2003-02-19",30,"Malësi e Madhe",-5.64
"2003-02-19",31,"Pukës",-6.12
"2003-02-19",32,"Shkodrës",-3.52
"2003-02-19",33,"Kavajës",3.04
"2003-02-19",34,"Tiranës",-0.78
"2003-02-19",35,"Delvinës",1.56
"2003-02-19",36,"Sarandës",2.81
"2003-02-19",37,"Vlorës",2.43
"2003-02-20",1,"Beratit",-0.56
"2003-02-20",2,"Kuçovës",-0.74
"2003-02-20",3,"Skraparit",-2.81
"2003-02-20",4,"Bulqizës",-10.12
"2003-02-20",5,"Dibrës",-12.51
"2003-02-20",6,"Matit",-8.63
"2003-02-20",7,"Durrësit",3.98
"2003-02-20",8,"Krujës",-1.41
"2003-02-20",9,"Elbasanit",-2
"2003-02-20",10,"Gramshit",-3.17
"2003-02-20",11,"Librazhdit",-5.15
"2003-02-20",12,"Peqinit",1.16
"2003-02-20",13,"Fierit",3.26
"2003-02-20",14,"Lushnjës",2.36
"2003-02-20",15,"Mallakastrës",1.43
"2003-02-20",16,"Gjirokastrës",1.64
"2003-02-20",17,"Përmetit",-1.57
"2003-02-20",18,"Tepelenës",0.92
"2003-02-20",19,"Devollit",-6.37
"2003-02-20",20,"Kolonjës",-4.42
"2003-02-20",21,"Korçës",-5.27
"2003-02-20",22,"Pogradecit",-5.21
"2003-02-20",23,"Has",-5.4
"2003-02-20",24,"Kukësit",-10.65
"2003-02-20",25,"Tropojës",-9.08
"2003-02-20",26,"Kurbinit",-0.63
"2003-02-20",27,"Lezhës",-0.32
"2003-02-20",28,"Mirditës",-7.1
"2003-02-20",29,"Shkodrës",-1.1
"2003-02-20",30,"Malësi e Madhe",-6.58
"2003-02-20",31,"Pukës",-7.27
"2003-02-20",32,"Shkodrës",-4.38
"2003-02-20",33,"Kavajës",3.04
"2003-02-20",34,"Tiranës",-1.71
"2003-02-20",35,"Delvinës",3.89
"2003-02-20",36,"Sarandës",4.45
"2003-02-20",37,"Vlorës",3.45
"2003-02-21",1,"Beratit",-2.12
"2003-02-21",2,"Kuçovës",-1.97
"2003-02-21",3,"Skraparit",-4.79
"2003-02-21",4,"Bulqizës",-9.36
"2003-02-21",5,"Dibrës",-12.38
"2003-02-21",6,"Matit",-8.85
"2003-02-21",7,"Durrësit",4.93
"2003-02-21",8,"Krujës",-1.64
"2003-02-21",9,"Elbasanit",-2.69
"2003-02-21",10,"Gramshit",-4.6
"2003-02-21",11,"Librazhdit",-5.58
"2003-02-21",12,"Peqinit",0.8
"2003-02-21",13,"Fierit",2.33
"2003-02-21",14,"Lushnjës",2.08
"2003-02-21",15,"Mallakastrës",-0.43
"2003-02-21",16,"Gjirokastrës",-1.31
"2003-02-21",17,"Përmetit",-3.81
"2003-02-21",18,"Tepelenës",-1.86
"2003-02-21",19,"Devollit",-6.72
"2003-02-21",20,"Kolonjës",-6.67
"2003-02-21",21,"Korçës",-6.8
"2003-02-21",22,"Pogradecit",-6.38
"2003-02-21",23,"Has",-5.93
"2003-02-21",24,"Kukësit",-10.54
"2003-02-21",25,"Tropojës",-8.6
"2003-02-21",26,"Kurbinit",-0.64
"2003-02-21",27,"Lezhës",-0.02
"2003-02-21",28,"Mirditës",-7.18
"2003-02-21",29,"Shkodrës",-0.74
"2003-02-21",30,"Malësi e Madhe",-5.26
"2003-02-21",31,"Pukës",-7.03
"2003-02-21",32,"Shkodrës",-3.69
"2003-02-21",33,"Kavajës",3.22
"2003-02-21",34,"Tiranës",-2.09
"2003-02-21",35,"Delvinës",1.36
"2003-02-21",36,"Sarandës",2.66
"2003-02-21",37,"Vlorës",1.94
"2003-02-22",1,"Beratit",-2
"2003-02-22",2,"Kuçovës",-2.17
"2003-02-22",3,"Skraparit",-4.63
"2003-02-22",4,"Bulqizës",-10.18
"2003-02-22",5,"Dibrës",-12.9
"2003-02-22",6,"Matit",-9.55
"2003-02-22",7,"Durrësit",5.95
"2003-02-22",8,"Krujës",-1.4
"2003-02-22",9,"Elbasanit",-2.97
"2003-02-22",10,"Gramshit",-4.6
"2003-02-22",11,"Librazhdit",-5.53
"2003-02-22",12,"Peqinit",0.49
"2003-02-22",13,"Fierit",2.04
"2003-02-22",14,"Lushnjës",1.81
"2003-02-22",15,"Mallakastrës",0.07
"2003-02-22",16,"Gjirokastrës",-0.24
"2003-02-22",17,"Përmetit",-3.69
"2003-02-22",18,"Tepelenës",-0.26
"2003-02-22",19,"Devollit",-6.22
"2003-02-22",20,"Kolonjës",-6.69
"2003-02-22",21,"Korçës",-6.63
"2003-02-22",22,"Pogradecit",-6.01
"2003-02-22",23,"Has",-4.73
"2003-02-22",24,"Kukësit",-9.49
"2003-02-22",25,"Tropojës",-7.14
"2003-02-22",26,"Kurbinit",-0.29
"2003-02-22",27,"Lezhës",0.29
"2003-02-22",28,"Mirditës",-7.24
"2003-02-22",29,"Shkodrës",-0.7
"2003-02-22",30,"Malësi e Madhe",-5.13
"2003-02-22",31,"Pukës",-6.71
"2003-02-22",32,"Shkodrës",-3.59
"2003-02-22",33,"Kavajës",3.44
"2003-02-22",34,"Tiranës",-2.23
"2003-02-22",35,"Delvinës",2.86
"2003-02-22",36,"Sarandës",2.36
"2003-02-22",37,"Vlorës",3.33
"2003-02-23",1,"Beratit",0.61
"2003-02-23",2,"Kuçovës",0.76
"2003-02-23",3,"Skraparit",-2.2
"2003-02-23",4,"Bulqizës",-8.37
"2003-02-23",5,"Dibrës",-11.84
"2003-02-23",6,"Matit",-8.12
"2003-02-23",7,"Durrësit",5.58
"2003-02-23",8,"Krujës",-0.93
"2003-02-23",9,"Elbasanit",-1.22
"2003-02-23",10,"Gramshit",-2.5
"2003-02-23",11,"Librazhdit",-4.44
"2003-02-23",12,"Peqinit",2.64
"2003-02-23",13,"Fierit",4.49
"2003-02-23",14,"Lushnjës",3.91
"2003-02-23",15,"Mallakastrës",2.1
"2003-02-23",16,"Gjirokastrës",-0.11
"2003-02-23",17,"Përmetit",-1.91
"2003-02-23",18,"Tepelenës",0.14
"2003-02-23",19,"Devollit",-4.75
"2003-02-23",20,"Kolonjës",-4.09
"2003-02-23",21,"Korçës",-4.78
"2003-02-23",22,"Pogradecit",-4.76
"2003-02-23",23,"Has",-4.59
"2003-02-23",24,"Kukësit",-9.99
"2003-02-23",25,"Tropojës",-7.98
"2003-02-23",26,"Kurbinit",-0.03
"2003-02-23",27,"Lezhës",0.42
"2003-02-23",28,"Mirditës",-6.95
"2003-02-23",29,"Shkodrës",-0.57
"2003-02-23",30,"Malësi e Madhe",-5.41
"2003-02-23",31,"Pukës",-7.06
"2003-02-23",32,"Shkodrës",-3.51
"2003-02-23",33,"Kavajës",4.31
"2003-02-23",34,"Tiranës",-1.23
"2003-02-23",35,"Delvinës",2.39
"2003-02-23",36,"Sarandës",3.63
"2003-02-23",37,"Vlorës",3.78
"2003-02-24",1,"Beratit",-2.23
"2003-02-24",2,"Kuçovës",-2.49
"2003-02-24",3,"Skraparit",-4.88
"2003-02-24",4,"Bulqizës",-9.91
"2003-02-24",5,"Dibrës",-13.89
"2003-02-24",6,"Matit",-10.02
"2003-02-24",7,"Durrësit",5.47
"2003-02-24",8,"Krujës",-1.83
"2003-02-24",9,"Elbasanit",-2.95
"2003-02-24",10,"Gramshit",-4.72
"2003-02-24",11,"Librazhdit",-5.39
"2003-02-24",12,"Peqinit",0.43
"2003-02-24",13,"Fierit",2.51
"2003-02-24",14,"Lushnjës",1.92
"2003-02-24",15,"Mallakastrës",0.39
"2003-02-24",16,"Gjirokastrës",0.72
"2003-02-24",17,"Përmetit",-3.06
"2003-02-24",18,"Tepelenës",-0.07
"2003-02-24",19,"Devollit",-6.86
"2003-02-24",20,"Kolonjës",-5.97
"2003-02-24",21,"Korçës",-6.5
"2003-02-24",22,"Pogradecit",-5.84
"2003-02-24",23,"Has",-4.98
"2003-02-24",24,"Kukësit",-11.45
"2003-02-24",25,"Tropojës",-8.68
"2003-02-24",26,"Kurbinit",-0.82
"2003-02-24",27,"Lezhës",-0.23
"2003-02-24",28,"Mirditës",-8.39
"2003-02-24",29,"Shkodrës",-1.3
"2003-02-24",30,"Malësi e Madhe",-5.72
"2003-02-24",31,"Pukës",-7.83
"2003-02-24",32,"Shkodrës",-4.05
"2003-02-24",33,"Kavajës",3.39
"2003-02-24",34,"Tiranës",-2.42
"2003-02-24",35,"Delvinës",3.54
"2003-02-24",36,"Sarandës",4.02
"2003-02-24",37,"Vlorës",3.37
"2003-02-25",1,"Beratit",-1.5
"2003-02-25",2,"Kuçovës",-1.5
"2003-02-25",3,"Skraparit",-3.77
"2003-02-25",4,"Bulqizës",-7.53
"2003-02-25",5,"Dibrës",-11.58
"2003-02-25",6,"Matit",-7.61
"2003-02-25",7,"Durrësit",5.89
"2003-02-25",8,"Krujës",-0.54
"2003-02-25",9,"Elbasanit",-1.67
"2003-02-25",10,"Gramshit",-3.59
"2003-02-25",11,"Librazhdit",-4.13
"2003-02-25",12,"Peqinit",1.09
"2003-02-25",13,"Fierit",2.74
"2003-02-25",14,"Lushnjës",2.36
"2003-02-25",15,"Mallakastrës",0.35
"2003-02-25",16,"Gjirokastrës",-0.63
"2003-02-25",17,"Përmetit",-2.88
"2003-02-25",18,"Tepelenës",-0.79
"2003-02-25",19,"Devollit",-5.08
"2003-02-25",20,"Kolonjës",-5.17
"2003-02-25",21,"Korçës",-5.54
"2003-02-25",22,"Pogradecit",-5.3
"2003-02-25",23,"Has",-5.19
"2003-02-25",24,"Kukësit",-9.88
"2003-02-25",25,"Tropojës",-8.37
"2003-02-25",26,"Kurbinit",0.42
"2003-02-25",27,"Lezhës",0.85
"2003-02-25",28,"Mirditës",-6.2
"2003-02-25",29,"Shkodrës",-0.17
"2003-02-25",30,"Malësi e Madhe",-3.36
"2003-02-25",31,"Pukës",-6.55
"2003-02-25",32,"Shkodrës",-2
"2003-02-25",33,"Kavajës",3.87
"2003-02-25",34,"Tiranës",-1.08
"2003-02-25",35,"Delvinës",2.39
"2003-02-25",36,"Sarandës",3.39
"2003-02-25",37,"Vlorës",2.95
"2003-02-26",1,"Beratit",-4.47
"2003-02-26",2,"Kuçovës",-4.84
"2003-02-26",3,"Skraparit",-6.58
"2003-02-26",4,"Bulqizës",-9.85
"2003-02-26",5,"Dibrës",-13.61
"2003-02-26",6,"Matit",-10.57
"2003-02-26",7,"Durrësit",6.14
"2003-02-26",8,"Krujës",-2.92
"2003-02-26",9,"Elbasanit",-5.01
"2003-02-26",10,"Gramshit",-6.27
"2003-02-26",11,"Librazhdit",-5.93
"2003-02-26",12,"Peqinit",-1.9
"2003-02-26",13,"Fierit",-0.22
"2003-02-26",14,"Lushnjës",-0.25
"2003-02-26",15,"Mallakastrës",-1.93
"2003-02-26",16,"Gjirokastrës",-1.5
"2003-02-26",17,"Përmetit",-5.22
"2003-02-26",18,"Tepelenës",-1.91
"2003-02-26",19,"Devollit",-5.49
"2003-02-26",20,"Kolonjës",-7.25
"2003-02-26",21,"Korçës",-6.64
"2003-02-26",22,"Pogradecit",-5.63
"2003-02-26",23,"Has",-5.75
"2003-02-26",24,"Kukësit",-13.21
"2003-02-26",25,"Tropojës",-8.18
"2003-02-26",26,"Kurbinit",-1.88
"2003-02-26",27,"Lezhës",-1.31
"2003-02-26",28,"Mirditës",-9.53
"2003-02-26",29,"Shkodrës",-3.01
"2003-02-26",30,"Malësi e Madhe",-5.08
"2003-02-26",31,"Pukës",-8.37
"2003-02-26",32,"Shkodrës",-3.93
"2003-02-26",33,"Kavajës",2.43
"2003-02-26",34,"Tiranës",-4.05
"2003-02-26",35,"Delvinës",2.28
"2003-02-26",36,"Sarandës",1.63
"2003-02-26",37,"Vlorës",2.28
"2003-02-27",1,"Beratit",-2.85
"2003-02-27",2,"Kuçovës",-3.23
"2003-02-27",3,"Skraparit",-4.56
"2003-02-27",4,"Bulqizës",-6.07
"2003-02-27",5,"Dibrës",-8.93
"2003-02-27",6,"Matit",-7.13
"2003-02-27",7,"Durrësit",6.44
"2003-02-27",8,"Krujës",-1.21
"2003-02-27",9,"Elbasanit",-3.43
"2003-02-27",10,"Gramshit",-4.29
"2003-02-27",11,"Librazhdit",-3.68
"2003-02-27",12,"Peqinit",-0.73
"2003-02-27",13,"Fierit",1.03
"2003-02-27",14,"Lushnjës",0.72
"2003-02-27",15,"Mallakastrës",-0.5
"2003-02-27",16,"Gjirokastrës",0.41
"2003-02-27",17,"Përmetit",-3.13
"2003-02-27",18,"Tepelenës",-0.16
"2003-02-27",19,"Devollit",-3.68
"2003-02-27",20,"Kolonjës",-5.23
"2003-02-27",21,"Korçës",-4.28
"2003-02-27",22,"Pogradecit",-3.11
"2003-02-27",23,"Has",-6.14
"2003-02-27",24,"Kukësit",-9.65
"2003-02-27",25,"Tropojës",-6.96
"2003-02-27",26,"Kurbinit",-0.27
"2003-02-27",27,"Lezhës",0.1
"2003-02-27",28,"Mirditës",-6.53
"2003-02-27",29,"Shkodrës",-1.66
"2003-02-27",30,"Malësi e Madhe",-2.23
"2003-02-27",31,"Pukës",-6.4
"2003-02-27",32,"Shkodrës",-2.35
"2003-02-27",33,"Kavajës",2.96
"2003-02-27",34,"Tiranës",-2.37
"2003-02-27",35,"Delvinës",3.74
"2003-02-27",36,"Sarandës",2.84
"2003-02-27",37,"Vlorës",3.28
"2003-02-28",1,"Beratit",-2.55
"2003-02-28",2,"Kuçovës",-2.9
"2003-02-28",3,"Skraparit",-4.23
"2003-02-28",4,"Bulqizës",-5.79
"2003-02-28",5,"Dibrës",-8.53
"2003-02-28",6,"Matit",-7.15
"2003-02-28",7,"Durrësit",7.05
"2003-02-28",8,"Krujës",-1.16
"2003-02-28",9,"Elbasanit",-3.14
"2003-02-28",10,"Gramshit",-3.79
"2003-02-28",11,"Librazhdit",-3.33
"2003-02-28",12,"Peqinit",-0.53
"2003-02-28",13,"Fierit",1.27
"2003-02-28",14,"Lushnjës",1.08
"2003-02-28",15,"Mallakastrës",-0.32
"2003-02-28",16,"Gjirokastrës",0.36
"2003-02-28",17,"Përmetit",-3.18
"2003-02-28",18,"Tepelenës",-0.01
"2003-02-28",19,"Devollit",-3.54
"2003-02-28",20,"Kolonjës",-5.17
"2003-02-28",21,"Korçës",-3.88
"2003-02-28",22,"Pogradecit",-2.68
"2003-02-28",23,"Has",-5.43
"2003-02-28",24,"Kukësit",-8.06
"2003-02-28",25,"Tropojës",-7.08
"2003-02-28",26,"Kurbinit",-0.13
"2003-02-28",27,"Lezhës",0.21
"2003-02-28",28,"Mirditës",-5.87
"2003-02-28",29,"Shkodrës",-1.68
"2003-02-28",30,"Malësi e Madhe",-3.18
"2003-02-28",31,"Pukës",-5.46
"2003-02-28",32,"Shkodrës",-2.62
"2003-02-28",33,"Kavajës",3.41
"2003-02-28",34,"Tiranës",-2.34
"2003-02-28",35,"Delvinës",3.94
"2003-02-28",36,"Sarandës",3
"2003-02-28",37,"Vlorës",3.54
"2003-03-01",1,"Beratit",-1.95
"2003-03-01",2,"Kuçovës",-2.36
"2003-03-01",3,"Skraparit",-2.91
"2003-03-01",4,"Bulqizës",-4.94
"2003-03-01",5,"Dibrës",-7.39
"2003-03-01",6,"Matit",-5.61
"2003-03-01",7,"Durrësit",7.75
"2003-03-01",8,"Krujës",-0.43
"2003-03-01",9,"Elbasanit",-3.14
"2003-03-01",10,"Gramshit",-3.02
"2003-03-01",11,"Librazhdit",-3.09
"2003-03-01",12,"Peqinit",-0.54
"2003-03-01",13,"Fierit",1.36
"2003-03-01",14,"Lushnjës",1.33
"2003-03-01",15,"Mallakastrës",-0.23
"2003-03-01",16,"Gjirokastrës",0.63
"2003-03-01",17,"Përmetit",-2.2
"2003-03-01",18,"Tepelenës",0.59
"2003-03-01",19,"Devollit",-2.94
"2003-03-01",20,"Kolonjës",-3.88
"2003-03-01",21,"Korçës",-2.76
"2003-03-01",22,"Pogradecit",-1.95
"2003-03-01",23,"Has",-4.61
"2003-03-01",24,"Kukësit",-6.16
"2003-03-01",25,"Tropojës",-5.7
"2003-03-01",26,"Kurbinit",0.54
"2003-03-01",27,"Lezhës",1
"2003-03-01",28,"Mirditës",-4.68
"2003-03-01",29,"Shkodrës",-0.73
"2003-03-01",30,"Malësi e Madhe",-2.3
"2003-03-01",31,"Pukës",-4.07
"2003-03-01",32,"Shkodrës",-1.59
"2003-03-01",33,"Kavajës",3.99
"2003-03-01",34,"Tiranës",-1.91
"2003-03-01",35,"Delvinës",4.18
"2003-03-01",36,"Sarandës",3.16
"2003-03-01",37,"Vlorës",4.01
"2003-03-02",1,"Beratit",-1.52
"2003-03-02",2,"Kuçovës",-1.86
"2003-03-02",3,"Skraparit",-2.4
"2003-03-02",4,"Bulqizës",-4.08
"2003-03-02",5,"Dibrës",-6.47
"2003-03-02",6,"Matit",-5.23
"2003-03-02",7,"Durrësit",7.77
"2003-03-02",8,"Krujës",0.27
"2003-03-02",9,"Elbasanit",-2.09
"2003-03-02",10,"Gramshit",-2.3
"2003-03-02",11,"Librazhdit",-1.95
"2003-03-02",12,"Peqinit",0.04
"2003-03-02",13,"Fierit",2.8
"2003-03-02",14,"Lushnjës",2.14
"2003-03-02",15,"Mallakastrës",0.45
"2003-03-02",16,"Gjirokastrës",0.84
"2003-03-02",17,"Përmetit",-1.49
"2003-03-02",18,"Tepelenës",0.61
"2003-03-02",19,"Devollit",-0.79
"2003-03-02",20,"Kolonjës",-2.41
"2003-03-02",21,"Korçës",-1.46
"2003-03-02",22,"Pogradecit",-0.86
"2003-03-02",23,"Has",-2.8
"2003-03-02",24,"Kukësit",-4.28
"2003-03-02",25,"Tropojës",-4.08
"2003-03-02",26,"Kurbinit",1.11
"2003-03-02",27,"Lezhës",1.54
"2003-03-02",28,"Mirditës",-3.95
"2003-03-02",29,"Shkodrës",0.06
"2003-03-02",30,"Malësi e Madhe",-1.35
"2003-03-02",31,"Pukës",-3.03
"2003-03-02",32,"Shkodrës",-0.67
"2003-03-02",33,"Kavajës",4.49
"2003-03-02",34,"Tiranës",-1.17
"2003-03-02",35,"Delvinës",4.1
"2003-03-02",36,"Sarandës",4.28
"2003-03-02",37,"Vlorës",4.28
"2003-03-03",1,"Beratit",2.66
"2003-03-03",2,"Kuçovës",2.62
"2003-03-03",3,"Skraparit",1.42
"2003-03-03",4,"Bulqizës",-0.28
"2003-03-03",5,"Dibrës",-1.5
"2003-03-03",6,"Matit",-0.31
"2003-03-03",7,"Durrësit",8.92
"2003-03-03",8,"Krujës",3.79
"2003-03-03",9,"Elbasanit",1.87
"2003-03-03",10,"Gramshit",0.89
"2003-03-03",11,"Librazhdit",0.71
"2003-03-03",12,"Peqinit",4.43
"2003-03-03",13,"Fierit",6.46
"2003-03-03",14,"Lushnjës",5.92
"2003-03-03",15,"Mallakastrës",4.01
"2003-03-03",16,"Gjirokastrës",3.56
"2003-03-03",17,"Përmetit",2.39
"2003-03-03",18,"Tepelenës",3.33
"2003-03-03",19,"Devollit",0.03
"2003-03-03",20,"Kolonjës",1.05
"2003-03-03",21,"Korçës",0.47
"2003-03-03",22,"Pogradecit",0.24
"2003-03-03",23,"Has",-0.2
"2003-03-03",24,"Kukësit",-1.22
"2003-03-03",25,"Tropojës",-0.73
"2003-03-03",26,"Kurbinit",4.18
"2003-03-03",27,"Lezhës",4.52
"2003-03-03",28,"Mirditës",0.5
"2003-03-03",29,"Shkodrës",3.93
"2003-03-03",30,"Malësi e Madhe",2.57
"2003-03-03",31,"Pukës",0.85
"2003-03-03",32,"Shkodrës",3.12
"2003-03-03",33,"Kavajës",7.06
"2003-03-03",34,"Tiranës",2.95
"2003-03-03",35,"Delvinës",5.78
"2003-03-03",36,"Sarandës",6.06
"2003-03-03",37,"Vlorës",6.65
"2003-03-04",1,"Beratit",5.09
"2003-03-04",2,"Kuçovës",5.37
"2003-03-04",3,"Skraparit",2.64
"2003-03-04",4,"Bulqizës",1.77
"2003-03-04",5,"Dibrës",1.45
"2003-03-04",6,"Matit",3.03
"2003-03-04",7,"Durrësit",9.67
"2003-03-04",8,"Krujës",6.1
"2003-03-04",9,"Elbasanit",4.74
"2003-03-04",10,"Gramshit",3.42
"2003-03-04",11,"Librazhdit",2.67
"2003-03-04",12,"Peqinit",7.26
"2003-03-04",13,"Fierit",8.08
"2003-03-04",14,"Lushnjës",8.13
"2003-03-04",15,"Mallakastrës",5.77
"2003-03-04",16,"Gjirokastrës",3.68
"2003-03-04",17,"Përmetit",2.16
"2003-03-04",18,"Tepelenës",4.06
"2003-03-04",19,"Devollit",1.53
"2003-03-04",20,"Kolonjës",1.21
"2003-03-04",21,"Korçës",1.55
"2003-03-04",22,"Pogradecit",1.93
"2003-03-04",23,"Has",3.19
"2003-03-04",24,"Kukësit",1.84
"2003-03-04",25,"Tropojës",1.69
"2003-03-04",26,"Kurbinit",6.44
"2003-03-04",27,"Lezhës",6.21
"2003-03-04",28,"Mirditës",3.75
"2003-03-04",29,"Shkodrës",4.96
"2003-03-04",30,"Malësi e Madhe",3.26
"2003-03-04",31,"Pukës",3.17
"2003-03-04",32,"Shkodrës",4.03
"2003-03-04",33,"Kavajës",8.64
"2003-03-04",34,"Tiranës",5.48
"2003-03-04",35,"Delvinës",5.57
"2003-03-04",36,"Sarandës",6.38
"2003-03-04",37,"Vlorës",7.13
"2003-03-05",1,"Beratit",3.4
"2003-03-05",2,"Kuçovës",3.47
"2003-03-05",3,"Skraparit",0.58
"2003-03-05",4,"Bulqizës",-1.43
"2003-03-05",5,"Dibrës",-2.07
"2003-03-05",6,"Matit",0.84
"2003-03-05",7,"Durrësit",9.36
"2003-03-05",8,"Krujës",4.71
"2003-03-05",9,"Elbasanit",3.1
"2003-03-05",10,"Gramshit",1.13
"2003-03-05",11,"Librazhdit",0.09
"2003-03-05",12,"Peqinit",6.34
"2003-03-05",13,"Fierit",8.03
"2003-03-05",14,"Lushnjës",7.63
"2003-03-05",15,"Mallakastrës",5.31
"2003-03-05",16,"Gjirokastrës",2.54
"2003-03-05",17,"Përmetit",1.02
"2003-03-05",18,"Tepelenës",3.68
"2003-03-05",19,"Devollit",-0.26
"2003-03-05",20,"Kolonjës",-1
"2003-03-05",21,"Korçës",-0.58
"2003-03-05",22,"Pogradecit",-0.36
"2003-03-05",23,"Has",1.37
"2003-03-05",24,"Kukësit",-1.63
"2003-03-05",25,"Tropojës",-0.87
"2003-03-05",26,"Kurbinit",5.38
"2003-03-05",27,"Lezhës",5.69
"2003-03-05",28,"Mirditës",1.95
"2003-03-05",29,"Shkodrës",4.96
"2003-03-05",30,"Malësi e Madhe",2.37
"2003-03-05",31,"Pukës",1.15
"2003-03-05",32,"Shkodrës",3.46
"2003-03-05",33,"Kavajës",8.41
"2003-03-05",34,"Tiranës",4.21
"2003-03-05",35,"Delvinës",5.24
"2003-03-05",36,"Sarandës",6.33
"2003-03-05",37,"Vlorës",7.78
"2003-03-06",1,"Beratit",0.87
"2003-03-06",2,"Kuçovës",0.59
"2003-03-06",3,"Skraparit",-2.04
"2003-03-06",4,"Bulqizës",-2.63
"2003-03-06",5,"Dibrës",-4.79
"2003-03-06",6,"Matit",-2.21
"2003-03-06",7,"Durrësit",8.87
"2003-03-06",8,"Krujës",1.83
"2003-03-06",9,"Elbasanit",-0.04
"2003-03-06",10,"Gramshit",-1.62
"2003-03-06",11,"Librazhdit",-1.34
"2003-03-06",12,"Peqinit",3.59
"2003-03-06",13,"Fierit",5.92
"2003-03-06",14,"Lushnjës",5.52
"2003-03-06",15,"Mallakastrës",3.53
"2003-03-06",16,"Gjirokastrës",1.1
"2003-03-06",17,"Përmetit",-1.38
"2003-03-06",18,"Tepelenës",2.6
"2003-03-06",19,"Devollit",-0.77
"2003-03-06",20,"Kolonjës",-2.79
"2003-03-06",21,"Korçës",-1.95
"2003-03-06",22,"Pogradecit",-1.45
"2003-03-06",23,"Has",0.18
"2003-03-06",24,"Kukësit",-4.56
"2003-03-06",25,"Tropojës",-2.48
"2003-03-06",26,"Kurbinit",2.7
"2003-03-06",27,"Lezhës",2.89
"2003-03-06",28,"Mirditës",-1.46
"2003-03-06",29,"Shkodrës",1.12
"2003-03-06",30,"Malësi e Madhe",-1.01
"2003-03-06",31,"Pukës",-1.56
"2003-03-06",32,"Shkodrës",0.18
"2003-03-06",33,"Kavajës",7.02
"2003-03-06",34,"Tiranës",1.12
"2003-03-06",35,"Delvinës",4.26
"2003-03-06",36,"Sarandës",4.95
"2003-03-06",37,"Vlorës",6.71
"2003-03-07",1,"Beratit",1.6
"2003-03-07",2,"Kuçovës",1.39
"2003-03-07",3,"Skraparit",0.33
"2003-03-07",4,"Bulqizës",-0.3
"2003-03-07",5,"Dibrës",-1.68
"2003-03-07",6,"Matit",-0.37
"2003-03-07",7,"Durrësit",8.94
"2003-03-07",8,"Krujës",3.22
"2003-03-07",9,"Elbasanit",0.87
"2003-03-07",10,"Gramshit",0.09
"2003-03-07",11,"Librazhdit",0.41
"2003-03-07",12,"Peqinit",4.24
"2003-03-07",13,"Fierit",5.83
"2003-03-07",14,"Lushnjës",5.5
"2003-03-07",15,"Mallakastrës",3.75
"2003-03-07",16,"Gjirokastrës",3.87
"2003-03-07",17,"Përmetit",2.48
"2003-03-07",18,"Tepelenës",3.48
"2003-03-07",19,"Devollit",-1.54
"2003-03-07",20,"Kolonjës",0.61
"2003-03-07",21,"Korçës",-0.03
"2003-03-07",22,"Pogradecit",0.85
"2003-03-07",23,"Has",3.06
"2003-03-07",24,"Kukësit",0.36
"2003-03-07",25,"Tropojës",-0.49
"2003-03-07",26,"Kurbinit",3.49
"2003-03-07",27,"Lezhës",3.54
"2003-03-07",28,"Mirditës",0.41
"2003-03-07",29,"Shkodrës",2.44
"2003-03-07",30,"Malësi e Madhe",1.36
"2003-03-07",31,"Pukës",0.83
"2003-03-07",32,"Shkodrës",1.57
"2003-03-07",33,"Kavajës",6.88
"2003-03-07",34,"Tiranës",2.47
"2003-03-07",35,"Delvinës",6.19
"2003-03-07",36,"Sarandës",5.79
"2003-03-07",37,"Vlorës",6.53
"2003-03-08",1,"Beratit",5.58
"2003-03-08",2,"Kuçovës",5.75
"2003-03-08",3,"Skraparit",3.35
"2003-03-08",4,"Bulqizës",0.03
"2003-03-08",5,"Dibrës",-0.08
"2003-03-08",6,"Matit",1.53
"2003-03-08",7,"Durrësit",10.11
"2003-03-08",8,"Krujës",4.84
"2003-03-08",9,"Elbasanit",4.34
"2003-03-08",10,"Gramshit",3.45
"2003-03-08",11,"Librazhdit",1.8
"2003-03-08",12,"Peqinit",7.68
"2003-03-08",13,"Fierit",8.97
"2003-03-08",14,"Lushnjës",9.04
"2003-03-08",15,"Mallakastrës",6.69
"2003-03-08",16,"Gjirokastrës",5.78
"2003-03-08",17,"Përmetit",3.88
"2003-03-08",18,"Tepelenës",5.41
"2003-03-08",19,"Devollit",2.32
"2003-03-08",20,"Kolonjës",2.47
"2003-03-08",21,"Korçës",2.28
"2003-03-08",22,"Pogradecit",2.09
"2003-03-08",23,"Has",1.41
"2003-03-08",24,"Kukësit",-0.32
"2003-03-08",25,"Tropojës",-0.2
"2003-03-08",26,"Kurbinit",5.52
"2003-03-08",27,"Lezhës",5.83
"2003-03-08",28,"Mirditës",2.38
"2003-03-08",29,"Shkodrës",5.05
"2003-03-08",30,"Malësi e Madhe",2.62
"2003-03-08",31,"Pukës",1.61
"2003-03-08",32,"Shkodrës",3.68
"2003-03-08",33,"Kavajës",9.59
"2003-03-08",34,"Tiranës",4.67
"2003-03-08",35,"Delvinës",7.56
"2003-03-08",36,"Sarandës",8.78
"2003-03-08",37,"Vlorës",8.12
"2003-03-09",1,"Beratit",3.56
"2003-03-09",2,"Kuçovës",3.64
"2003-03-09",3,"Skraparit",1.77
"2003-03-09",4,"Bulqizës",-1.08
"2003-03-09",5,"Dibrës",-2.82
"2003-03-09",6,"Matit",-0.72
"2003-03-09",7,"Durrësit",9.71
"2003-03-09",8,"Krujës",3.48
"2003-03-09",9,"Elbasanit",3.02
"2003-03-09",10,"Gramshit",2.3
"2003-03-09",11,"Librazhdit",1.25
"2003-03-09",12,"Peqinit",5.62
"2003-03-09",13,"Fierit",5.95
"2003-03-09",14,"Lushnjës",6.5
"2003-03-09",15,"Mallakastrës",4.08
"2003-03-09",16,"Gjirokastrës",3.73
"2003-03-09",17,"Përmetit",1.72
"2003-03-09",18,"Tepelenës",3.97
"2003-03-09",19,"Devollit",1.09
"2003-03-09",20,"Kolonjës",0.29
"2003-03-09",21,"Korçës",0.95
"2003-03-09",22,"Pogradecit",1.46
"2003-03-09",23,"Has",1.21
"2003-03-09",24,"Kukësit",-2.32
"2003-03-09",25,"Tropojës",-2.15
"2003-03-09",26,"Kurbinit",3.83
"2003-03-09",27,"Lezhës",3.45
"2003-03-09",28,"Mirditës",-0.64
"2003-03-09",29,"Shkodrës",1.48
"2003-03-09",30,"Malësi e Madhe",-0.69
"2003-03-09",31,"Pukës",-1.13
"2003-03-09",32,"Shkodrës",0.48
"2003-03-09",33,"Kavajës",7.85
"2003-03-09",34,"Tiranës",3.32
"2003-03-09",35,"Delvinës",6.23
"2003-03-09",36,"Sarandës",6.76
"2003-03-09",37,"Vlorës",6.54
"2003-03-10",1,"Beratit",3.27
"2003-03-10",2,"Kuçovës",3.27
"2003-03-10",3,"Skraparit",1.94
"2003-03-10",4,"Bulqizës",-2.29
"2003-03-10",5,"Dibrës",-3.26
"2003-03-10",6,"Matit",-1.66
"2003-03-10",7,"Durrësit",9.81
"2003-03-10",8,"Krujës",2.68
"2003-03-10",9,"Elbasanit",1.17
"2003-03-10",10,"Gramshit",1.67
"2003-03-10",11,"Librazhdit",-0.12
"2003-03-10",12,"Peqinit",4.64
"2003-03-10",13,"Fierit",6
"2003-03-10",14,"Lushnjës",6.44
"2003-03-10",15,"Mallakastrës",3.39
"2003-03-10",16,"Gjirokastrës",2.76
"2003-03-10",17,"Përmetit",1.04
"2003-03-10",18,"Tepelenës",3.71
"2003-03-10",19,"Devollit",0.16
"2003-03-10",20,"Kolonjës",-0.5
"2003-03-10",21,"Korçës",0.73
"2003-03-10",22,"Pogradecit",1.18
"2003-03-10",23,"Has",0.14
"2003-03-10",24,"Kukësit",-3.45
"2003-03-10",25,"Tropojës",-1.55
"2003-03-10",26,"Kurbinit",3.2
"2003-03-10",27,"Lezhës",3.16
"2003-03-10",28,"Mirditës",-1.17
"2003-03-10",29,"Shkodrës",1.53
"2003-03-10",30,"Malësi e Madhe",0.37
"2003-03-10",31,"Pukës",-1.18
"2003-03-10",32,"Shkodrës",0.89
"2003-03-10",33,"Kavajës",8.02
"2003-03-10",34,"Tiranës",2.07
"2003-03-10",35,"Delvinës",5.71
"2003-03-10",36,"Sarandës",5.46
"2003-03-10",37,"Vlorës",6.27
"2003-03-11",1,"Beratit",4.04
"2003-03-11",2,"Kuçovës",4.13
"2003-03-11",3,"Skraparit",1.81
"2003-03-11",4,"Bulqizës",2.8
"2003-03-11",5,"Dibrës",2.42
"2003-03-11",6,"Matit",3.12
"2003-03-11",7,"Durrësit",10.57
"2003-03-11",8,"Krujës",5.89
"2003-03-11",9,"Elbasanit",3.75
"2003-03-11",10,"Gramshit",2.36
"2003-03-11",11,"Librazhdit",2.48
"2003-03-11",12,"Peqinit",6.58
"2003-03-11",13,"Fierit",7.87
"2003-03-11",14,"Lushnjës",7.74
"2003-03-11",15,"Mallakastrës",5.44
"2003-03-11",16,"Gjirokastrës",4.17
"2003-03-11",17,"Përmetit",2.06
"2003-03-11",18,"Tepelenës",4.47
"2003-03-11",19,"Devollit",2.2
"2003-03-11",20,"Kolonjës",0.49
"2003-03-11",21,"Korçës",1.61
"2003-03-11",22,"Pogradecit",2.12
"2003-03-11",23,"Has",5.53
"2003-03-11",24,"Kukësit",3.05
"2003-03-11",25,"Tropojës",3.77
"2003-03-11",26,"Kurbinit",6.7
"2003-03-11",27,"Lezhës",7.26
"2003-03-11",28,"Mirditës",4.35
"2003-03-11",29,"Shkodrës",6.79
"2003-03-11",30,"Malësi e Madhe",5.7
"2003-03-11",31,"Pukës",4.37
"2003-03-11",32,"Shkodrës",6.06
"2003-03-11",33,"Kavajës",8.91
"2003-03-11",34,"Tiranës",5.01
"2003-03-11",35,"Delvinës",6.85
"2003-03-11",36,"Sarandës",7.75
"2003-03-11",37,"Vlorës",7.61
"2003-03-12",1,"Beratit",3.73
"2003-03-12",2,"Kuçovës",3.72
"2003-03-12",3,"Skraparit",2.69
"2003-03-12",4,"Bulqizës",0.28
"2003-03-12",5,"Dibrës",-0.37
"2003-03-12",6,"Matit",1.02
"2003-03-12",7,"Durrësit",10.47
"2003-03-12",8,"Krujës",4.73
"2003-03-12",9,"Elbasanit",2.24
"2003-03-12",10,"Gramshit",2.32
"2003-03-12",11,"Librazhdit",1.43
"2003-03-12",12,"Peqinit",5.44
"2003-03-12",13,"Fierit",6.21
"2003-03-12",14,"Lushnjës",6.6
"2003-03-12",15,"Mallakastrës",4.17
"2003-03-12",16,"Gjirokastrës",3.86
"2003-03-12",17,"Përmetit",2.53
"2003-03-12",18,"Tepelenës",4.36
"2003-03-12",19,"Devollit",-1.44
"2003-03-12",20,"Kolonjës",0.55
"2003-03-12",21,"Korçës",0.69
"2003-03-12",22,"Pogradecit",1.8
"2003-03-12",23,"Has",0.53
"2003-03-12",24,"Kukësit",-1.41
"2003-03-12",25,"Tropojës",-0.06
"2003-03-12",26,"Kurbinit",5.67
"2003-03-12",27,"Lezhës",7.43
"2003-03-12",28,"Mirditës",2.36
"2003-03-12",29,"Shkodrës",8.63
"2003-03-12",30,"Malësi e Madhe",3.82
"2003-03-12",31,"Pukës",3.14
"2003-03-12",32,"Shkodrës",6.13
"2003-03-12",33,"Kavajës",8.29
"2003-03-12",34,"Tiranës",3.73
"2003-03-12",35,"Delvinës",6.65
"2003-03-12",36,"Sarandës",6.13
"2003-03-12",37,"Vlorës",6.74
"2003-03-13",1,"Beratit",6.22
"2003-03-13",2,"Kuçovës",6.07
"2003-03-13",3,"Skraparit",4.93
"2003-03-13",4,"Bulqizës",3.7
"2003-03-13",5,"Dibrës",3.9
"2003-03-13",6,"Matit",5.75
"2003-03-13",7,"Durrësit",11.53
"2003-03-13",8,"Krujës",7.64
"2003-03-13",9,"Elbasanit",5.32
"2003-03-13",10,"Gramshit",4.66
"2003-03-13",11,"Librazhdit",4.47
"2003-03-13",12,"Peqinit",8.12
"2003-03-13",13,"Fierit",9.63
"2003-03-13",14,"Lushnjës",9.07
"2003-03-13",15,"Mallakastrës",7.92
"2003-03-13",16,"Gjirokastrës",5.52
"2003-03-13",17,"Përmetit",5.09
"2003-03-13",18,"Tepelenës",7.06
"2003-03-13",19,"Devollit",1.23
"2003-03-13",20,"Kolonjës",3.19
"2003-03-13",21,"Korçës",3.66
"2003-03-13",22,"Pogradecit",4.75
"2003-03-13",23,"Has",3.72
"2003-03-13",24,"Kukësit",1.11
"2003-03-13",25,"Tropojës",1.29
"2003-03-13",26,"Kurbinit",7.72
"2003-03-13",27,"Lezhës",7.14
"2003-03-13",28,"Mirditës",5.16
"2003-03-13",29,"Shkodrës",5.64
"2003-03-13",30,"Malësi e Madhe",3.14
"2003-03-13",31,"Pukës",3.02
"2003-03-13",32,"Shkodrës",4.22
"2003-03-13",33,"Kavajës",9.94
"2003-03-13",34,"Tiranës",7.05
"2003-03-13",35,"Delvinës",7.46
"2003-03-13",36,"Sarandës",6.94
"2003-03-13",37,"Vlorës",9.77
"2003-03-14",1,"Beratit",4.31
"2003-03-14",2,"Kuçovës",4.31
"2003-03-14",3,"Skraparit",2.77
"2003-03-14",4,"Bulqizës",-1.85
"2003-03-14",5,"Dibrës",-3.01
"2003-03-14",6,"Matit",-0.19
"2003-03-14",7,"Durrësit",8.41
"2003-03-14",8,"Krujës",3.5
"2003-03-14",9,"Elbasanit",2.8
"2003-03-14",10,"Gramshit",2.37
"2003-03-14",11,"Librazhdit",0.31
"2003-03-14",12,"Peqinit",5.41
"2003-03-14",13,"Fierit",8.14
"2003-03-14",14,"Lushnjës",7.2
"2003-03-14",15,"Mallakastrës",5.57
"2003-03-14",16,"Gjirokastrës",5.33
"2003-03-14",17,"Përmetit",3.42
"2003-03-14",18,"Tepelenës",4.55
"2003-03-14",19,"Devollit",-0.04
"2003-03-14",20,"Kolonjës",1.6
"2003-03-14",21,"Korçës",0.43
"2003-03-14",22,"Pogradecit",0.02
"2003-03-14",23,"Has",-1.77
"2003-03-14",24,"Kukësit",-3.69
"2003-03-14",25,"Tropojës",-4.06
"2003-03-14",26,"Kurbinit",4.27
"2003-03-14",27,"Lezhës",4.53
"2003-03-14",28,"Mirditës",0.39
"2003-03-14",29,"Shkodrës",3.51
"2003-03-14",30,"Malësi e Madhe",-0.57
"2003-03-14",31,"Pukës",-1.14
"2003-03-14",32,"Shkodrës",1.19
"2003-03-14",33,"Kavajës",7.76
"2003-03-14",34,"Tiranës",3.16
"2003-03-14",35,"Delvinës",7.26
"2003-03-14",36,"Sarandës",8.51
"2003-03-14",37,"Vlorës",7.71
"2003-03-15",1,"Beratit",2.95
"2003-03-15",2,"Kuçovës",3.17
"2003-03-15",3,"Skraparit",0.2
"2003-03-15",4,"Bulqizës",-3
"2003-03-15",5,"Dibrës",-4.05
"2003-03-15",6,"Matit",-1.06
"2003-03-15",7,"Durrësit",7.03
"2003-03-15",8,"Krujës",2.07
"2003-03-15",9,"Elbasanit",2.31
"2003-03-15",10,"Gramshit",0.21
"2003-03-15",11,"Librazhdit",-1.76
"2003-03-15",12,"Peqinit",5.73
"2003-03-15",13,"Fierit",6.68
"2003-03-15",14,"Lushnjës",6.48
"2003-03-15",15,"Mallakastrës",4
"2003-03-15",16,"Gjirokastrës",3.71
"2003-03-15",17,"Përmetit",1.15
"2003-03-15",18,"Tepelenës",3.12
"2003-03-15",19,"Devollit",-1.63
"2003-03-15",20,"Kolonjës",-0.7
"2003-03-15",21,"Korçës",-2.03
"2003-03-15",22,"Pogradecit",-3.33
"2003-03-15",23,"Has",-2.7
"2003-03-15",24,"Kukësit",-4.98
"2003-03-15",25,"Tropojës",-4.99
"2003-03-15",26,"Kurbinit",2.72
"2003-03-15",27,"Lezhës",2.93
"2003-03-15",28,"Mirditës",-0.64
"2003-03-15",29,"Shkodrës",2.05
"2003-03-15",30,"Malësi e Madhe",-1.22
"2003-03-15",31,"Pukës",-1.97
"2003-03-15",32,"Shkodrës",0.28
"2003-03-15",33,"Kavajës",6.8
"2003-03-15",34,"Tiranës",2.67
"2003-03-15",35,"Delvinës",6.12
"2003-03-15",36,"Sarandës",6.21
"2003-03-15",37,"Vlorës",5.77
"2003-03-16",1,"Beratit",2.64
"2003-03-16",2,"Kuçovës",2.92
"2003-03-16",3,"Skraparit",0.79
"2003-03-16",4,"Bulqizës",-1.61
"2003-03-16",5,"Dibrës",-1.76
"2003-03-16",6,"Matit",0.41
"2003-03-16",7,"Durrësit",6.93
"2003-03-16",8,"Krujës",3.77
"2003-03-16",9,"Elbasanit",2.26
"2003-03-16",10,"Gramshit",0.9
"2003-03-16",11,"Librazhdit",-0.33
"2003-03-16",12,"Peqinit",4.76
"2003-03-16",13,"Fierit",5.6
"2003-03-16",14,"Lushnjës",5.48
"2003-03-16",15,"Mallakastrës",3.04
"2003-03-16",16,"Gjirokastrës",2.39
"2003-03-16",17,"Përmetit",0.9
"2003-03-16",18,"Tepelenës",1.95
"2003-03-16",19,"Devollit",-1
"2003-03-16",20,"Kolonjës",-0.49
"2003-03-16",21,"Korçës",-0.88
"2003-03-16",22,"Pogradecit",-1.25
"2003-03-16",23,"Has",0.88
"2003-03-16",24,"Kukësit",-1.75
"2003-03-16",25,"Tropojës",-1.11
"2003-03-16",26,"Kurbinit",4.64
"2003-03-16",27,"Lezhës",5.35
"2003-03-16",28,"Mirditës",1.9
"2003-03-16",29,"Shkodrës",5.23
"2003-03-16",30,"Malësi e Madhe",1.85
"2003-03-16",31,"Pukës",1.42
"2003-03-16",32,"Shkodrës",3.58
"2003-03-16",33,"Kavajës",6.09
"2003-03-16",34,"Tiranës",3.23
"2003-03-16",35,"Delvinës",4.06
"2003-03-16",36,"Sarandës",5.11
"2003-03-16",37,"Vlorës",4.51
"2003-03-17",1,"Beratit",5.38
"2003-03-17",2,"Kuçovës",6.04
"2003-03-17",3,"Skraparit",2.11
"2003-03-17",4,"Bulqizës",-4.48
"2003-03-17",5,"Dibrës",-4.18
"2003-03-17",6,"Matit",-1.87
"2003-03-17",7,"Durrësit",7.55
"2003-03-17",8,"Krujës",2.51
"2003-03-17",9,"Elbasanit",4.31
"2003-03-17",10,"Gramshit",2.6
"2003-03-17",11,"Librazhdit",-0.67
"2003-03-17",12,"Peqinit",7.9
"2003-03-17",13,"Fierit",8.46
"2003-03-17",14,"Lushnjës",8.54
"2003-03-17",15,"Mallakastrës",5.37
"2003-03-17",16,"Gjirokastrës",3.44
"2003-03-17",17,"Përmetit",1.62
"2003-03-17",18,"Tepelenës",3.22
"2003-03-17",19,"Devollit",-2.1
"2003-03-17",20,"Kolonjës",-0.26
"2003-03-17",21,"Korçës",-1.11
"2003-03-17",22,"Pogradecit",-1.95
"2003-03-17",23,"Has",-0.77
"2003-03-17",24,"Kukësit",-3.73
"2003-03-17",25,"Tropojës",-2.28
"2003-03-17",26,"Kurbinit",4.27
"2003-03-17",27,"Lezhës",5.59
"2003-03-17",28,"Mirditës",1.31
"2003-03-17",29,"Shkodrës",5.46
"2003-03-17",30,"Malësi e Madhe",1.84
"2003-03-17",31,"Pukës",0.87
"2003-03-17",32,"Shkodrës",3.58
"2003-03-17",33,"Kavajës",7.92
"2003-03-17",34,"Tiranës",3.24
"2003-03-17",35,"Delvinës",5.38
"2003-03-17",36,"Sarandës",7.12
"2003-03-17",37,"Vlorës",6.2
"2003-03-18",1,"Beratit",1.93
"2003-03-18",2,"Kuçovës",1.82
"2003-03-18",3,"Skraparit",-0.49
"2003-03-18",4,"Bulqizës",-5.33
"2003-03-18",5,"Dibrës",-5.32
"2003-03-18",6,"Matit",-2.85
"2003-03-18",7,"Durrësit",7.18
"2003-03-18",8,"Krujës",0.98
"2003-03-18",9,"Elbasanit",0.25
"2003-03-18",10,"Gramshit",-0.85
"2003-03-18",11,"Librazhdit",-2.63
"2003-03-18",12,"Peqinit",3.89
"2003-03-18",13,"Fierit",6.27
"2003-03-18",14,"Lushnjës",5.57
"2003-03-18",15,"Mallakastrës",3.58
"2003-03-18",16,"Gjirokastrës",3.04
"2003-03-18",17,"Përmetit",0.29
"2003-03-18",18,"Tepelenës",3.07
"2003-03-18",19,"Devollit",-3.85
"2003-03-18",20,"Kolonjës",-2.85
"2003-03-18",21,"Korçës",-3.03
"2003-03-18",22,"Pogradecit",-3.03
"2003-03-18",23,"Has",-2.49
"2003-03-18",24,"Kukësit",-4.88
"2003-03-18",25,"Tropojës",-3.75
"2003-03-18",26,"Kurbinit",2.44
"2003-03-18",27,"Lezhës",3.73
"2003-03-18",28,"Mirditës",-0.37
"2003-03-18",29,"Shkodrës",3.12
"2003-03-18",30,"Malësi e Madhe",0.12
"2003-03-18",31,"Pukës",-0.68
"2003-03-18",32,"Shkodrës",1.26
"2003-03-18",33,"Kavajës",6.2
"2003-03-18",34,"Tiranës",0.81
"2003-03-18",35,"Delvinës",5.18
"2003-03-18",36,"Sarandës",7.46
"2003-03-18",37,"Vlorës",6.02
"2003-03-19",1,"Beratit",2.47
"2003-03-19",2,"Kuçovës",2.69
"2003-03-19",3,"Skraparit",0.55
"2003-03-19",4,"Bulqizës",-0.91
"2003-03-19",5,"Dibrës",-1.59
"2003-03-19",6,"Matit",0.32
"2003-03-19",7,"Durrësit",8.97
"2003-03-19",8,"Krujës",3.47
"2003-03-19",9,"Elbasanit",1.69
"2003-03-19",10,"Gramshit",0.51
"2003-03-19",11,"Librazhdit",-0.37
"2003-03-19",12,"Peqinit",4.95
"2003-03-19",13,"Fierit",6.77
"2003-03-19",14,"Lushnjës",6.53
"2003-03-19",15,"Mallakastrës",3.33
"2003-03-19",16,"Gjirokastrës",2.38
"2003-03-19",17,"Përmetit",0.81
"2003-03-19",18,"Tepelenës",2.42
"2003-03-19",19,"Devollit",-1.3
"2003-03-19",20,"Kolonjës",-1.17
"2003-03-19",21,"Korçës",-1.2
"2003-03-19",22,"Pogradecit",-0.72
"2003-03-19",23,"Has",3.18
"2003-03-19",24,"Kukësit",-0.74
"2003-03-19",25,"Tropojës",-0.01
"2003-03-19",26,"Kurbinit",4.59
"2003-03-19",27,"Lezhës",5.55
"2003-03-19",28,"Mirditës",1.95
"2003-03-19",29,"Shkodrës",5.14
"2003-03-19",30,"Malësi e Madhe",2.67
"2003-03-19",31,"Pukës",1.78
"2003-03-19",32,"Shkodrës",3.5
"2003-03-19",33,"Kavajës",7.73
"2003-03-19",34,"Tiranës",2.97
"2003-03-19",35,"Delvinës",5.27
"2003-03-19",36,"Sarandës",5.68
"2003-03-19",37,"Vlorës",6.11
"2003-03-20",1,"Beratit",1.78
"2003-03-20",2,"Kuçovës",1.96
"2003-03-20",3,"Skraparit",-0.29
"2003-03-20",4,"Bulqizës",-1.86
"2003-03-20",5,"Dibrës",-2.43
"2003-03-20",6,"Matit",-1.16
"2003-03-20",7,"Durrësit",9.38
"2003-03-20",8,"Krujës",2.98
"2003-03-20",9,"Elbasanit",0.58
"2003-03-20",10,"Gramshit",0.01
"2003-03-20",11,"Librazhdit",-0.54
"2003-03-20",12,"Peqinit",4.48
"2003-03-20",13,"Fierit",5.34
"2003-03-20",14,"Lushnjës",5.75
"2003-03-20",15,"Mallakastrës",2.58
"2003-03-20",16,"Gjirokastrës",2.07
"2003-03-20",17,"Përmetit",-0.16
"2003-03-20",18,"Tepelenës",2.01
"2003-03-20",19,"Devollit",-0.66
"2003-03-20",20,"Kolonjës",-1.68
"2003-03-20",21,"Korçës",-0.47
"2003-03-20",22,"Pogradecit",0.3
"2003-03-20",23,"Has",3.43
"2003-03-20",24,"Kukësit",-0.41
"2003-03-20",25,"Tropojës",0.09
"2003-03-20",26,"Kurbinit",3.78
"2003-03-20",27,"Lezhës",4.12
"2003-03-20",28,"Mirditës",0.01
"2003-03-20",29,"Shkodrës",2.83
"2003-03-20",30,"Malësi e Madhe",1.54
"2003-03-20",31,"Pukës",0.26
"2003-03-20",32,"Shkodrës",2.02
"2003-03-20",33,"Kavajës",7.3
"2003-03-20",34,"Tiranës",1.97
"2003-03-20",35,"Delvinës",5.14
"2003-03-20",36,"Sarandës",5.11
"2003-03-20",37,"Vlorës",5.2
"2003-03-21",1,"Beratit",2.84
"2003-03-21",2,"Kuçovës",3.13
"2003-03-21",3,"Skraparit",1.43
"2003-03-21",4,"Bulqizës",-1.06
"2003-03-21",5,"Dibrës",-1.92
"2003-03-21",6,"Matit",-0.51
"2003-03-21",7,"Durrësit",9.21
"2003-03-21",8,"Krujës",3.46
"2003-03-21",9,"Elbasanit",0.91
"2003-03-21",10,"Gramshit",0.85
"2003-03-21",11,"Librazhdit",-0.13
"2003-03-21",12,"Peqinit",4.78
"2003-03-21",13,"Fierit",5.98
"2003-03-21",14,"Lushnjës",5.98
"2003-03-21",15,"Mallakastrës",2.97
"2003-03-21",16,"Gjirokastrës",3.17
"2003-03-21",17,"Përmetit",1.68
"2003-03-21",18,"Tepelenës",2.38
"2003-03-21",19,"Devollit",-1.82
"2003-03-21",20,"Kolonjës",-0.04
"2003-03-21",21,"Korçës",-0.51
"2003-03-21",22,"Pogradecit",0.36
"2003-03-21",23,"Has",1.26
"2003-03-21",24,"Kukësit",-0.34
"2003-03-21",25,"Tropojës",-0.97
"2003-03-21",26,"Kurbinit",4.26
"2003-03-21",27,"Lezhës",4.48
"2003-03-21",28,"Mirditës",0.65
"2003-03-21",29,"Shkodrës",2.85
"2003-03-21",30,"Malësi e Madhe",0.43
"2003-03-21",31,"Pukës",0.55
"2003-03-21",32,"Shkodrës",1.57
"2003-03-21",33,"Kavajës",7.09
"2003-03-21",34,"Tiranës",2.34
"2003-03-21",35,"Delvinës",5.91
"2003-03-21",36,"Sarandës",5.87
"2003-03-21",37,"Vlorës",5.25
"2003-03-22",1,"Beratit",2.35
"2003-03-22",2,"Kuçovës",2.34
"2003-03-22",3,"Skraparit",-0.63
"2003-03-22",4,"Bulqizës",-4.7
"2003-03-22",5,"Dibrës",-5.79
"2003-03-22",6,"Matit",-1.7
"2003-03-22",7,"Durrësit",7.91
"2003-03-22",8,"Krujës",2.55
"2003-03-22",9,"Elbasanit",1.8
"2003-03-22",10,"Gramshit",-0.06
"2003-03-22",11,"Librazhdit",-1.78
"2003-03-22",12,"Peqinit",5.25
"2003-03-22",13,"Fierit",6.82
"2003-03-22",14,"Lushnjës",6.5
"2003-03-22",15,"Mallakastrës",4.37
"2003-03-22",16,"Gjirokastrës",1.93
"2003-03-22",17,"Përmetit",-0.25
"2003-03-22",18,"Tepelenës",2.74
"2003-03-22",19,"Devollit",-4.16
"2003-03-22",20,"Kolonjës",-2.48
"2003-03-22",21,"Korçës",-2.82
"2003-03-22",22,"Pogradecit",-2.4
"2003-03-22",23,"Has",-4.45
"2003-03-22",24,"Kukësit",-6.5
"2003-03-22",25,"Tropojës",-7.41
"2003-03-22",26,"Kurbinit",3.32
"2003-03-22",27,"Lezhës",3.48
"2003-03-22",28,"Mirditës",-0.95
"2003-03-22",29,"Shkodrës",2.33
"2003-03-22",30,"Malësi e Madhe",-2.01
"2003-03-22",31,"Pukës",-3.1
"2003-03-22",32,"Shkodrës",-0.09
"2003-03-22",33,"Kavajës",7.32
"2003-03-22",34,"Tiranës",2.64
"2003-03-22",35,"Delvinës",5.03
"2003-03-22",36,"Sarandës",6.47
"2003-03-22",37,"Vlorës",6.98
"2003-03-23",1,"Beratit",3.59
"2003-03-23",2,"Kuçovës",3.94
"2003-03-23",3,"Skraparit",0.44
"2003-03-23",4,"Bulqizës",-4.74
"2003-03-23",5,"Dibrës",-6.95
"2003-03-23",6,"Matit",-2.7
"2003-03-23",7,"Durrësit",6.08
"2003-03-23",8,"Krujës",0.86
"2003-03-23",9,"Elbasanit",1.94
"2003-03-23",10,"Gramshit",0.76
"2003-03-23",11,"Librazhdit",-1.98
"2003-03-23",12,"Peqinit",5.72
"2003-03-23",13,"Fierit",7.1
"2003-03-23",14,"Lushnjës",6.63
"2003-03-23",15,"Mallakastrës",4.51
"2003-03-23",16,"Gjirokastrës",2.23
"2003-03-23",17,"Përmetit",0.26
"2003-03-23",18,"Tepelenës",2.33
"2003-03-23",19,"Devollit",-2.9
"2003-03-23",20,"Kolonjës",-1.6
"2003-03-23",21,"Korçës",-2.34
"2003-03-23",22,"Pogradecit",-2.59
"2003-03-23",23,"Has",-6.75
"2003-03-23",24,"Kukësit",-8.31
"2003-03-23",25,"Tropojës",-10.02
"2003-03-23",26,"Kurbinit",1.6
"2003-03-23",27,"Lezhës",1.56
"2003-03-23",28,"Mirditës",-2.55
"2003-03-23",29,"Shkodrës",0.06
"2003-03-23",30,"Malësi e Madhe",-4.82
"2003-03-23",31,"Pukës",-5.4
"2003-03-23",32,"Shkodrës",-2.55
"2003-03-23",33,"Kavajës",6.3
"2003-03-23",34,"Tiranës",1.61
"2003-03-23",35,"Delvinës",3.92
"2003-03-23",36,"Sarandës",5.17
"2003-03-23",37,"Vlorës",5.97
"2003-03-24",1,"Beratit",0.4
"2003-03-24",2,"Kuçovës",0.72
"2003-03-24",3,"Skraparit",-2.24
"2003-03-24",4,"Bulqizës",-4.8
"2003-03-24",5,"Dibrës",-6.94
"2003-03-24",6,"Matit",-3.19
"2003-03-24",7,"Durrësit",6.45
"2003-03-24",8,"Krujës",0.29
"2003-03-24",9,"Elbasanit",-1.14
"2003-03-24",10,"Gramshit",-2.35
"2003-03-24",11,"Librazhdit",-4
"2003-03-24",12,"Peqinit",3.12
"2003-03-24",13,"Fierit",5.05
"2003-03-24",14,"Lushnjës",4.74
"2003-03-24",15,"Mallakastrës",1.18
"2003-03-24",16,"Gjirokastrës",0.12
"2003-03-24",17,"Përmetit",-2.29
"2003-03-24",18,"Tepelenës",-0.54
"2003-03-24",19,"Devollit",-4.38
"2003-03-24",20,"Kolonjës",-4.2
"2003-03-24",21,"Korçës",-4.39
"2003-03-24",22,"Pogradecit",-4.5
"2003-03-24",23,"Has",-3.8
"2003-03-24",24,"Kukësit",-6.49
"2003-03-24",25,"Tropojës",-6.42
"2003-03-24",26,"Kurbinit",0.94
"2003-03-24",27,"Lezhës",1.4
"2003-03-24",28,"Mirditës",-2.58
"2003-03-24",29,"Shkodrës",0.32
"2003-03-24",30,"Malësi e Madhe",-2.23
"2003-03-24",31,"Pukës",-3.62
"2003-03-24",32,"Shkodrës",-1.31
"2003-03-24",33,"Kavajës",5.59
"2003-03-24",34,"Tiranës",0.16
"2003-03-24",35,"Delvinës",3.2
"2003-03-24",36,"Sarandës",5.75
"2003-03-24",37,"Vlorës",3.48
"2003-03-25",1,"Beratit",1.59
"2003-03-25",2,"Kuçovës",1.82
"2003-03-25",3,"Skraparit",-0.78
"2003-03-25",4,"Bulqizës",-1.87
"2003-03-25",5,"Dibrës",-2.5
"2003-03-25",6,"Matit",-1.45
"2003-03-25",7,"Durrësit",9.68
"2003-03-25",8,"Krujës",2.87
"2003-03-25",9,"Elbasanit",0.59
"2003-03-25",10,"Gramshit",-0.39
"2003-03-25",11,"Librazhdit",-0.85
"2003-03-25",12,"Peqinit",4.4
"2003-03-25",13,"Fierit",6.12
"2003-03-25",14,"Lushnjës",6.08
"2003-03-25",15,"Mallakastrës",2.94
"2003-03-25",16,"Gjirokastrës",2.53
"2003-03-25",17,"Përmetit",0.09
"2003-03-25",18,"Tepelenës",1.65
"2003-03-25",19,"Devollit",-0.46
"2003-03-25",20,"Kolonjës",-1.52
"2003-03-25",21,"Korçës",-0.81
"2003-03-25",22,"Pogradecit",-0.39
"2003-03-25",23,"Has",1.77
"2003-03-25",24,"Kukësit",-0.58
"2003-03-25",25,"Tropojës",-1.68
"2003-03-25",26,"Kurbinit",3.57
"2003-03-25",27,"Lezhës",3.77
"2003-03-25",28,"Mirditës",-0.46
"2003-03-25",29,"Shkodrës",2.22
"2003-03-25",30,"Malësi e Madhe",0.63
"2003-03-25",31,"Pukës",-0.66
"2003-03-25",32,"Shkodrës",1.33
"2003-03-25",33,"Kavajës",7.41
"2003-03-25",34,"Tiranës",1.75
"2003-03-25",35,"Delvinës",5.38
"2003-03-25",36,"Sarandës",6.48
"2003-03-25",37,"Vlorës",5.27
"2003-03-26",1,"Beratit",1.98
"2003-03-26",2,"Kuçovës",1.9
"2003-03-26",3,"Skraparit",0.32
"2003-03-26",4,"Bulqizës",-0.04
"2003-03-26",5,"Dibrës",-0.35
"2003-03-26",6,"Matit",0.06
"2003-03-26",7,"Durrësit",10.65
"2003-03-26",8,"Krujës",4.4
"2003-03-26",9,"Elbasanit",1.25
"2003-03-26",10,"Gramshit",0.6
"2003-03-26",11,"Librazhdit",0.72
"2003-03-26",12,"Peqinit",4.55
"2003-03-26",13,"Fierit",6.38
"2003-03-26",14,"Lushnjës",6.37
"2003-03-26",15,"Mallakastrës",3.96
"2003-03-26",16,"Gjirokastrës",3.33
"2003-03-26",17,"Përmetit",1.44
"2003-03-26",18,"Tepelenës",3.26
"2003-03-26",19,"Devollit",2.47
"2003-03-26",20,"Kolonjës",0.98
"2003-03-26",21,"Korçës",1.87
"2003-03-26",22,"Pogradecit",1.94
"2003-03-26",23,"Has",0.95
"2003-03-26",24,"Kukësit",1.8
"2003-03-26",25,"Tropojës",-1.53
"2003-03-26",26,"Kurbinit",4.95
"2003-03-26",27,"Lezhës",4.93
"2003-03-26",28,"Mirditës",0.98
"2003-03-26",29,"Shkodrës",3.12
"2003-03-26",30,"Malësi e Madhe",1.23
"2003-03-26",31,"Pukës",0.09
"2003-03-26",32,"Shkodrës",2.1
"2003-03-26",33,"Kavajës",8.14
"2003-03-26",34,"Tiranës",2.82
"2003-03-26",35,"Delvinës",6.38
"2003-03-26",36,"Sarandës",6.49
"2003-03-26",37,"Vlorës",6.87
"2003-03-27",1,"Beratit",4.38
"2003-03-27",2,"Kuçovës",4.3
"2003-03-27",3,"Skraparit",2.76
"2003-03-27",4,"Bulqizës",1.4
"2003-03-27",5,"Dibrës",0.82
"2003-03-27",6,"Matit",2.05
"2003-03-27",7,"Durrësit",11.41
"2003-03-27",8,"Krujës",6.49
"2003-03-27",9,"Elbasanit",3.36
"2003-03-27",10,"Gramshit",3.2
"2003-03-27",11,"Librazhdit",2.59
"2003-03-27",12,"Peqinit",6.5
"2003-03-27",13,"Fierit",7
"2003-03-27",14,"Lushnjës",7.37
"2003-03-27",15,"Mallakastrës",5.56
"2003-03-27",16,"Gjirokastrës",3.99
"2003-03-27",17,"Përmetit",2.78
"2003-03-27",18,"Tepelenës",5.15
"2003-03-27",19,"Devollit",4.11
"2003-03-27",20,"Kolonjës",2.28
"2003-03-27",21,"Korçës",3.54
"2003-03-27",22,"Pogradecit",3.97
"2003-03-27",23,"Has",1.62
"2003-03-27",24,"Kukësit",1.65
"2003-03-27",25,"Tropojës",2.03
"2003-03-27",26,"Kurbinit",6.93
"2003-03-27",27,"Lezhës",6.77
"2003-03-27",28,"Mirditës",2.8
"2003-03-27",29,"Shkodrës",4.99
"2003-03-27",30,"Malësi e Madhe",4.09
"2003-03-27",31,"Pukës",2.59
"2003-03-27",32,"Shkodrës",4.31
"2003-03-27",33,"Kavajës",9.04
"2003-03-27",34,"Tiranës",5.05
"2003-03-27",35,"Delvinës",6.45
"2003-03-27",36,"Sarandës",6.1
"2003-03-27",37,"Vlorës",7.78
"2003-03-28",1,"Beratit",5.3
"2003-03-28",2,"Kuçovës",5.32
"2003-03-28",3,"Skraparit",3.58
"2003-03-28",4,"Bulqizës",2.96
"2003-03-28",5,"Dibrës",3
"2003-03-28",6,"Matit",4.25
"2003-03-28",7,"Durrësit",11.73
"2003-03-28",8,"Krujës",6.7
"2003-03-28",9,"Elbasanit",4.38
"2003-03-28",10,"Gramshit",3.85
"2003-03-28",11,"Librazhdit",3.35
"2003-03-28",12,"Peqinit",7.73
"2003-03-28",13,"Fierit",8.5
"2003-03-28",14,"Lushnjës",8.79
"2003-03-28",15,"Mallakastrës",6.55
"2003-03-28",16,"Gjirokastrës",5.68
"2003-03-28",17,"Përmetit",4.36
"2003-03-28",18,"Tepelenës",6.01
"2003-03-28",19,"Devollit",2.93
"2003-03-28",20,"Kolonjës",3.58
"2003-03-28",21,"Korçës",3.56
"2003-03-28",22,"Pogradecit",3.98
"2003-03-28",23,"Has",2.44
"2003-03-28",24,"Kukësit",2.65
"2003-03-28",25,"Tropojës",0.96
"2003-03-28",26,"Kurbinit",7.36
"2003-03-28",27,"Lezhës",8.27
"2003-03-28",28,"Mirditës",5.23
"2003-03-28",29,"Shkodrës",8.13
"2003-03-28",30,"Malësi e Madhe",5.21
"2003-03-28",31,"Pukës",4.57
"2003-03-28",32,"Shkodrës",6.18
"2003-03-28",33,"Kavajës",10
"2003-03-28",34,"Tiranës",5.81
"2003-03-28",35,"Delvinës",7.97
"2003-03-28",36,"Sarandës",7.14
"2003-03-28",37,"Vlorës",8.48
"2003-03-29",1,"Beratit",6.52
"2003-03-29",2,"Kuçovës",6.52
"2003-03-29",3,"Skraparit",4.98
"2003-03-29",4,"Bulqizës",2.07
"2003-03-29",5,"Dibrës",2.33
"2003-03-29",6,"Matit",3.68
"2003-03-29",7,"Durrësit",11.41
"2003-03-29",8,"Krujës",6.7
"2003-03-29",9,"Elbasanit",4.77
"2003-03-29",10,"Gramshit",4.59
"2003-03-29",11,"Librazhdit",3.27
"2003-03-29",12,"Peqinit",8.28
"2003-03-29",13,"Fierit",8.9
"2003-03-29",14,"Lushnjës",9.01
"2003-03-29",15,"Mallakastrës",7.43
"2003-03-29",16,"Gjirokastrës",6.17
"2003-03-29",17,"Përmetit",5.09
"2003-03-29",18,"Tepelenës",6.95
"2003-03-29",19,"Devollit",2.89
"2003-03-29",20,"Kolonjës",3.77
"2003-03-29",21,"Korçës",3.77
"2003-03-29",22,"Pogradecit",3.88
"2003-03-29",23,"Has",2.45
"2003-03-29",24,"Kukësit",2.29
"2003-03-29",25,"Tropojës",0.6
"2003-03-29",26,"Kurbinit",7.4
"2003-03-29",27,"Lezhës",8.78
"2003-03-29",28,"Mirditës",5.2
"2003-03-29",29,"Shkodrës",9.73
"2003-03-29",30,"Malësi e Madhe",5.14
"2003-03-29",31,"Pukës",4.79
"2003-03-29",32,"Shkodrës",6.95
"2003-03-29",33,"Kavajës",9.9
"2003-03-29",34,"Tiranës",5.99
"2003-03-29",35,"Delvinës",8
"2003-03-29",36,"Sarandës",7.73
"2003-03-29",37,"Vlorës",8.99
"2003-03-30",1,"Beratit",7.74
"2003-03-30",2,"Kuçovës",7.89
"2003-03-30",3,"Skraparit",6.46
"2003-03-30",4,"Bulqizës",3.64
"2003-03-30",5,"Dibrës",3.21
"2003-03-30",6,"Matit",5.05
"2003-03-30",7,"Durrësit",11.49
"2003-03-30",8,"Krujës",7.27
"2003-03-30",9,"Elbasanit",6.37
"2003-03-30",10,"Gramshit",6.24
"2003-03-30",11,"Librazhdit",4.95
"2003-03-30",12,"Peqinit",8.8
"2003-03-30",13,"Fierit",9.16
"2003-03-30",14,"Lushnjës",9.34
"2003-03-30",15,"Mallakastrës",7.57
"2003-03-30",16,"Gjirokastrës",6.59
"2003-03-30",17,"Përmetit",5.88
"2003-03-30",18,"Tepelenës",7.32
"2003-03-30",19,"Devollit",3.4
"2003-03-30",20,"Kolonjës",4.62
"2003-03-30",21,"Korçës",4.38
"2003-03-30",22,"Pogradecit",4.92
"2003-03-30",23,"Has",4.11
"2003-03-30",24,"Kukësit",2.51
"2003-03-30",25,"Tropojës",1.74
"2003-03-30",26,"Kurbinit",7.71
"2003-03-30",27,"Lezhës",9.03
"2003-03-30",28,"Mirditës",5.6
"2003-03-30",29,"Shkodrës",10.28
"2003-03-30",30,"Malësi e Madhe",5.74
"2003-03-30",31,"Pukës",5.2
"2003-03-30",32,"Shkodrës",7.62
"2003-03-30",33,"Kavajës",10.06
"2003-03-30",34,"Tiranës",7
"2003-03-30",35,"Delvinës",8.22
"2003-03-30",36,"Sarandës",7.73
"2003-03-30",37,"Vlorës",9.21
"2003-03-31",1,"Beratit",5.64
"2003-03-31",2,"Kuçovës",5.44
"2003-03-31",3,"Skraparit",4.65
"2003-03-31",4,"Bulqizës",2.43
"2003-03-31",5,"Dibrës",0.82
"2003-03-31",6,"Matit",2.54
"2003-03-31",7,"Durrësit",11.23
"2003-03-31",8,"Krujës",5.86
"2003-03-31",9,"Elbasanit",4.06
"2003-03-31",10,"Gramshit",3.97
"2003-03-31",11,"Librazhdit",3.35
"2003-03-31",12,"Peqinit",6.97
"2003-03-31",13,"Fierit",8.44
"2003-03-31",14,"Lushnjës",8.13
"2003-03-31",15,"Mallakastrës",7.07
"2003-03-31",16,"Gjirokastrës",6.28
"2003-03-31",17,"Përmetit",5.25
"2003-03-31",18,"Tepelenës",6.79
"2003-03-31",19,"Devollit",1.87
"2003-03-31",20,"Kolonjës",3.72
"2003-03-31",21,"Korçës",3.19
"2003-03-31",22,"Pogradecit",3.61
"2003-03-31",23,"Has",4.38
"2003-03-31",24,"Kukësit",0.98
"2003-03-31",25,"Tropojës",2.76
"2003-03-31",26,"Kurbinit",6.74
"2003-03-31",27,"Lezhës",7.88
"2003-03-31",28,"Mirditës",3.53
"2003-03-31",29,"Shkodrës",7.94
"2003-03-31",30,"Malësi e Madhe",5.57
"2003-03-31",31,"Pukës",4.44
"2003-03-31",32,"Shkodrës",6.47
"2003-03-31",33,"Kavajës",9.33
"2003-03-31",34,"Tiranës",5.18
"2003-03-31",35,"Delvinës",8.34
"2003-03-31",36,"Sarandës",7.84
"2003-03-31",37,"Vlorës",9.17
"2003-04-01",1,"Beratit",9.75
"2003-04-01",2,"Kuçovës",10.07
"2003-04-01",3,"Skraparit",8.17
"2003-04-01",4,"Bulqizës",5.43
"2003-04-01",5,"Dibrës",4.1
"2003-04-01",6,"Matit",6.75
"2003-04-01",7,"Durrësit",12.31
"2003-04-01",8,"Krujës",8.92
"2003-04-01",9,"Elbasanit",9.54
"2003-04-01",10,"Gramshit",8.58
"2003-04-01",11,"Librazhdit",7.21
"2003-04-01",12,"Peqinit",11.02
"2003-04-01",13,"Fierit",11.46
"2003-04-01",14,"Lushnjës",11.54
"2003-04-01",15,"Mallakastrës",9.22
"2003-04-01",16,"Gjirokastrës",8.93
"2003-04-01",17,"Përmetit",7.81
"2003-04-01",18,"Tepelenës",9.06
"2003-04-01",19,"Devollit",4.87
"2003-04-01",20,"Kolonjës",5.92
"2003-04-01",21,"Korçës",5.54
"2003-04-01",22,"Pogradecit",6.16
"2003-04-01",23,"Has",7.99
"2003-04-01",24,"Kukësit",4.9
"2003-04-01",25,"Tropojës",5.39
"2003-04-01",26,"Kurbinit",9.55
"2003-04-01",27,"Lezhës",10.76
"2003-04-01",28,"Mirditës",7.36
"2003-04-01",29,"Shkodrës",11.7
"2003-04-01",30,"Malësi e Madhe",7.73
"2003-04-01",31,"Pukës",7.61
"2003-04-01",32,"Shkodrës",9.61
"2003-04-01",33,"Kavajës",11.72
"2003-04-01",34,"Tiranës",9.06
"2003-04-01",35,"Delvinës",10.36
"2003-04-01",36,"Sarandës",10.25
"2003-04-01",37,"Vlorës",10.66
"2003-04-02",1,"Beratit",5.41
"2003-04-02",2,"Kuçovës",5.13
"2003-04-02",3,"Skraparit",1.84
"2003-04-02",4,"Bulqizës",-0.55
"2003-04-02",5,"Dibrës",-2.49
"2003-04-02",6,"Matit",-0.12
"2003-04-02",7,"Durrësit",11.33
"2003-04-02",8,"Krujës",5.25
"2003-04-02",9,"Elbasanit",3.69
"2003-04-02",10,"Gramshit",1.84
"2003-04-02",11,"Librazhdit",1.1
"2003-04-02",12,"Peqinit",8.01
"2003-04-02",13,"Fierit",9.28
"2003-04-02",14,"Lushnjës",9.31
"2003-04-02",15,"Mallakastrës",8.37
"2003-04-02",16,"Gjirokastrës",6.89
"2003-04-02",17,"Përmetit",3.16
"2003-04-02",18,"Tepelenës",7.55
"2003-04-02",19,"Devollit",0.52
"2003-04-02",20,"Kolonjës",0.11
"2003-04-02",21,"Korçës",-0.11
"2003-04-02",22,"Pogradecit",0.35
"2003-04-02",23,"Has",0.44
"2003-04-02",24,"Kukësit",-3.91
"2003-04-02",25,"Tropojës",-1.37
"2003-04-02",26,"Kurbinit",5.7
"2003-04-02",27,"Lezhës",5.41
"2003-04-02",28,"Mirditës",0.12
"2003-04-02",29,"Shkodrës",3.63
"2003-04-02",30,"Malësi e Madhe",0.58
"2003-04-02",31,"Pukës",-0.3
"2003-04-02",32,"Shkodrës",2.2
"2003-04-02",33,"Kavajës",10.2
"2003-04-02",34,"Tiranës",4.72
"2003-04-02",35,"Delvinës",9.42
"2003-04-02",36,"Sarandës",9
"2003-04-02",37,"Vlorës",10.4
"2003-04-03",1,"Beratit",5.35
"2003-04-03",2,"Kuçovës",5.64
"2003-04-03",3,"Skraparit",3.08
"2003-04-03",4,"Bulqizës",2.15
"2003-04-03",5,"Dibrës",0.56
"2003-04-03",6,"Matit",3.03
"2003-04-03",7,"Durrësit",11.81
"2003-04-03",8,"Krujës",7.22
"2003-04-03",9,"Elbasanit",5.08
"2003-04-03",10,"Gramshit",3.58
"2003-04-03",11,"Librazhdit",3.26
"2003-04-03",12,"Peqinit",8.37
"2003-04-03",13,"Fierit",9.06
"2003-04-03",14,"Lushnjës",9.24
"2003-04-03",15,"Mallakastrës",6.62
"2003-04-03",16,"Gjirokastrës",5.41
"2003-04-03",17,"Përmetit",4.04
"2003-04-03",18,"Tepelenës",4.92
"2003-04-03",19,"Devollit",2.35
"2003-04-03",20,"Kolonjës",2.78
"2003-04-03",21,"Korçës",2.5
"2003-04-03",22,"Pogradecit",2.79
"2003-04-03",23,"Has",1.93
"2003-04-03",24,"Kukësit",0.59
"2003-04-03",25,"Tropojës",1.03
"2003-04-03",26,"Kurbinit",7.54
"2003-04-03",27,"Lezhës",7.41
"2003-04-03",28,"Mirditës",3.18
"2003-04-03",29,"Shkodrës",6
"2003-04-03",30,"Malësi e Madhe",4.59
"2003-04-03",31,"Pukës",2.81
"2003-04-03",32,"Shkodrës",5.1
"2003-04-03",33,"Kavajës",10.16
"2003-04-03",34,"Tiranës",6.32
"2003-04-03",35,"Delvinës",7.47
"2003-04-03",36,"Sarandës",7.26
"2003-04-03",37,"Vlorës",8.25
"2003-04-04",1,"Beratit",7.67
"2003-04-04",2,"Kuçovës",7.87
"2003-04-04",3,"Skraparit",4.8
"2003-04-04",4,"Bulqizës",2.05
"2003-04-04",5,"Dibrës",0.97
"2003-04-04",6,"Matit",3.37
"2003-04-04",7,"Durrësit",12.52
"2003-04-04",8,"Krujës",7.48
"2003-04-04",9,"Elbasanit",6.04
"2003-04-04",10,"Gramshit",4.83
"2003-04-04",11,"Librazhdit",3.39
"2003-04-04",12,"Peqinit",9.68
"2003-04-04",13,"Fierit",10.45
"2003-04-04",14,"Lushnjës",10.69
"2003-04-04",15,"Mallakastrës",8.51
"2003-04-04",16,"Gjirokastrës",6.92
"2003-04-04",17,"Përmetit",4.65
"2003-04-04",18,"Tepelenës",7.41
"2003-04-04",19,"Devollit",2.32
"2003-04-04",20,"Kolonjës",2.09
"2003-04-04",21,"Korçës",2.1
"2003-04-04",22,"Pogradecit",2.64
"2003-04-04",23,"Has",5.25
"2003-04-04",24,"Kukësit",2.79
"2003-04-04",25,"Tropojës",1.57
"2003-04-04",26,"Kurbinit",8.15
"2003-04-04",27,"Lezhës",8.62
"2003-04-04",28,"Mirditës",4.25
"2003-04-04",29,"Shkodrës",7.76
"2003-04-04",30,"Malësi e Madhe",4.7
"2003-04-04",31,"Pukës",3.47
"2003-04-04",32,"Shkodrës",5.96
"2003-04-04",33,"Kavajës",11.28
"2003-04-04",34,"Tiranës",6.8
"2003-04-04",35,"Delvinës",9.15
"2003-04-04",36,"Sarandës",8.91
"2003-04-04",37,"Vlorës",9.85
"2003-04-05",1,"Beratit",10.2
"2003-04-05",2,"Kuçovës",10.54
"2003-04-05",3,"Skraparit",7.36
"2003-04-05",4,"Bulqizës",5.12
"2003-04-05",5,"Dibrës",3.83
"2003-04-05",6,"Matit",7.23
"2003-04-05",7,"Durrësit",12.81
"2003-04-05",8,"Krujës",10.47
"2003-04-05",9,"Elbasanit",9.84
"2003-04-05",10,"Gramshit",8.07
"2003-04-05",11,"Librazhdit",6.83
"2003-04-05",12,"Peqinit",12.46
"2003-04-05",13,"Fierit",13.23
"2003-04-05",14,"Lushnjës",13.26
"2003-04-05",15,"Mallakastrës",10.73
"2003-04-05",16,"Gjirokastrës",8.71
"2003-04-05",17,"Përmetit",7.03
"2003-04-05",18,"Tepelenës",9.16
"2003-04-05",19,"Devollit",5.54
"2003-04-05",20,"Kolonjës",5.3
"2003-04-05",21,"Korçës",5.73
"2003-04-05",22,"Pogradecit",5.81
"2003-04-05",23,"Has",5.96
"2003-04-05",24,"Kukësit",3.62
"2003-04-05",25,"Tropojës",3.81
"2003-04-05",26,"Kurbinit",11.13
"2003-04-05",27,"Lezhës",11.48
"2003-04-05",28,"Mirditës",7.78
"2003-04-05",29,"Shkodrës",11.12
"2003-04-05",30,"Malësi e Madhe",6.92
"2003-04-05",31,"Pukës",6.6
"2003-04-05",32,"Shkodrës",9.09
"2003-04-05",33,"Kavajës",13.1
"2003-04-05",34,"Tiranës",10.22
"2003-04-05",35,"Delvinës",9.81
"2003-04-05",36,"Sarandës",10.47
"2003-04-05",37,"Vlorës",11.51
"2003-04-06",1,"Beratit",6.12
"2003-04-06",2,"Kuçovës",6.12
"2003-04-06",3,"Skraparit",3.92
"2003-04-06",4,"Bulqizës",-0.19
"2003-04-06",5,"Dibrës",-2.13
"2003-04-06",6,"Matit",0.73
"2003-04-06",7,"Durrësit",10.97
"2003-04-06",8,"Krujës",4.88
"2003-04-06",9,"Elbasanit",3.55
"2003-04-06",10,"Gramshit",3.44
"2003-04-06",11,"Librazhdit",1.81
"2003-04-06",12,"Peqinit",7.57
"2003-04-06",13,"Fierit",9.56
"2003-04-06",14,"Lushnjës",8.96
"2003-04-06",15,"Mallakastrës",7.06
"2003-04-06",16,"Gjirokastrës",5.76
"2003-04-06",17,"Përmetit",3.64
"2003-04-06",18,"Tepelenës",6.33
"2003-04-06",19,"Devollit",1.58
"2003-04-06",20,"Kolonjës",1.73
"2003-04-06",21,"Korçës",1.83
"2003-04-06",22,"Pogradecit",2.29
"2003-04-06",23,"Has",2.81
"2003-04-06",24,"Kukësit",-0.54
"2003-04-06",25,"Tropojës",0.01
"2003-04-06",26,"Kurbinit",5.6
"2003-04-06",27,"Lezhës",6.6
"2003-04-06",28,"Mirditës",1.55
"2003-04-06",29,"Shkodrës",6.61
"2003-04-06",30,"Malësi e Madhe",2.39
"2003-04-06",31,"Pukës",2.54
"2003-04-06",32,"Shkodrës",4.58
"2003-04-06",33,"Kavajës",9.71
"2003-04-06",34,"Tiranës",4.4
"2003-04-06",35,"Delvinës",8.14
"2003-04-06",36,"Sarandës",8.61
"2003-04-06",37,"Vlorës",9.29
"2003-04-07",1,"Beratit",2.61
"2003-04-07",2,"Kuçovës",2.88
"2003-04-07",3,"Skraparit",0.6
"2003-04-07",4,"Bulqizës",-3.89
"2003-04-07",5,"Dibrës",-5.26
"2003-04-07",6,"Matit",-1.56
"2003-04-07",7,"Durrësit",5.64
"2003-04-07",8,"Krujës",2.34
"2003-04-07",9,"Elbasanit",1.45
"2003-04-07",10,"Gramshit",0.08
"2003-04-07",11,"Librazhdit",-2.22
"2003-04-07",12,"Peqinit",4.68
"2003-04-07",13,"Fierit",4.82
"2003-04-07",14,"Lushnjës",5.15
"2003-04-07",15,"Mallakastrës",2.96
"2003-04-07",16,"Gjirokastrës",4.48
"2003-04-07",17,"Përmetit",1.82
"2003-04-07",18,"Tepelenës",2.67
"2003-04-07",19,"Devollit",-2.97
"2003-04-07",20,"Kolonjës",0.03
"2003-04-07",21,"Korçës",-2.23
"2003-04-07",22,"Pogradecit",-3.35
"2003-04-07",23,"Has",-3.23
"2003-04-07",24,"Kukësit",-6.17
"2003-04-07",25,"Tropojës",-5.68
"2003-04-07",26,"Kurbinit",2.65
"2003-04-07",27,"Lezhës",2.52
"2003-04-07",28,"Mirditës",-1.55
"2003-04-07",29,"Shkodrës",1.44
"2003-04-07",30,"Malësi e Madhe",-2.04
"2003-04-07",31,"Pukës",-3.05
"2003-04-07",32,"Shkodrës",-0.41
"2003-04-07",33,"Kavajës",5.37
"2003-04-07",34,"Tiranës",2.07
"2003-04-07",35,"Delvinës",7.01
"2003-04-07",36,"Sarandës",8.01
"2003-04-07",37,"Vlorës",5.21
"2003-04-08",1,"Beratit",-5.74
"2003-04-08",2,"Kuçovës",-5.63
"2003-04-08",3,"Skraparit",-10.6
"2003-04-08",4,"Bulqizës",-14.32
"2003-04-08",5,"Dibrës",-14.75
"2003-04-08",6,"Matit",-13.04
"2003-04-08",7,"Durrësit",2.79
"2003-04-08",8,"Krujës",-5.95
"2003-04-08",9,"Elbasanit",-7.6
"2003-04-08",10,"Gramshit",-9.76
"2003-04-08",11,"Librazhdit",-10.79
"2003-04-08",12,"Peqinit",-1.26
"2003-04-08",13,"Fierit",2.25
"2003-04-08",14,"Lushnjës",0.81
"2003-04-08",15,"Mallakastrës",-2.44
"2003-04-08",16,"Gjirokastrës",-2.95
"2003-04-08",17,"Përmetit",-8.09
"2003-04-08",18,"Tepelenës",-4.67
"2003-04-08",19,"Devollit",-11.96
"2003-04-08",20,"Kolonjës",-10.93
"2003-04-08",21,"Korçës",-11.46
"2003-04-08",22,"Pogradecit",-9.84
"2003-04-08",23,"Has",-5.67
"2003-04-08",24,"Kukësit",-11.34
"2003-04-08",25,"Tropojës",-8.54
"2003-04-08",26,"Kurbinit",-4.84
"2003-04-08",27,"Lezhës",-2.54
"2003-04-08",28,"Mirditës",-10.3
"2003-04-08",29,"Shkodrës",-1.45
"2003-04-08",30,"Malësi e Madhe",-5.19
"2003-04-08",31,"Pukës",-6.75
"2003-04-08",32,"Shkodrës",-3.42
"2003-04-08",33,"Kavajës",1.2
"2003-04-08",34,"Tiranës",-6.77
"2003-04-08",35,"Delvinës",1.05
"2003-04-08",36,"Sarandës",2.52
"2003-04-08",37,"Vlorës",1.32
"2003-04-09",1,"Beratit",-7.1
"2003-04-09",2,"Kuçovës",-6.99
"2003-04-09",3,"Skraparit",-12.1
"2003-04-09",4,"Bulqizës",-11.98
"2003-04-09",5,"Dibrës",-13.56
"2003-04-09",6,"Matit",-10.43
"2003-04-09",7,"Durrësit",5.51
"2003-04-09",8,"Krujës",-1.18
"2003-04-09",9,"Elbasanit",-8.02
"2003-04-09",10,"Gramshit",-10.62
"2003-04-09",11,"Librazhdit",-10.01
"2003-04-09",12,"Peqinit",-0.67
"2003-04-09",13,"Fierit",1.87
"2003-04-09",14,"Lushnjës",1.18
"2003-04-09",15,"Mallakastrës",-3.95
"2003-04-09",16,"Gjirokastrës",-4.64
"2003-04-09",17,"Përmetit",-9.92
"2003-04-09",18,"Tepelenës",-5.48
"2003-04-09",19,"Devollit",-10.08
"2003-04-09",20,"Kolonjës",-11.63
"2003-04-09",21,"Korçës",-10.05
"2003-04-09",22,"Pogradecit",-8.4
"2003-04-09",23,"Has",-6.65
"2003-04-09",24,"Kukësit",-11.06
"2003-04-09",25,"Tropojës",-8.44
"2003-04-09",26,"Kurbinit",-0.08
"2003-04-09",27,"Lezhës",0.5
"2003-04-09",28,"Mirditës",-7.64
"2003-04-09",29,"Shkodrës",-0.84
"2003-04-09",30,"Malësi e Madhe",-4
"2003-04-09",31,"Pukës",-6.48
"2003-04-09",32,"Shkodrës",-2.39
"2003-04-09",33,"Kavajës",3.01
"2003-04-09",34,"Tiranës",-4.33
"2003-04-09",35,"Delvinës",-0.05
"2003-04-09",36,"Sarandës",1.83
"2003-04-09",37,"Vlorës",1.36
"2003-04-10",1,"Beratit",5.48
"2003-04-10",2,"Kuçovës",5.79
"2003-04-10",3,"Skraparit",2.57
"2003-04-10",4,"Bulqizës",-0.09
"2003-04-10",5,"Dibrës",-1.07
"2003-04-10",6,"Matit",2.05
"2003-04-10",7,"Durrësit",8.35
"2003-04-10",8,"Krujës",6.2
"2003-04-10",9,"Elbasanit",5
"2003-04-10",10,"Gramshit",3.14
"2003-04-10",11,"Librazhdit",1.82
"2003-04-10",12,"Peqinit",7.57
"2003-04-10",13,"Fierit",8.33
"2003-04-10",14,"Lushnjës",7.96
"2003-04-10",15,"Mallakastrës",6.08
"2003-04-10",16,"Gjirokastrës",4.38
"2003-04-10",17,"Përmetit",2.21
"2003-04-10",18,"Tepelenës",4.68
"2003-04-10",19,"Devollit",-0.28
"2003-04-10",20,"Kolonjës",0.36
"2003-04-10",21,"Korçës",-0.04
"2003-04-10",22,"Pogradecit",0.24
"2003-04-10",23,"Has",2.9
"2003-04-10",24,"Kukësit",-0.17
"2003-04-10",25,"Tropojës",0.92
"2003-04-10",26,"Kurbinit",6.6
"2003-04-10",27,"Lezhës",6.65
"2003-04-10",28,"Mirditës",3.17
"2003-04-10",29,"Shkodrës",6.09
"2003-04-10",30,"Malësi e Madhe",2.69
"2003-04-10",31,"Pukës",2.84
"2003-04-10",32,"Shkodrës",4.42
"2003-04-10",33,"Kavajës",7.88
"2003-04-10",34,"Tiranës",5.59
"2003-04-10",35,"Delvinës",6.35
"2003-04-10",36,"Sarandës",7.8
"2003-04-10",37,"Vlorës",7.71
"2003-04-11",1,"Beratit",11.59
"2003-04-11",2,"Kuçovës",11.59
"2003-04-11",3,"Skraparit",8.79
"2003-04-11",4,"Bulqizës",4.96
"2003-04-11",5,"Dibrës",4.3
"2003-04-11",6,"Matit",7.06
"2003-04-11",7,"Durrësit",13.94
"2003-04-11",8,"Krujës",11.36
"2003-04-11",9,"Elbasanit",9.25
"2003-04-11",10,"Gramshit",8.26
"2003-04-11",11,"Librazhdit",5.98
"2003-04-11",12,"Peqinit",12.12
"2003-04-11",13,"Fierit",14.74
"2003-04-11",14,"Lushnjës",13.5
"2003-04-11",15,"Mallakastrës",13.14
"2003-04-11",16,"Gjirokastrës",11.74
"2003-04-11",17,"Përmetit",8.8
"2003-04-11",18,"Tepelenës",11.22
"2003-04-11",19,"Devollit",3.39
"2003-04-11",20,"Kolonjës",5.81
"2003-04-11",21,"Korçës",4.25
"2003-04-11",22,"Pogradecit",4.27
"2003-04-11",23,"Has",6.5
"2003-04-11",24,"Kukësit",4.82
"2003-04-11",25,"Tropojës",5.58
"2003-04-11",26,"Kurbinit",11.15
"2003-04-11",27,"Lezhës",10.68
"2003-04-11",28,"Mirditës",7.53
"2003-04-11",29,"Shkodrës",10.08
"2003-04-11",30,"Malësi e Madhe",8.45
"2003-04-11",31,"Pukës",6.79
"2003-04-11",32,"Shkodrës",9.1
"2003-04-11",33,"Kavajës",13.43
"2003-04-11",34,"Tiranës",10.29
"2003-04-11",35,"Delvinës",13.34
"2003-04-11",36,"Sarandës",13.86
"2003-04-11",37,"Vlorës",13.77
"2003-04-12",1,"Beratit",12.66
"2003-04-12",2,"Kuçovës",12.92
"2003-04-12",3,"Skraparit",10.65
"2003-04-12",4,"Bulqizës",7.1
"2003-04-12",5,"Dibrës",6.89
"2003-04-12",6,"Matit",9.94
"2003-04-12",7,"Durrësit",14.25
"2003-04-12",8,"Krujës",12.96
"2003-04-12",9,"Elbasanit",11.76
"2003-04-12",10,"Gramshit",10.56
"2003-04-12",11,"Librazhdit",8.91
"2003-04-12",12,"Peqinit",14.16
"2003-04-12",13,"Fierit",14.35
"2003-04-12",14,"Lushnjës",14.49
"2003-04-12",15,"Mallakastrës",13.08
"2003-04-12",16,"Gjirokastrës",12.29
"2003-04-12",17,"Përmetit",10.92
"2003-04-12",18,"Tepelenës",12.07
"2003-04-12",19,"Devollit",7.8
"2003-04-12",20,"Kolonjës",9.23
"2003-04-12",21,"Korçës",8.26
"2003-04-12",22,"Pogradecit",8.11
"2003-04-12",23,"Has",8.24
"2003-04-12",24,"Kukësit",6.77
"2003-04-12",25,"Tropojës",5.94
"2003-04-12",26,"Kurbinit",13.31
"2003-04-12",27,"Lezhës",13.16
"2003-04-12",28,"Mirditës",10.58
"2003-04-12",29,"Shkodrës",12.35
"2003-04-12",30,"Malësi e Madhe",9.55
"2003-04-12",31,"Pukës",9.02
"2003-04-12",32,"Shkodrës",10.73
"2003-04-12",33,"Kavajës",14.27
"2003-04-12",34,"Tiranës",12.42
"2003-04-12",35,"Delvinës",13
"2003-04-12",36,"Sarandës",13.47
"2003-04-12",37,"Vlorës",13.55
"2003-04-13",1,"Beratit",10.44
"2003-04-13",2,"Kuçovës",10.67
"2003-04-13",3,"Skraparit",8.42
"2003-04-13",4,"Bulqizës",5.42
"2003-04-13",5,"Dibrës",4.22
"2003-04-13",6,"Matit",7.27
"2003-04-13",7,"Durrësit",11.72
"2003-04-13",8,"Krujës",10.06
"2003-04-13",9,"Elbasanit",9.4
"2003-04-13",10,"Gramshit",8.64
"2003-04-13",11,"Librazhdit",6.91
"2003-04-13",12,"Peqinit",11.45
"2003-04-13",13,"Fierit",12.06
"2003-04-13",14,"Lushnjës",11.79
"2003-04-13",15,"Mallakastrës",10.61
"2003-04-13",16,"Gjirokastrës",9.05
"2003-04-13",17,"Përmetit",7.78
"2003-04-13",18,"Tepelenës",9.55
"2003-04-13",19,"Devollit",5.89
"2003-04-13",20,"Kolonjës",6.4
"2003-04-13",21,"Korçës",6.33
"2003-04-13",22,"Pogradecit",6.38
"2003-04-13",23,"Has",7.23
"2003-04-13",24,"Kukësit",4.75
"2003-04-13",25,"Tropojës",4.98
"2003-04-13",26,"Kurbinit",10.41
"2003-04-13",27,"Lezhës",10.33
"2003-04-13",28,"Mirditës",7.79
"2003-04-13",29,"Shkodrës",9.58
"2003-04-13",30,"Malësi e Madhe",7.34
"2003-04-13",31,"Pukës",6.94
"2003-04-13",32,"Shkodrës",8.38
"2003-04-13",33,"Kavajës",11.57
"2003-04-13",34,"Tiranës",9.68
"2003-04-13",35,"Delvinës",10.22
"2003-04-13",36,"Sarandës",10.98
"2003-04-13",37,"Vlorës",11.27
"2003-04-14",1,"Beratit",7.42
"2003-04-14",2,"Kuçovës",7.45
"2003-04-14",3,"Skraparit",5.83
"2003-04-14",4,"Bulqizës",2.94
"2003-04-14",5,"Dibrës",2.45
"2003-04-14",6,"Matit",4.9
"2003-04-14",7,"Durrësit",12.27
"2003-04-14",8,"Krujës",8.41
"2003-04-14",9,"Elbasanit",6.12
"2003-04-14",10,"Gramshit",5.26
"2003-04-14",11,"Librazhdit",3.8
"2003-04-14",12,"Peqinit",9
"2003-04-14",13,"Fierit",11.17
"2003-04-14",14,"Lushnjës",10.6
"2003-04-14",15,"Mallakastrës",8.48
"2003-04-14",16,"Gjirokastrës",7.52
"2003-04-14",17,"Përmetit",6.24
"2003-04-14",18,"Tepelenës",7.52
"2003-04-14",19,"Devollit",4.7
"2003-04-14",20,"Kolonjës",5.09
"2003-04-14",21,"Korçës",4.24
"2003-04-14",22,"Pogradecit",3.45
"2003-04-14",23,"Has",4.88
"2003-04-14",24,"Kukësit",2.77
"2003-04-14",25,"Tropojës",3.58
"2003-04-14",26,"Kurbinit",9.07
"2003-04-14",27,"Lezhës",9.58
"2003-04-14",28,"Mirditës",5.98
"2003-04-14",29,"Shkodrës",9.18
"2003-04-14",30,"Malësi e Madhe",6.65
"2003-04-14",31,"Pukës",5.64
"2003-04-14",32,"Shkodrës",7.71
"2003-04-14",33,"Kavajës",11.41
"2003-04-14",34,"Tiranës",7.45
"2003-04-14",35,"Delvinës",9.19
"2003-04-14",36,"Sarandës",10.15
"2003-04-14",37,"Vlorës",10.31
"2003-04-15",1,"Beratit",7.01
"2003-04-15",2,"Kuçovës",7.15
"2003-04-15",3,"Skraparit",4.18
"2003-04-15",4,"Bulqizës",2.43
"2003-04-15",5,"Dibrës",2.04
"2003-04-15",6,"Matit",4.62
"2003-04-15",7,"Durrësit",12.51
"2003-04-15",8,"Krujës",7.98
"2003-04-15",9,"Elbasanit",6.6
"2003-04-15",10,"Gramshit",4.63
"2003-04-15",11,"Librazhdit",3.57
"2003-04-15",12,"Peqinit",9.62
"2003-04-15",13,"Fierit",11.06
"2003-04-15",14,"Lushnjës",10.8
"2003-04-15",15,"Mallakastrës",8.7
"2003-04-15",16,"Gjirokastrës",6.72
"2003-04-15",17,"Përmetit",4.71
"2003-04-15",18,"Tepelenës",7.07
"2003-04-15",19,"Devollit",3.59
"2003-04-15",20,"Kolonjës",2.84
"2003-04-15",21,"Korçës",2.84
"2003-04-15",22,"Pogradecit",3.03
"2003-04-15",23,"Has",6.71
"2003-04-15",24,"Kukësit",3.5
"2003-04-15",25,"Tropojës",4.95
"2003-04-15",26,"Kurbinit",8.98
"2003-04-15",27,"Lezhës",10.02
"2003-04-15",28,"Mirditës",6.25
"2003-04-15",29,"Shkodrës",9.92
"2003-04-15",30,"Malësi e Madhe",7.09
"2003-04-15",31,"Pukës",6.68
"2003-04-15",32,"Shkodrës",8.47
"2003-04-15",33,"Kavajës",11.46
"2003-04-15",34,"Tiranës",7.54
"2003-04-15",35,"Delvinës",9.01
"2003-04-15",36,"Sarandës",9.96
"2003-04-15",37,"Vlorës",10.58
"2003-04-16",1,"Beratit",9.05
"2003-04-16",2,"Kuçovës",9.06
"2003-04-16",3,"Skraparit",6.4
"2003-04-16",4,"Bulqizës",7.5
"2003-04-16",5,"Dibrës",6.22
"2003-04-16",6,"Matit",8.66
"2003-04-16",7,"Durrësit",13.88
"2003-04-16",8,"Krujës",11.66
"2003-04-16",9,"Elbasanit",9.27
"2003-04-16",10,"Gramshit",7.01
"2003-04-16",11,"Librazhdit",7.46
"2003-04-16",12,"Peqinit",11.62
"2003-04-16",13,"Fierit",12.05
"2003-04-16",14,"Lushnjës",12.07
"2003-04-16",15,"Mallakastrës",10.54
"2003-04-16",16,"Gjirokastrës",9.32
"2003-04-16",17,"Përmetit",7.1
"2003-04-16",18,"Tepelenës",9.94
"2003-04-16",19,"Devollit",4.91
"2003-04-16",20,"Kolonjës",4.22
"2003-04-16",21,"Korçës",4.44
"2003-04-16",22,"Pogradecit",5.53
"2003-04-16",23,"Has",12.23
"2003-04-16",24,"Kukësit",8.53
"2003-04-16",25,"Tropojës",7.6
"2003-04-16",26,"Kurbinit",12.35
"2003-04-16",27,"Lezhës",13.05
"2003-04-16",28,"Mirditës",10.03
"2003-04-16",29,"Shkodrës",13.07
"2003-04-16",30,"Malësi e Madhe",9.49
"2003-04-16",31,"Pukës",10.21
"2003-04-16",32,"Shkodrës",11.44
"2003-04-16",33,"Kavajës",12.83
"2003-04-16",34,"Tiranës",10.82
"2003-04-16",35,"Delvinës",11.14
"2003-04-16",36,"Sarandës",10.79
"2003-04-16",37,"Vlorës",11.82
"2003-04-17",1,"Beratit",10.96
"2003-04-17",2,"Kuçovës",11.08
"2003-04-17",3,"Skraparit",8.83
"2003-04-17",4,"Bulqizës",6.91
"2003-04-17",5,"Dibrës",6.11
"2003-04-17",6,"Matit",9.03
"2003-04-17",7,"Durrësit",14.05
"2003-04-17",8,"Krujës",12.2
"2003-04-17",9,"Elbasanit",11.03
"2003-04-17",10,"Gramshit",9.17
"2003-04-17",11,"Librazhdit",8.16
"2003-04-17",12,"Peqinit",12.98
"2003-04-17",13,"Fierit",14.06
"2003-04-17",14,"Lushnjës",13.7
"2003-04-17",15,"Mallakastrës",12.1
"2003-04-17",16,"Gjirokastrës",11.41
"2003-04-17",17,"Përmetit",9.52
"2003-04-17",18,"Tepelenës",11.43
"2003-04-17",19,"Devollit",6.53
"2003-04-17",20,"Kolonjës",7.04
"2003-04-17",21,"Korçës",6.73
"2003-04-17",22,"Pogradecit",7
"2003-04-17",23,"Has",10.71
"2003-04-17",24,"Kukësit",7.79
"2003-04-17",25,"Tropojës",6.76
"2003-04-17",26,"Kurbinit",12.61
"2003-04-17",27,"Lezhës",12.84
"2003-04-17",28,"Mirditës",9.96
"2003-04-17",29,"Shkodrës",12.63
"2003-04-17",30,"Malësi e Madhe",9.13
"2003-04-17",31,"Pukës",9.44
"2003-04-17",32,"Shkodrës",10.99
"2003-04-17",33,"Kavajës",13.78
"2003-04-17",34,"Tiranës",11.75
"2003-04-17",35,"Delvinës",12.87
"2003-04-17",36,"Sarandës",12.87
"2003-04-17",37,"Vlorës",13.23
"2003-04-18",1,"Beratit",12.1
"2003-04-18",2,"Kuçovës",12.41
"2003-04-18",3,"Skraparit",9.26
"2003-04-18",4,"Bulqizës",6.65
"2003-04-18",5,"Dibrës",5.92
"2003-04-18",6,"Matit",9.72
"2003-04-18",7,"Durrësit",14.83
"2003-04-18",8,"Krujës",13.21
"2003-04-18",9,"Elbasanit",11.56
"2003-04-18",10,"Gramshit",9.67
"2003-04-18",11,"Librazhdit",8.04
"2003-04-18",12,"Peqinit",14.52
"2003-04-18",13,"Fierit",15.12
"2003-04-18",14,"Lushnjës",15.02
"2003-04-18",15,"Mallakastrës",13.08
"2003-04-18",16,"Gjirokastrës",11.01
"2003-04-18",17,"Përmetit",9.45
"2003-04-18",18,"Tepelenës",11.35
"2003-04-18",19,"Devollit",6.82
"2003-04-18",20,"Kolonjës",7.19
"2003-04-18",21,"Korçës",7.05
"2003-04-18",22,"Pogradecit",6.99
"2003-04-18",23,"Has",8.37
"2003-04-18",24,"Kukësit",6.27
"2003-04-18",25,"Tropojës",5.23
"2003-04-18",26,"Kurbinit",13.98
"2003-04-18",27,"Lezhës",14.26
"2003-04-18",28,"Mirditës",10.79
"2003-04-18",29,"Shkodrës",13.61
"2003-04-18",30,"Malësi e Madhe",8.7
"2003-04-18",31,"Pukës",9.36
"2003-04-18",32,"Shkodrës",11.19
"2003-04-18",33,"Kavajës",14.81
"2003-04-18",34,"Tiranës",12.62
"2003-04-18",35,"Delvinës",11.61
"2003-04-18",36,"Sarandës",11.92
"2003-04-18",37,"Vlorës",12.97
"2003-04-19",1,"Beratit",7.51
"2003-04-19",2,"Kuçovës",7.58
"2003-04-19",3,"Skraparit",5.5
"2003-04-19",4,"Bulqizës",2.72
"2003-04-19",5,"Dibrës",1.84
"2003-04-19",6,"Matit",4.45
"2003-04-19",7,"Durrësit",12.7
"2003-04-19",8,"Krujës",8.28
"2003-04-19",9,"Elbasanit",6.38
"2003-04-19",10,"Gramshit",5.27
"2003-04-19",11,"Librazhdit",4.1
"2003-04-19",12,"Peqinit",9.64
"2003-04-19",13,"Fierit",11.41
"2003-04-19",14,"Lushnjës",10.88
"2003-04-19",15,"Mallakastrës",8.96
"2003-04-19",16,"Gjirokastrës",8.38
"2003-04-19",17,"Përmetit",6.78
"2003-04-19",18,"Tepelenës",8.03
"2003-04-19",19,"Devollit",4.15
"2003-04-19",20,"Kolonjës",5.28
"2003-04-19",21,"Korçës",4.54
"2003-04-19",22,"Pogradecit",4.18
"2003-04-19",23,"Has",4.85
"2003-04-19",24,"Kukësit",2.62
"2003-04-19",25,"Tropojës",3.24
"2003-04-19",26,"Kurbinit",9.23
"2003-04-19",27,"Lezhës",10.05
"2003-04-19",28,"Mirditës",5.86
"2003-04-19",29,"Shkodrës",9.75
"2003-04-19",30,"Malësi e Madhe",6.42
"2003-04-19",31,"Pukës",5.63
"2003-04-19",32,"Shkodrës",7.97
"2003-04-19",33,"Kavajës",11.53
"2003-04-19",34,"Tiranës",7.26
"2003-04-19",35,"Delvinës",10.35
"2003-04-19",36,"Sarandës",9.94
"2003-04-19",37,"Vlorës",11.15
"2003-04-20",1,"Beratit",5.68
"2003-04-20",2,"Kuçovës",5.78
"2003-04-20",3,"Skraparit",3.36
"2003-04-20",4,"Bulqizës",2.47
"2003-04-20",5,"Dibrës",0.51
"2003-04-20",6,"Matit",2.91
"2003-04-20",7,"Durrësit",12.36
"2003-04-20",8,"Krujës",6.98
"2003-04-20",9,"Elbasanit",5.28
"2003-04-20",10,"Gramshit",3.81
"2003-04-20",11,"Librazhdit",3.82
"2003-04-20",12,"Peqinit",8.65
"2003-04-20",13,"Fierit",9.62
"2003-04-20",14,"Lushnjës",9.68
"2003-04-20",15,"Mallakastrës",7.19
"2003-04-20",16,"Gjirokastrës",7.12
"2003-04-20",17,"Përmetit",4.79
"2003-04-20",18,"Tepelenës",6.44
"2003-04-20",19,"Devollit",3.41
"2003-04-20",20,"Kolonjës",3.27
"2003-04-20",21,"Korçës",3.16
"2003-04-20",22,"Pogradecit",3.59
"2003-04-20",23,"Has",4.79
"2003-04-20",24,"Kukësit",1.88
"2003-04-20",25,"Tropojës",2.57
"2003-04-20",26,"Kurbinit",7.99
"2003-04-20",27,"Lezhës",8.76
"2003-04-20",28,"Mirditës",4.09
"2003-04-20",29,"Shkodrës",7.99
"2003-04-20",30,"Malësi e Madhe",5.58
"2003-04-20",31,"Pukës",3.94
"2003-04-20",32,"Shkodrës",6.56
"2003-04-20",33,"Kavajës",10.81
"2003-04-20",34,"Tiranës",6.35
"2003-04-20",35,"Delvinës",9.48
"2003-04-20",36,"Sarandës",9.35
"2003-04-20",37,"Vlorës",9.38
"2003-04-21",1,"Beratit",6.76
"2003-04-21",2,"Kuçovës",6.85
"2003-04-21",3,"Skraparit",5.01
"2003-04-21",4,"Bulqizës",4.48
"2003-04-21",5,"Dibrës",3.52
"2003-04-21",6,"Matit",4.74
"2003-04-21",7,"Durrësit",12.65
"2003-04-21",8,"Krujës",8
"2003-04-21",9,"Elbasanit",6.24
"2003-04-21",10,"Gramshit",5.04
"2003-04-21",11,"Librazhdit",5.04
"2003-04-21",12,"Peqinit",8.99
"2003-04-21",13,"Fierit",10.41
"2003-04-21",14,"Lushnjës",10.01
"2003-04-21",15,"Mallakastrës",8.06
"2003-04-21",16,"Gjirokastrës",7.55
"2003-04-21",17,"Përmetit",5.97
"2003-04-21",18,"Tepelenës",7.11
"2003-04-21",19,"Devollit",4.03
"2003-04-21",20,"Kolonjës",4.65
"2003-04-21",21,"Korçës",4.1
"2003-04-21",22,"Pogradecit",4.3
"2003-04-21",23,"Has",7.94
"2003-04-21",24,"Kukësit",4.64
"2003-04-21",25,"Tropojës",4.81
"2003-04-21",26,"Kurbinit",8.69
"2003-04-21",27,"Lezhës",9.84
"2003-04-21",28,"Mirditës",6.23
"2003-04-21",29,"Shkodrës",10.25
"2003-04-21",30,"Malësi e Madhe",6.55
"2003-04-21",31,"Pukës",7.87
"2003-04-21",32,"Shkodrës",8.69
"2003-04-21",33,"Kavajës",10.97
"2003-04-21",34,"Tiranës",7.26
"2003-04-21",35,"Delvinës",9.42
"2003-04-21",36,"Sarandës",9.34
"2003-04-21",37,"Vlorës",9.95
"2003-04-22",1,"Beratit",8.23
"2003-04-22",2,"Kuçovës",8.53
"2003-04-22",3,"Skraparit",5.46
"2003-04-22",4,"Bulqizës",5.31
"2003-04-22",5,"Dibrës",4.77
"2003-04-22",6,"Matit",7.33
"2003-04-22",7,"Durrësit",12.52
"2003-04-22",8,"Krujës",10.52
"2003-04-22",9,"Elbasanit",8.23
"2003-04-22",10,"Gramshit",6.44
"2003-04-22",11,"Librazhdit",6.01
"2003-04-22",12,"Peqinit",10.58
"2003-04-22",13,"Fierit",11.57
"2003-04-22",14,"Lushnjës",11.16
"2003-04-22",15,"Mallakastrës",9.11
"2003-04-22",16,"Gjirokastrës",6.54
"2003-04-22",17,"Përmetit",4.85
"2003-04-22",18,"Tepelenës",6.98
"2003-04-22",19,"Devollit",4.48
"2003-04-22",20,"Kolonjës",3.67
"2003-04-22",21,"Korçës",4.23
"2003-04-22",22,"Pogradecit",4.84
"2003-04-22",23,"Has",7.12
"2003-04-22",24,"Kukësit",5.13
"2003-04-22",25,"Tropojës",4.99
"2003-04-22",26,"Kurbinit",10.93
"2003-04-22",27,"Lezhës",10.97
"2003-04-22",28,"Mirditës",8.08
"2003-04-22",29,"Shkodrës",10.33
"2003-04-22",30,"Malësi e Madhe",6.79
"2003-04-22",31,"Pukës",7.44
"2003-04-22",32,"Shkodrës",8.79
"2003-04-22",33,"Kavajës",11.62
"2003-04-22",34,"Tiranës",9.57
"2003-04-22",35,"Delvinës",8.55
"2003-04-22",36,"Sarandës",9.6
"2003-04-22",37,"Vlorës",10.34
"2003-04-23",1,"Beratit",7.57
"2003-04-23",2,"Kuçovës",7.51
"2003-04-23",3,"Skraparit",5.65
"2003-04-23",4,"Bulqizës",5.07
"2003-04-23",5,"Dibrës",4.13
"2003-04-23",6,"Matit",6.15
"2003-04-23",7,"Durrësit",11.8
"2003-04-23",8,"Krujës",8.92
"2003-04-23",9,"Elbasanit",7
"2003-04-23",10,"Gramshit",5.61
"2003-04-23",11,"Librazhdit",5.33
"2003-04-23",12,"Peqinit",9.34
"2003-04-23",13,"Fierit",11.06
"2003-04-23",14,"Lushnjës",10.31
"2003-04-23",15,"Mallakastrës",9.23
"2003-04-23",16,"Gjirokastrës",9.1
"2003-04-23",17,"Përmetit",7.09
"2003-04-23",18,"Tepelenës",8.54
"2003-04-23",19,"Devollit",5.4
"2003-04-23",20,"Kolonjës",5.64
"2003-04-23",21,"Korçës",4.72
"2003-04-23",22,"Pogradecit",4.64
"2003-04-23",23,"Has",5.95
"2003-04-23",24,"Kukësit",3.43
"2003-04-23",25,"Tropojës",3.48
"2003-04-23",26,"Kurbinit",9.52
"2003-04-23",27,"Lezhës",9.69
"2003-04-23",28,"Mirditës",6.59
"2003-04-23",29,"Shkodrës",8.81
"2003-04-23",30,"Malësi e Madhe",5.68
"2003-04-23",31,"Pukës",5.66
"2003-04-23",32,"Shkodrës",7.29
"2003-04-23",33,"Kavajës",10.82
"2003-04-23",34,"Tiranës",8.05
"2003-04-23",35,"Delvinës",10.66
"2003-04-23",36,"Sarandës",10.62
"2003-04-23",37,"Vlorës",11.15
"2003-04-24",1,"Beratit",5.8
"2003-04-24",2,"Kuçovës",5.77
"2003-04-24",3,"Skraparit",3.99
"2003-04-24",4,"Bulqizës",0.94
"2003-04-24",5,"Dibrës",-1.13
"2003-04-24",6,"Matit",2.4
"2003-04-24",7,"Durrësit",12.61
"2003-04-24",8,"Krujës",7.28
"2003-04-24",9,"Elbasanit",5.09
"2003-04-24",10,"Gramshit",3.87
"2003-04-24",11,"Librazhdit",3.09
"2003-04-24",12,"Peqinit",8.49
"2003-04-24",13,"Fierit",10.4
"2003-04-24",14,"Lushnjës",10.16
"2003-04-24",15,"Mallakastrës",7.59
"2003-04-24",16,"Gjirokastrës",8.14
"2003-04-24",17,"Përmetit",5.91
"2003-04-24",18,"Tepelenës",6.78
"2003-04-24",19,"Devollit",4.54
"2003-04-24",20,"Kolonjës",5.08
"2003-04-24",21,"Korçës",3.82
"2003-04-24",22,"Pogradecit",3.25
"2003-04-24",23,"Has",1.69
"2003-04-24",24,"Kukësit",-0.91
"2003-04-24",25,"Tropojës",-0.06
"2003-04-24",26,"Kurbinit",7.85
"2003-04-24",27,"Lezhës",8.7
"2003-04-24",28,"Mirditës",2.95
"2003-04-24",29,"Shkodrës",8.76
"2003-04-24",30,"Malësi e Madhe",4.94
"2003-04-24",31,"Pukës",2.4
"2003-04-24",32,"Shkodrës",6.64
"2003-04-24",33,"Kavajës",11.27
"2003-04-24",34,"Tiranës",6.46
"2003-04-24",35,"Delvinës",9.99
"2003-04-24",36,"Sarandës",10.53
"2003-04-24",37,"Vlorës",9.59
"2003-04-25",1,"Beratit",8.68
"2003-04-25",2,"Kuçovës",8.81
"2003-04-25",3,"Skraparit",6.64
"2003-04-25",4,"Bulqizës",1.27
"2003-04-25",5,"Dibrës",0.04
"2003-04-25",6,"Matit",3.55
"2003-04-25",7,"Durrësit",12.73
"2003-04-25",8,"Krujës",8.08
"2003-04-25",9,"Elbasanit",6.79
"2003-04-25",10,"Gramshit",6.55
"2003-04-25",11,"Librazhdit",3.98
"2003-04-25",12,"Peqinit",9.82
"2003-04-25",13,"Fierit",11.77
"2003-04-25",14,"Lushnjës",11.41
"2003-04-25",15,"Mallakastrës",9.35
"2003-04-25",16,"Gjirokastrës",7.97
"2003-04-25",17,"Përmetit",6.16
"2003-04-25",18,"Tepelenës",8.08
"2003-04-25",19,"Devollit",3.68
"2003-04-25",20,"Kolonjës",4.68
"2003-04-25",21,"Korçës",4.3
"2003-04-25",22,"Pogradecit",4.36
"2003-04-25",23,"Has",2.91
"2003-04-25",24,"Kukësit",0.77
"2003-04-25",25,"Tropojës",1.63
"2003-04-25",26,"Kurbinit",8.52
"2003-04-25",27,"Lezhës",8.52
"2003-04-25",28,"Mirditës",4.06
"2003-04-25",29,"Shkodrës",7.25
"2003-04-25",30,"Malësi e Madhe",4.97
"2003-04-25",31,"Pukës",3.26
"2003-04-25",32,"Shkodrës",5.67
"2003-04-25",33,"Kavajës",11.88
"2003-04-25",34,"Tiranës",7.28
"2003-04-25",35,"Delvinës",9.58
"2003-04-25",36,"Sarandës",11.28
"2003-04-25",37,"Vlorës",10.73
"2003-04-26",1,"Beratit",5.82
"2003-04-26",2,"Kuçovës",6.14
"2003-04-26",3,"Skraparit",3.95
"2003-04-26",4,"Bulqizës",3.91
"2003-04-26",5,"Dibrës",2.43
"2003-04-26",6,"Matit",4.06
"2003-04-26",7,"Durrësit",13.17
"2003-04-26",8,"Krujës",7.79
"2003-04-26",9,"Elbasanit",5.62
"2003-04-26",10,"Gramshit",4.22
"2003-04-26",11,"Librazhdit",4.5
"2003-04-26",12,"Peqinit",8.91
"2003-04-26",13,"Fierit",10.33
"2003-04-26",14,"Lushnjës",10.43
"2003-04-26",15,"Mallakastrës",6.88
"2003-04-26",16,"Gjirokastrës",7.31
"2003-04-26",17,"Përmetit",5.65
"2003-04-26",18,"Tepelenës",5.71
"2003-04-26",19,"Devollit",4.35
"2003-04-26",20,"Kolonjës",4.58
"2003-04-26",21,"Korçës",3.98
"2003-04-26",22,"Pogradecit",4.31
"2003-04-26",23,"Has",7.83
"2003-04-26",24,"Kukësit",4.87
"2003-04-26",25,"Tropojës",3.54
"2003-04-26",26,"Kurbinit",8.46
"2003-04-26",27,"Lezhës",8.71
"2003-04-26",28,"Mirditës",5.09
"2003-04-26",29,"Shkodrës",7.34
"2003-04-26",30,"Malësi e Madhe",4.39
"2003-04-26",31,"Pukës",5.38
"2003-04-26",32,"Shkodrës",6.02
"2003-04-26",33,"Kavajës",11.61
"2003-04-26",34,"Tiranës",6.88
"2003-04-26",35,"Delvinës",9.72
"2003-04-26",36,"Sarandës",10.15
"2003-04-26",37,"Vlorës",9
"2003-04-27",1,"Beratit",8
"2003-04-27",2,"Kuçovës",7.91
"2003-04-27",3,"Skraparit",6.61
"2003-04-27",4,"Bulqizës",6.4
"2003-04-27",5,"Dibrës",5.37
"2003-04-27",6,"Matit",7.1
"2003-04-27",7,"Durrësit",13.75
"2003-04-27",8,"Krujës",9.52
"2003-04-27",9,"Elbasanit",7.7
"2003-04-27",10,"Gramshit",6.45
"2003-04-27",11,"Librazhdit",6.77
"2003-04-27",12,"Peqinit",10.15
"2003-04-27",13,"Fierit",11.79
"2003-04-27",14,"Lushnjës",11.25
"2003-04-27",15,"Mallakastrës",9.63
"2003-04-27",16,"Gjirokastrës",9.12
"2003-04-27",17,"Përmetit",8.03
"2003-04-27",18,"Tepelenës",9.01
"2003-04-27",19,"Devollit",3.65
"2003-04-27",20,"Kolonjës",6.32
"2003-04-27",21,"Korçës",5.35
"2003-04-27",22,"Pogradecit",5.92
"2003-04-27",23,"Has",6.64
"2003-04-27",24,"Kukësit",4.92
"2003-04-27",25,"Tropojës",4.8
"2003-04-27",26,"Kurbinit",10.02
"2003-04-27",27,"Lezhës",11.31
"2003-04-27",28,"Mirditës",7.4
"2003-04-27",29,"Shkodrës",12.19
"2003-04-27",30,"Malësi e Madhe",9.61
"2003-04-27",31,"Pukës",8.13
"2003-04-27",32,"Shkodrës",10.71
"2003-04-27",33,"Kavajës",12.23
"2003-04-27",34,"Tiranës",8.95
"2003-04-27",35,"Delvinës",10.71
"2003-04-27",36,"Sarandës",10.29
"2003-04-27",37,"Vlorës",11.54
"2003-04-28",1,"Beratit",11.92
"2003-04-28",2,"Kuçovës",12.4
"2003-04-28",3,"Skraparit",8.9
"2003-04-28",4,"Bulqizës",8.6
"2003-04-28",5,"Dibrës",7.61
"2003-04-28",6,"Matit",10.51
"2003-04-28",7,"Durrësit",15.37
"2003-04-28",8,"Krujës",13.59
"2003-04-28",9,"Elbasanit",12.45
"2003-04-28",10,"Gramshit",10.23
"2003-04-28",11,"Librazhdit",9.79
"2003-04-28",12,"Peqinit",14.64
"2003-04-28",13,"Fierit",14.96
"2003-04-28",14,"Lushnjës",14.99
"2003-04-28",15,"Mallakastrës",12.59
"2003-04-28",16,"Gjirokastrës",10.68
"2003-04-28",17,"Përmetit",8.91
"2003-04-28",18,"Tepelenës",10.53
"2003-04-28",19,"Devollit",5.95
"2003-04-28",20,"Kolonjës",6.6
"2003-04-28",21,"Korçës",6.92
"2003-04-28",22,"Pogradecit",8.23
"2003-04-28",23,"Has",10.39
"2003-04-28",24,"Kukësit",8.19
"2003-04-28",25,"Tropojës",7.78
"2003-04-28",26,"Kurbinit",13.73
"2003-04-28",27,"Lezhës",13.58
"2003-04-28",28,"Mirditës",10.94
"2003-04-28",29,"Shkodrës",13.17
"2003-04-28",30,"Malësi e Madhe",9.41
"2003-04-28",31,"Pukës",10.48
"2003-04-28",32,"Shkodrës",11.61
"2003-04-28",33,"Kavajës",15.05
"2003-04-28",34,"Tiranës",13.07
"2003-04-28",35,"Delvinës",12.21
"2003-04-28",36,"Sarandës",12.48
"2003-04-28",37,"Vlorës",13.07
"2003-04-29",1,"Beratit",9.82
"2003-04-29",2,"Kuçovës",9.81
"2003-04-29",3,"Skraparit",8.21
"2003-04-29",4,"Bulqizës",6.75
"2003-04-29",5,"Dibrës",5.67
"2003-04-29",6,"Matit",7.38
"2003-04-29",7,"Durrësit",14.52
"2003-04-29",8,"Krujës",10.65
"2003-04-29",9,"Elbasanit",8.93
"2003-04-29",10,"Gramshit",7.94
"2003-04-29",11,"Librazhdit",7.48
"2003-04-29",12,"Peqinit",11.89
"2003-04-29",13,"Fierit",12.79
"2003-04-29",14,"Lushnjës",12.65
"2003-04-29",15,"Mallakastrës",11.34
"2003-04-29",16,"Gjirokastrës",11.02
"2003-04-29",17,"Përmetit",9.77
"2003-04-29",18,"Tepelenës",10.64
"2003-04-29",19,"Devollit",5.36
"2003-04-29",20,"Kolonjës",8.11
"2003-04-29",21,"Korçës",6.68
"2003-04-29",22,"Pogradecit",6.9
"2003-04-29",23,"Has",8.48
"2003-04-29",24,"Kukësit",5.91
"2003-04-29",25,"Tropojës",5.88
"2003-04-29",26,"Kurbinit",11.02
"2003-04-29",27,"Lezhës",11.2
"2003-04-29",28,"Mirditës",7.75
"2003-04-29",29,"Shkodrës",10.41
"2003-04-29",30,"Malësi e Madhe",7.67
"2003-04-29",31,"Pukës",7.76
"2003-04-29",32,"Shkodrës",9.19
"2003-04-29",33,"Kavajës",13.34
"2003-04-29",34,"Tiranës",9.95
"2003-04-29",35,"Delvinës",12.38
"2003-04-29",36,"Sarandës",12.11
"2003-04-29",37,"Vlorës",12.59
"2003-04-30",1,"Beratit",9.82
"2003-04-30",2,"Kuçovës",9.66
"2003-04-30",3,"Skraparit",8.07
"2003-04-30",4,"Bulqizës",6.67
"2003-04-30",5,"Dibrës",5.59
"2003-04-30",6,"Matit",6.94
"2003-04-30",7,"Durrësit",14.77
"2003-04-30",8,"Krujës",10.18
"2003-04-30",9,"Elbasanit",8.7
"2003-04-30",10,"Gramshit",8.16
"2003-04-30",11,"Librazhdit",7.58
"2003-04-30",12,"Peqinit",11.6
"2003-04-30",13,"Fierit",13.74
"2003-04-30",14,"Lushnjës",13.18
"2003-04-30",15,"Mallakastrës",11.69
"2003-04-30",16,"Gjirokastrës",9.59
"2003-04-30",17,"Përmetit",8.32
"2003-04-30",18,"Tepelenës",10.57
"2003-04-30",19,"Devollit",5.23
"2003-04-30",20,"Kolonjës",6.7
"2003-04-30",21,"Korçës",6.76
"2003-04-30",22,"Pogradecit",7.43
"2003-04-30",23,"Has",7.65
"2003-04-30",24,"Kukësit",5.29
"2003-04-30",25,"Tropojës",4
"2003-04-30",26,"Kurbinit",10.67
"2003-04-30",27,"Lezhës",10.68
"2003-04-30",28,"Mirditës",7.27
"2003-04-30",29,"Shkodrës",9.38
"2003-04-30",30,"Malësi e Madhe",6.09
"2003-04-30",31,"Pukës",6.65
"2003-04-30",32,"Shkodrës",7.77
"2003-04-30",33,"Kavajës",13.86
"2003-04-30",34,"Tiranës",9.72
"2003-04-30",35,"Delvinës",11.08
"2003-04-30",36,"Sarandës",11.58
"2003-04-30",37,"Vlorës",13.22
"2003-05-01",1,"Beratit",11.52
"2003-05-01",2,"Kuçovës",11.41
"2003-05-01",3,"Skraparit",10.63
"2003-05-01",4,"Bulqizës",10.68
"2003-05-01",5,"Dibrës",10.52
"2003-05-01",6,"Matit",10.58
"2003-05-01",7,"Durrësit",15.48
"2003-05-01",8,"Krujës",12.25
"2003-05-01",9,"Elbasanit",11.18
"2003-05-01",10,"Gramshit",10.74
"2003-05-01",11,"Librazhdit",10.95
"2003-05-01",12,"Peqinit",12.95
"2003-05-01",13,"Fierit",14.96
"2003-05-01",14,"Lushnjës",14.39
"2003-05-01",15,"Mallakastrës",13.11
"2003-05-01",16,"Gjirokastrës",11.36
"2003-05-01",17,"Përmetit",11.2
"2003-05-01",18,"Tepelenës",12.08
"2003-05-01",19,"Devollit",9.58
"2003-05-01",20,"Kolonjës",10.68
"2003-05-01",21,"Korçës",10.64
"2003-05-01",22,"Pogradecit",10.93
"2003-05-01",23,"Has",11.88
"2003-05-01",24,"Kukësit",10.69
"2003-05-01",25,"Tropojës",8.63
"2003-05-01",26,"Kurbinit",12.67
"2003-05-01",27,"Lezhës",14.28
"2003-05-01",28,"Mirditës",11.76
"2003-05-01",29,"Shkodrës",16.24
"2003-05-01",30,"Malësi e Madhe",11.19
"2003-05-01",31,"Pukës",12.77
"2003-05-01",32,"Shkodrës",13.67
"2003-05-01",33,"Kavajës",14.91
"2003-05-01",34,"Tiranës",11.91
"2003-05-01",35,"Delvinës",12.2
"2003-05-01",36,"Sarandës",12.56
"2003-05-01",37,"Vlorës",13.85
"2003-05-02",1,"Beratit",12.77
"2003-05-02",2,"Kuçovës",12.58
"2003-05-02",3,"Skraparit",12.15
"2003-05-02",4,"Bulqizës",13.05
"2003-05-02",5,"Dibrës",12.61
"2003-05-02",6,"Matit",12.76
"2003-05-02",7,"Durrësit",16.35
"2003-05-02",8,"Krujës",13.85
"2003-05-02",9,"Elbasanit",12.72
"2003-05-02",10,"Gramshit",12.12
"2003-05-02",11,"Librazhdit",12.79
"2003-05-02",12,"Peqinit",14.28
"2003-05-02",13,"Fierit",15.81
"2003-05-02",14,"Lushnjës",15.36
"2003-05-02",15,"Mallakastrës",14.33
"2003-05-02",16,"Gjirokastrës",14.74
"2003-05-02",17,"Përmetit",13.86
"2003-05-02",18,"Tepelenës",14.39
"2003-05-02",19,"Devollit",12.76
"2003-05-02",20,"Kolonjës",13.25
"2003-05-02",21,"Korçës",12.77
"2003-05-02",22,"Pogradecit",12.58
"2003-05-02",23,"Has",13.13
"2003-05-02",24,"Kukësit",13.18
"2003-05-02",25,"Tropojës",9.35
"2003-05-02",26,"Kurbinit",14.26
"2003-05-02",27,"Lezhës",15.74
"2003-05-02",28,"Mirditës",13.72
"2003-05-02",29,"Shkodrës",17.62
"2003-05-02",30,"Malësi e Madhe",12.73
"2003-05-02",31,"Pukës",14.35
"2003-05-02",32,"Shkodrës",15.05
"2003-05-02",33,"Kavajës",15.89
"2003-05-02",34,"Tiranës",13.66
"2003-05-02",35,"Delvinës",15.6
"2003-05-02",36,"Sarandës",14.36
"2003-05-02",37,"Vlorës",15.44
"2003-05-03",1,"Beratit",13.34
"2003-05-03",2,"Kuçovës",13.23
"2003-05-03",3,"Skraparit",12.13
"2003-05-03",4,"Bulqizës",12.66
"2003-05-03",5,"Dibrës",11.97
"2003-05-03",6,"Matit",12.59
"2003-05-03",7,"Durrësit",16.63
"2003-05-03",8,"Krujës",13.57
"2003-05-03",9,"Elbasanit",12.45
"2003-05-03",10,"Gramshit",11.87
"2003-05-03",11,"Librazhdit",11.94
"2003-05-03",12,"Peqinit",14.48
"2003-05-03",13,"Fierit",15.61
"2003-05-03",14,"Lushnjës",15.46
"2003-05-03",15,"Mallakastrës",14.51
"2003-05-03",16,"Gjirokastrës",14.78
"2003-05-03",17,"Përmetit",13.44
"2003-05-03",18,"Tepelenës",14.65
"2003-05-03",19,"Devollit",12.18
"2003-05-03",20,"Kolonjës",12.62
"2003-05-03",21,"Korçës",12.04
"2003-05-03",22,"Pogradecit",11.6
"2003-05-03",23,"Has",12.28
"2003-05-03",24,"Kukësit",12.7
"2003-05-03",25,"Tropojës",8.81
"2003-05-03",26,"Kurbinit",13.94
"2003-05-03",27,"Lezhës",15.27
"2003-05-03",28,"Mirditës",13.17
"2003-05-03",29,"Shkodrës",16.71
"2003-05-03",30,"Malësi e Madhe",13.33
"2003-05-03",31,"Pukës",13.95
"2003-05-03",32,"Shkodrës",14.63
"2003-05-03",33,"Kavajës",15.91
"2003-05-03",34,"Tiranës",13.02
"2003-05-03",35,"Delvinës",15.92
"2003-05-03",36,"Sarandës",14.71
"2003-05-03",37,"Vlorës",15.67
"2003-05-04",1,"Beratit",12.97
"2003-05-04",2,"Kuçovës",12.67
"2003-05-04",3,"Skraparit",12.15
"2003-05-04",4,"Bulqizës",12
"2003-05-04",5,"Dibrës",10.51
"2003-05-04",6,"Matit",11.59
"2003-05-04",7,"Durrësit",16.88
"2003-05-04",8,"Krujës",13.38
"2003-05-04",9,"Elbasanit",11.78
"2003-05-04",10,"Gramshit",11.87
"2003-05-04",11,"Librazhdit",12.11
"2003-05-04",12,"Peqinit",13.68
"2003-05-04",13,"Fierit",15.65
"2003-05-04",14,"Lushnjës",14.9
"2003-05-04",15,"Mallakastrës",14.78
"2003-05-04",16,"Gjirokastrës",14.41
"2003-05-04",17,"Përmetit",13.2
"2003-05-04",18,"Tepelenës",14.55
"2003-05-04",19,"Devollit",9.66
"2003-05-04",20,"Kolonjës",11.71
"2003-05-04",21,"Korçës",11.15
"2003-05-04",22,"Pogradecit",12.22
"2003-05-04",23,"Has",16.52
"2003-05-04",24,"Kukësit",14.59
"2003-05-04",25,"Tropojës",11.19
"2003-05-04",26,"Kurbinit",14.18
"2003-05-04",27,"Lezhës",15.56
"2003-05-04",28,"Mirditës",13.04
"2003-05-04",29,"Shkodrës",16.74
"2003-05-04",30,"Malësi e Madhe",13.33
"2003-05-04",31,"Pukës",13.68
"2003-05-04",32,"Shkodrës",15.12
"2003-05-04",33,"Kavajës",15.62
"2003-05-04",34,"Tiranës",12.66
"2003-05-04",35,"Delvinës",15.73
"2003-05-04",36,"Sarandës",14.27
"2003-05-04",37,"Vlorës",16.12
"2003-05-05",1,"Beratit",12.72
"2003-05-05",2,"Kuçovës",12.73
"2003-05-05",3,"Skraparit",10.91
"2003-05-05",4,"Bulqizës",11.37
"2003-05-05",5,"Dibrës",9.42
"2003-05-05",6,"Matit",11.56
"2003-05-05",7,"Durrësit",17.6
"2003-05-05",8,"Krujës",14.72
"2003-05-05",9,"Elbasanit",12.73
"2003-05-05",10,"Gramshit",10.92
"2003-05-05",11,"Librazhdit",11.36
"2003-05-05",12,"Peqinit",14.75
"2003-05-05",13,"Fierit",15.27
"2003-05-05",14,"Lushnjës",15.35
"2003-05-05",15,"Mallakastrës",14.12
"2003-05-05",16,"Gjirokastrës",13.82
"2003-05-05",17,"Përmetit",11.94
"2003-05-05",18,"Tepelenës",13.66
"2003-05-05",19,"Devollit",12.06
"2003-05-05",20,"Kolonjës",10.47
"2003-05-05",21,"Korçës",10.1
"2003-05-05",22,"Pogradecit",10.15
"2003-05-05",23,"Has",13.9
"2003-05-05",24,"Kukësit",10.61
"2003-05-05",25,"Tropojës",9.06
"2003-05-05",26,"Kurbinit",15.2
"2003-05-05",27,"Lezhës",15.53
"2003-05-05",28,"Mirditës",12
"2003-05-05",29,"Shkodrës",15.09
"2003-05-05",30,"Malësi e Madhe",11
"2003-05-05",31,"Pukës",11.34
"2003-05-05",32,"Shkodrës",13.12
"2003-05-05",33,"Kavajës",16.28
"2003-05-05",34,"Tiranës",13.9
"2003-05-05",35,"Delvinës",15.75
"2003-05-05",36,"Sarandës",15.83
"2003-05-05",37,"Vlorës",15.48
"2003-05-06",1,"Beratit",12.67
"2003-05-06",2,"Kuçovës",12.51
"2003-05-06",3,"Skraparit",10.33
"2003-05-06",4,"Bulqizës",11.16
"2003-05-06",5,"Dibrës",10.23
"2003-05-06",6,"Matit",11.03
"2003-05-06",7,"Durrësit",17.5
"2003-05-06",8,"Krujës",14.2
"2003-05-06",9,"Elbasanit",12.17
"2003-05-06",10,"Gramshit",10.39
"2003-05-06",11,"Librazhdit",10.73
"2003-05-06",12,"Peqinit",14.53
"2003-05-06",13,"Fierit",15.54
"2003-05-06",14,"Lushnjës",15.23
"2003-05-06",15,"Mallakastrës",14.62
"2003-05-06",16,"Gjirokastrës",14.1
"2003-05-06",17,"Përmetit",11.29
"2003-05-06",18,"Tepelenës",14.2
"2003-05-06",19,"Devollit",11.26
"2003-05-06",20,"Kolonjës",9.54
"2003-05-06",21,"Korçës",9.37
"2003-05-06",22,"Pogradecit",9.43
"2003-05-06",23,"Has",12.38
"2003-05-06",24,"Kukësit",10.93
"2003-05-06",25,"Tropojës",9.3
"2003-05-06",26,"Kurbinit",14.73
"2003-05-06",27,"Lezhës",15.74
"2003-05-06",28,"Mirditës",12.16
"2003-05-06",29,"Shkodrës",16.27
"2003-05-06",30,"Malësi e Madhe",13.41
"2003-05-06",31,"Pukës",12.63
"2003-05-06",32,"Shkodrës",14.76
"2003-05-06",33,"Kavajës",16.09
"2003-05-06",34,"Tiranës",13.27
"2003-05-06",35,"Delvinës",16.61
"2003-05-06",36,"Sarandës",16.29
"2003-05-06",37,"Vlorës",16.71
"2003-05-07",1,"Beratit",13.5
"2003-05-07",2,"Kuçovës",13.18
"2003-05-07",3,"Skraparit",10.23
"2003-05-07",4,"Bulqizës",12.66
"2003-05-07",5,"Dibrës",11.69
"2003-05-07",6,"Matit",13.24
"2003-05-07",7,"Durrësit",17.68
"2003-05-07",8,"Krujës",15.35
"2003-05-07",9,"Elbasanit",13.14
"2003-05-07",10,"Gramshit",10.68
"2003-05-07",11,"Librazhdit",11.48
"2003-05-07",12,"Peqinit",15.86
"2003-05-07",13,"Fierit",16.79
"2003-05-07",14,"Lushnjës",16.28
"2003-05-07",15,"Mallakastrës",16.31
"2003-05-07",16,"Gjirokastrës",14.1
"2003-05-07",17,"Përmetit",11.04
"2003-05-07",18,"Tepelenës",15.53
"2003-05-07",19,"Devollit",10.53
"2003-05-07",20,"Kolonjës",8.69
"2003-05-07",21,"Korçës",9.01
"2003-05-07",22,"Pogradecit",9.44
"2003-05-07",23,"Has",13.68
"2003-05-07",24,"Kukësit",12.59
"2003-05-07",25,"Tropojës",11.32
"2003-05-07",26,"Kurbinit",15.96
"2003-05-07",27,"Lezhës",17.01
"2003-05-07",28,"Mirditës",14.62
"2003-05-07",29,"Shkodrës",17.67
"2003-05-07",30,"Malësi e Madhe",15.35
"2003-05-07",31,"Pukës",16.06
"2003-05-07",32,"Shkodrës",15.97
"2003-05-07",33,"Kavajës",16.91
"2003-05-07",34,"Tiranës",14.83
"2003-05-07",35,"Delvinës",16.38
"2003-05-07",36,"Sarandës",15.43
"2003-05-07",37,"Vlorës",18.35
"2003-05-08",1,"Beratit",14.23
"2003-05-08",2,"Kuçovës",14.18
"2003-05-08",3,"Skraparit",13.2
"2003-05-08",4,"Bulqizës",13.56
"2003-05-08",5,"Dibrës",12.48
"2003-05-08",6,"Matit",13.93
"2003-05-08",7,"Durrësit",18.04
"2003-05-08",8,"Krujës",15.36
"2003-05-08",9,"Elbasanit",13.79
"2003-05-08",10,"Gramshit",13.11
"2003-05-08",11,"Librazhdit",13.15
"2003-05-08",12,"Peqinit",16.01
"2003-05-08",13,"Fierit",17.06
"2003-05-08",14,"Lushnjës",16.85
"2003-05-08",15,"Mallakastrës",15.5
"2003-05-08",16,"Gjirokastrës",15.22
"2003-05-08",17,"Përmetit",14.47
"2003-05-08",18,"Tepelenës",15.12
"2003-05-08",19,"Devollit",12.31
"2003-05-08",20,"Kolonjës",13.34
"2003-05-08",21,"Korçës",12.67
"2003-05-08",22,"Pogradecit",12.66
"2003-05-08",23,"Has",14.9
"2003-05-08",24,"Kukësit",14.93
"2003-05-08",25,"Tropojës",11.71
"2003-05-08",26,"Kurbinit",15.8
"2003-05-08",27,"Lezhës",16.42
"2003-05-08",28,"Mirditës",14.53
"2003-05-08",29,"Shkodrës",16.67
"2003-05-08",30,"Malësi e Madhe",14.25
"2003-05-08",31,"Pukës",14.98
"2003-05-08",32,"Shkodrës",15.37
"2003-05-08",33,"Kavajës",17.43
"2003-05-08",34,"Tiranës",14.97
"2003-05-08",35,"Delvinës",16.43
"2003-05-08",36,"Sarandës",16.62
"2003-05-08",37,"Vlorës",16.97
"2003-05-09",1,"Beratit",13.24
"2003-05-09",2,"Kuçovës",12.97
"2003-05-09",3,"Skraparit",11.61
"2003-05-09",4,"Bulqizës",12.82
"2003-05-09",5,"Dibrës",11.64
"2003-05-09",6,"Matit",12.99
"2003-05-09",7,"Durrësit",17.93
"2003-05-09",8,"Krujës",14.71
"2003-05-09",9,"Elbasanit",13.15
"2003-05-09",10,"Gramshit",11.75
"2003-05-09",11,"Librazhdit",12.33
"2003-05-09",12,"Peqinit",15.24
"2003-05-09",13,"Fierit",15.86
"2003-05-09",14,"Lushnjës",15.76
"2003-05-09",15,"Mallakastrës",15.33
"2003-05-09",16,"Gjirokastrës",16.08
"2003-05-09",17,"Përmetit",13.45
"2003-05-09",18,"Tepelenës",15.52
"2003-05-09",19,"Devollit",12.27
"2003-05-09",20,"Kolonjës",12
"2003-05-09",21,"Korçës",11.61
"2003-05-09",22,"Pogradecit",11.36
"2003-05-09",23,"Has",13.46
"2003-05-09",24,"Kukësit",13.72
"2003-05-09",25,"Tropojës",10.93
"2003-05-09",26,"Kurbinit",15.27
"2003-05-09",27,"Lezhës",16.64
"2003-05-09",28,"Mirditës",13.82
"2003-05-09",29,"Shkodrës",17.7
"2003-05-09",30,"Malësi e Madhe",14.41
"2003-05-09",31,"Pukës",14.74
"2003-05-09",32,"Shkodrës",15.98
"2003-05-09",33,"Kavajës",16.74
"2003-05-09",34,"Tiranës",14.31
"2003-05-09",35,"Delvinës",17.66
"2003-05-09",36,"Sarandës",16.87
"2003-05-09",37,"Vlorës",17.18
"2003-05-10",1,"Beratit",12.99
"2003-05-10",2,"Kuçovës",12.99
"2003-05-10",3,"Skraparit",11.28
"2003-05-10",4,"Bulqizës",12.72
"2003-05-10",5,"Dibrës",11.54
"2003-05-10",6,"Matit",13.07
"2003-05-10",7,"Durrësit",18.82
"2003-05-10",8,"Krujës",14.95
"2003-05-10",9,"Elbasanit",12.91
"2003-05-10",10,"Gramshit",11.47
"2003-05-10",11,"Librazhdit",12.15
"2003-05-10",12,"Peqinit",15.34
"2003-05-10",13,"Fierit",17.09
"2003-05-10",14,"Lushnjës",16.7
"2003-05-10",15,"Mallakastrës",14.63
"2003-05-10",16,"Gjirokastrës",14.29
"2003-05-10",17,"Përmetit",12.6
"2003-05-10",18,"Tepelenës",13.89
"2003-05-10",19,"Devollit",12.88
"2003-05-10",20,"Kolonjës",11.63
"2003-05-10",21,"Korçës",11.53
"2003-05-10",22,"Pogradecit",11.26
"2003-05-10",23,"Has",13.06
"2003-05-10",24,"Kukësit",12.81
"2003-05-10",25,"Tropojës",11.21
"2003-05-10",26,"Kurbinit",15.65
"2003-05-10",27,"Lezhës",17.47
"2003-05-10",28,"Mirditës",14.12
"2003-05-10",29,"Shkodrës",19.21
"2003-05-10",30,"Malësi e Madhe",16.01
"2003-05-10",31,"Pukës",15.5
"2003-05-10",32,"Shkodrës",17.37
"2003-05-10",33,"Kavajës",17.71
"2003-05-10",34,"Tiranës",14.33
"2003-05-10",35,"Delvinës",16.15
"2003-05-10",36,"Sarandës",16.32
"2003-05-10",37,"Vlorës",17.2
"2003-05-11",1,"Beratit",15.22
"2003-05-11",2,"Kuçovës",14.92
"2003-05-11",3,"Skraparit",12.95
"2003-05-11",4,"Bulqizës",13.74
"2003-05-11",5,"Dibrës",12.74
"2003-05-11",6,"Matit",13.77
"2003-05-11",7,"Durrësit",19.44
"2003-05-11",8,"Krujës",15.99
"2003-05-11",9,"Elbasanit",13.9
"2003-05-11",10,"Gramshit",12.59
"2003-05-11",11,"Librazhdit",12.91
"2003-05-11",12,"Peqinit",16.61
"2003-05-11",13,"Fierit",18.61
"2003-05-11",14,"Lushnjës",17.98
"2003-05-11",15,"Mallakastrës",17.23
"2003-05-11",16,"Gjirokastrës",16.72
"2003-05-11",17,"Përmetit",14
"2003-05-11",18,"Tepelenës",17.12
"2003-05-11",19,"Devollit",13.54
"2003-05-11",20,"Kolonjës",11.99
"2003-05-11",21,"Korçës",11.63
"2003-05-11",22,"Pogradecit",11.6
"2003-05-11",23,"Has",15.9
"2003-05-11",24,"Kukësit",14.57
"2003-05-11",25,"Tropojës",12.69
"2003-05-11",26,"Kurbinit",16.71
"2003-05-11",27,"Lezhës",18.38
"2003-05-11",28,"Mirditës",15.37
"2003-05-11",29,"Shkodrës",19.86
"2003-05-11",30,"Malësi e Madhe",15.64
"2003-05-11",31,"Pukës",17.06
"2003-05-11",32,"Shkodrës",17.9
"2003-05-11",33,"Kavajës",18.61
"2003-05-11",34,"Tiranës",15.33
"2003-05-11",35,"Delvinës",18.3
"2003-05-11",36,"Sarandës",17.12
"2003-05-11",37,"Vlorës",19.16
"2003-05-12",1,"Beratit",13.05
"2003-05-12",2,"Kuçovës",12.82
"2003-05-12",3,"Skraparit",11.57
"2003-05-12",4,"Bulqizës",11.69
"2003-05-12",5,"Dibrës",10.78
"2003-05-12",6,"Matit",12.26
"2003-05-12",7,"Durrësit",19.12
"2003-05-12",8,"Krujës",14.9
"2003-05-12",9,"Elbasanit",12.35
"2003-05-12",10,"Gramshit",11.16
"2003-05-12",11,"Librazhdit",11.38
"2003-05-12",12,"Peqinit",15.11
"2003-05-12",13,"Fierit",16.36
"2003-05-12",14,"Lushnjës",16.17
"2003-05-12",15,"Mallakastrës",15.13
"2003-05-12",16,"Gjirokastrës",15.09
"2003-05-12",17,"Përmetit",13.24
"2003-05-12",18,"Tepelenës",15.06
"2003-05-12",19,"Devollit",11.34
"2003-05-12",20,"Kolonjës",11.9
"2003-05-12",21,"Korçës",11.02
"2003-05-12",22,"Pogradecit",10.73
"2003-05-12",23,"Has",16.4
"2003-05-12",24,"Kukësit",14.53
"2003-05-12",25,"Tropojës",11.46
"2003-05-12",26,"Kurbinit",15.75
"2003-05-12",27,"Lezhës",17.19
"2003-05-12",28,"Mirditës",14.01
"2003-05-12",29,"Shkodrës",17.85
"2003-05-12",30,"Malësi e Madhe",13.75
"2003-05-12",31,"Pukës",15.06
"2003-05-12",32,"Shkodrës",15.66
"2003-05-12",33,"Kavajës",17.37
"2003-05-12",34,"Tiranës",13.89
"2003-05-12",35,"Delvinës",17.42
"2003-05-12",36,"Sarandës",15.59
"2003-05-12",37,"Vlorës",17.55
"2003-05-13",1,"Beratit",14.46
"2003-05-13",2,"Kuçovës",14.25
"2003-05-13",3,"Skraparit",13.14
"2003-05-13",4,"Bulqizës",12.24
"2003-05-13",5,"Dibrës",10.94
"2003-05-13",6,"Matit",12.37
"2003-05-13",7,"Durrësit",18.52
"2003-05-13",8,"Krujës",15.73
"2003-05-13",9,"Elbasanit",13.95
"2003-05-13",10,"Gramshit",13.15
"2003-05-13",11,"Librazhdit",13.21
"2003-05-13",12,"Peqinit",16.24
"2003-05-13",13,"Fierit",17.17
"2003-05-13",14,"Lushnjës",16.72
"2003-05-13",15,"Mallakastrës",16.49
"2003-05-13",16,"Gjirokastrës",16.22
"2003-05-13",17,"Përmetit",15.06
"2003-05-13",18,"Tepelenës",16.17
"2003-05-13",19,"Devollit",11.75
"2003-05-13",20,"Kolonjës",13.86
"2003-05-13",21,"Korçës",12.8
"2003-05-13",22,"Pogradecit",13.05
"2003-05-13",23,"Has",12.82
"2003-05-13",24,"Kukësit",11.91
"2003-05-13",25,"Tropojës",10.72
"2003-05-13",26,"Kurbinit",15.81
"2003-05-13",27,"Lezhës",16.62
"2003-05-13",28,"Mirditës",12.89
"2003-05-13",29,"Shkodrës",17.28
"2003-05-13",30,"Malësi e Madhe",13.85
"2003-05-13",31,"Pukës",13.61
"2003-05-13",32,"Shkodrës",15.62
"2003-05-13",33,"Kavajës",17.22
"2003-05-13",34,"Tiranës",14.88
"2003-05-13",35,"Delvinës",18.14
"2003-05-13",36,"Sarandës",17.35
"2003-05-13",37,"Vlorës",18.68
"2003-05-14",1,"Beratit",16.13
"2003-05-14",2,"Kuçovës",16.34
"2003-05-14",3,"Skraparit",14.08
"2003-05-14",4,"Bulqizës",11.56
"2003-05-14",5,"Dibrës",11.02
"2003-05-14",6,"Matit",11.98
"2003-05-14",7,"Durrësit",19.14
"2003-05-14",8,"Krujës",14.02
"2003-05-14",9,"Elbasanit",13.08
"2003-05-14",10,"Gramshit",12.97
"2003-05-14",11,"Librazhdit",11.7
"2003-05-14",12,"Peqinit",17.23
"2003-05-14",13,"Fierit",17.58
"2003-05-14",14,"Lushnjës",17.78
"2003-05-14",15,"Mallakastrës",16.53
"2003-05-14",16,"Gjirokastrës",15.29
"2003-05-14",17,"Përmetit",14.47
"2003-05-14",18,"Tepelenës",15.68
"2003-05-14",19,"Devollit",9.65
"2003-05-14",20,"Kolonjës",12.64
"2003-05-14",21,"Korçës",11.24
"2003-05-14",22,"Pogradecit",11.53
"2003-05-14",23,"Has",11.8
"2003-05-14",24,"Kukësit",11.23
"2003-05-14",25,"Tropojës",9.64
"2003-05-14",26,"Kurbinit",14.82
"2003-05-14",27,"Lezhës",16.82
"2003-05-14",28,"Mirditës",13.04
"2003-05-14",29,"Shkodrës",18.29
"2003-05-14",30,"Malësi e Madhe",14.65
"2003-05-14",31,"Pukës",13.74
"2003-05-14",32,"Shkodrës",16.31
"2003-05-14",33,"Kavajës",17.9
"2003-05-14",34,"Tiranës",13.35
"2003-05-14",35,"Delvinës",16.66
"2003-05-14",36,"Sarandës",16.08
"2003-05-14",37,"Vlorës",17.43
"2003-05-15",1,"Beratit",14.46
"2003-05-15",2,"Kuçovës",14.48
"2003-05-15",3,"Skraparit",13.43
"2003-05-15",4,"Bulqizës",11.03
"2003-05-15",5,"Dibrës",10.13
"2003-05-15",6,"Matit",11.11
"2003-05-15",7,"Durrësit",18.84
"2003-05-15",8,"Krujës",13.76
"2003-05-15",9,"Elbasanit",12.12
"2003-05-15",10,"Gramshit",12.61
"2003-05-15",11,"Librazhdit",11.58
"2003-05-15",12,"Peqinit",15.01
"2003-05-15",13,"Fierit",16.54
"2003-05-15",14,"Lushnjës",16.38
"2003-05-15",15,"Mallakastrës",14.47
"2003-05-15",16,"Gjirokastrës",13.6
"2003-05-15",17,"Përmetit",12.7
"2003-05-15",18,"Tepelenës",14.46
"2003-05-15",19,"Devollit",9.55
"2003-05-15",20,"Kolonjës",11.1
"2003-05-15",21,"Korçës",10.84
"2003-05-15",22,"Pogradecit",11.57
"2003-05-15",23,"Has",13.83
"2003-05-15",24,"Kukësit",12.08
"2003-05-15",25,"Tropojës",10.8
"2003-05-15",26,"Kurbinit",14.68
"2003-05-15",27,"Lezhës",16.11
"2003-05-15",28,"Mirditës",12.19
"2003-05-15",29,"Shkodrës",16.55
"2003-05-15",30,"Malësi e Madhe",13.67
"2003-05-15",31,"Pukës",12.9
"2003-05-15",32,"Shkodrës",15.18
"2003-05-15",33,"Kavajës",17.29
"2003-05-15",34,"Tiranës",13.01
"2003-05-15",35,"Delvinës",15.46
"2003-05-15",36,"Sarandës",15.01
"2003-05-15",37,"Vlorës",16.52
"2003-05-16",1,"Beratit",14.41
"2003-05-16",2,"Kuçovës",14.81
"2003-05-16",3,"Skraparit",12.93
"2003-05-16",4,"Bulqizës",10.46
"2003-05-16",5,"Dibrës",9.32
"2003-05-16",6,"Matit",11.59
"2003-05-16",7,"Durrësit",19.11
"2003-05-16",8,"Krujës",14.43
"2003-05-16",9,"Elbasanit",13.68
"2003-05-16",10,"Gramshit",12.99
"2003-05-16",11,"Librazhdit",11.92
"2003-05-16",12,"Peqinit",16.33
"2003-05-16",13,"Fierit",16.83
"2003-05-16",14,"Lushnjës",17.01
"2003-05-16",15,"Mallakastrës",13.99
"2003-05-16",16,"Gjirokastrës",14.37
"2003-05-16",17,"Përmetit",13.02
"2003-05-16",18,"Tepelenës",13.32
"2003-05-16",19,"Devollit",11.43
"2003-05-16",20,"Kolonjës",12.23
"2003-05-16",21,"Korçës",11.39
"2003-05-16",22,"Pogradecit",11.65
"2003-05-16",23,"Has",11.44
"2003-05-16",24,"Kukësit",9.21
"2003-05-16",25,"Tropojës",9.57
"2003-05-16",26,"Kurbinit",15.53
"2003-05-16",27,"Lezhës",16.79
"2003-05-16",28,"Mirditës",12.59
"2003-05-16",29,"Shkodrës",16.84
"2003-05-16",30,"Malësi e Madhe",13.29
"2003-05-16",31,"Pukës",12.2
"2003-05-16",32,"Shkodrës",15.08
"2003-05-16",33,"Kavajës",17.83
"2003-05-16",34,"Tiranës",14.24
"2003-05-16",35,"Delvinës",16.18
"2003-05-16",36,"Sarandës",17.09
"2003-05-16",37,"Vlorës",15.83
"2003-05-17",1,"Beratit",13.67
"2003-05-17",2,"Kuçovës",13.96
"2003-05-17",3,"Skraparit",12.89
"2003-05-17",4,"Bulqizës",11.89
"2003-05-17",5,"Dibrës",10.52
"2003-05-17",6,"Matit",12.37
"2003-05-17",7,"Durrësit",18.62
"2003-05-17",8,"Krujës",14.62
"2003-05-17",9,"Elbasanit",13.9
"2003-05-17",10,"Gramshit",12.91
"2003-05-17",11,"Librazhdit",12.82
"2003-05-17",12,"Peqinit",15.43
"2003-05-17",13,"Fierit",16.76
"2003-05-17",14,"Lushnjës",16.56
"2003-05-17",15,"Mallakastrës",13.58
"2003-05-17",16,"Gjirokastrës",15.22
"2003-05-17",17,"Përmetit",13.78
"2003-05-17",18,"Tepelenës",13.43
"2003-05-17",19,"Devollit",11.99
"2003-05-17",20,"Kolonjës",12.89
"2003-05-17",21,"Korçës",11.89
"2003-05-17",22,"Pogradecit",11.97
"2003-05-17",23,"Has",12.01
"2003-05-17",24,"Kukësit",10.01
"2003-05-17",25,"Tropojës",9.79
"2003-05-17",26,"Kurbinit",15.46
"2003-05-17",27,"Lezhës",16.2
"2003-05-17",28,"Mirditës",12.87
"2003-05-17",29,"Shkodrës",15.57
"2003-05-17",30,"Malësi e Madhe",13.13
"2003-05-17",31,"Pukës",12.16
"2003-05-17",32,"Shkodrës",14.39
"2003-05-17",33,"Kavajës",17.43
"2003-05-17",34,"Tiranës",14.35
"2003-05-17",35,"Delvinës",16.79
"2003-05-17",36,"Sarandës",16.94
"2003-05-17",37,"Vlorës",15.41
"2003-05-18",1,"Beratit",11.49
"2003-05-18",2,"Kuçovës",11.53
"2003-05-18",3,"Skraparit",10.45
"2003-05-18",4,"Bulqizës",10.01
"2003-05-18",5,"Dibrës",8.74
"2003-05-18",6,"Matit",9.62
"2003-05-18",7,"Durrësit",17.6
"2003-05-18",8,"Krujës",12.49
"2003-05-18",9,"Elbasanit",10.88
"2003-05-18",10,"Gramshit",10.08
"2003-05-18",11,"Librazhdit",10.4
"2003-05-18",12,"Peqinit",13.55
"2003-05-18",13,"Fierit",14.8
"2003-05-18",14,"Lushnjës",14.62
"2003-05-18",15,"Mallakastrës",12.69
"2003-05-18",16,"Gjirokastrës",13.72
"2003-05-18",17,"Përmetit",12.43
"2003-05-18",18,"Tepelenës",12.34
"2003-05-18",19,"Devollit",11.24
"2003-05-18",20,"Kolonjës",11.64
"2003-05-18",21,"Korçës",10.57
"2003-05-18",22,"Pogradecit",10.58
"2003-05-18",23,"Has",12.89
"2003-05-18",24,"Kukësit",9.41
"2003-05-18",25,"Tropojës",10.42
"2003-05-18",26,"Kurbinit",13.3
"2003-05-18",27,"Lezhës",14.53
"2003-05-18",28,"Mirditës",10.88
"2003-05-18",29,"Shkodrës",14.93
"2003-05-18",30,"Malësi e Madhe",12.05
"2003-05-18",31,"Pukës",11.98
"2003-05-18",32,"Shkodrës",13.57
"2003-05-18",33,"Kavajës",15.77
"2003-05-18",34,"Tiranës",11.75
"2003-05-18",35,"Delvinës",15.71
"2003-05-18",36,"Sarandës",15.26
"2003-05-18",37,"Vlorës",14.82
"2003-05-19",1,"Beratit",12.83
"2003-05-19",2,"Kuçovës",13.08
"2003-05-19",3,"Skraparit",11.16
"2003-05-19",4,"Bulqizës",10.41
"2003-05-19",5,"Dibrës",9.43
"2003-05-19",6,"Matit",11.24
"2003-05-19",7,"Durrësit",18.11
"2003-05-19",8,"Krujës",13.48
"2003-05-19",9,"Elbasanit",13.09
"2003-05-19",10,"Gramshit",11.96
"2003-05-19",11,"Librazhdit",11.47
"2003-05-19",12,"Peqinit",14.85
"2003-05-19",13,"Fierit",15.99
"2003-05-19",14,"Lushnjës",15.81
"2003-05-19",15,"Mallakastrës",12.93
"2003-05-19",16,"Gjirokastrës",13.24
"2003-05-19",17,"Përmetit",11.14
"2003-05-19",18,"Tepelenës",12.17
"2003-05-19",19,"Devollit",11.22
"2003-05-19",20,"Kolonjës",10.26
"2003-05-19",21,"Korçës",10.33
"2003-05-19",22,"Pogradecit",10.85
"2003-05-19",23,"Has",11.26
"2003-05-19",24,"Kukësit",8.62
"2003-05-19",25,"Tropojës",7.69
"2003-05-19",26,"Kurbinit",14.53
"2003-05-19",27,"Lezhës",15.06
"2003-05-19",28,"Mirditës",11.45
"2003-05-19",29,"Shkodrës",13.73
"2003-05-19",30,"Malësi e Madhe",9.83
"2003-05-19",31,"Pukës",10.12
"2003-05-19",32,"Shkodrës",11.83
"2003-05-19",33,"Kavajës",16.83
"2003-05-19",34,"Tiranës",13.45
"2003-05-19",35,"Delvinës",14.97
"2003-05-19",36,"Sarandës",16.97
"2003-05-19",37,"Vlorës",15.11
"2003-05-20",1,"Beratit",11.51
"2003-05-20",2,"Kuçovës",11.58
"2003-05-20",3,"Skraparit",9.39
"2003-05-20",4,"Bulqizës",10.46
"2003-05-20",5,"Dibrës",8.74
"2003-05-20",6,"Matit",10.54
"2003-05-20",7,"Durrësit",18.38
"2003-05-20",8,"Krujës",14.02
"2003-05-20",9,"Elbasanit",11.42
"2003-05-20",10,"Gramshit",9.5
"2003-05-20",11,"Librazhdit",10.3
"2003-05-20",12,"Peqinit",14.39
"2003-05-20",13,"Fierit",15.58
"2003-05-20",14,"Lushnjës",15.68
"2003-05-20",15,"Mallakastrës",13.11
"2003-05-20",16,"Gjirokastrës",14.67
"2003-05-20",17,"Përmetit",11.52
"2003-05-20",18,"Tepelenës",12.78
"2003-05-20",19,"Devollit",9.68
"2003-05-20",20,"Kolonjës",9.59
"2003-05-20",21,"Korçës",8.85
"2003-05-20",22,"Pogradecit",9.08
"2003-05-20",23,"Has",13.05
"2003-05-20",24,"Kukësit",9.96
"2003-05-20",25,"Tropojës",11.43
"2003-05-20",26,"Kurbinit",14.45
"2003-05-20",27,"Lezhës",14.57
"2003-05-20",28,"Mirditës",10.97
"2003-05-20",29,"Shkodrës",13.45
"2003-05-20",30,"Malësi e Madhe",12.24
"2003-05-20",31,"Pukës",11.72
"2003-05-20",32,"Shkodrës",12.62
"2003-05-20",33,"Kavajës",16.93
"2003-05-20",34,"Tiranës",13.1
"2003-05-20",35,"Delvinës",16.96
"2003-05-20",36,"Sarandës",16.74
"2003-05-20",37,"Vlorës",15.16
"2003-05-21",1,"Beratit",15.48
"2003-05-21",2,"Kuçovës",15.48
"2003-05-21",3,"Skraparit",14.13
"2003-05-21",4,"Bulqizës",13.52
"2003-05-21",5,"Dibrës",12.52
"2003-05-21",6,"Matit",14.32
"2003-05-21",7,"Durrësit",19.3
"2003-05-21",8,"Krujës",16.36
"2003-05-21",9,"Elbasanit",15.14
"2003-05-21",10,"Gramshit",14.08
"2003-05-21",11,"Librazhdit",14.09
"2003-05-21",12,"Peqinit",17.06
"2003-05-21",13,"Fierit",18.48
"2003-05-21",14,"Lushnjës",17.8
"2003-05-21",15,"Mallakastrës",16.54
"2003-05-21",16,"Gjirokastrës",15.93
"2003-05-21",17,"Përmetit",14.78
"2003-05-21",18,"Tepelenës",15.78
"2003-05-21",19,"Devollit",13.71
"2003-05-21",20,"Kolonjës",13.75
"2003-05-21",21,"Korçës",13.53
"2003-05-21",22,"Pogradecit",13.47
"2003-05-21",23,"Has",14.4
"2003-05-21",24,"Kukësit",12.12
"2003-05-21",25,"Tropojës",12.44
"2003-05-21",26,"Kurbinit",16.61
"2003-05-21",27,"Lezhës",17.51
"2003-05-21",28,"Mirditës",14.61
"2003-05-21",29,"Shkodrës",18.35
"2003-05-21",30,"Malësi e Madhe",15.69
"2003-05-21",31,"Pukës",15.34
"2003-05-21",32,"Shkodrës",16.96
"2003-05-21",33,"Kavajës",18.36
"2003-05-21",34,"Tiranës",16.07
"2003-05-21",35,"Delvinës",16.98
"2003-05-21",36,"Sarandës",17.38
"2003-05-21",37,"Vlorës",17.6
"2003-05-22",1,"Beratit",12.31
"2003-05-22",2,"Kuçovës",12.62
"2003-05-22",3,"Skraparit",10.54
"2003-05-22",4,"Bulqizës",9.16
"2003-05-22",5,"Dibrës",8.32
"2003-05-22",6,"Matit",10.59
"2003-05-22",7,"Durrësit",15.47
"2003-05-22",8,"Krujës",12.86
"2003-05-22",9,"Elbasanit",12.48
"2003-05-22",10,"Gramshit",10.93
"2003-05-22",11,"Librazhdit",10.47
"2003-05-22",12,"Peqinit",14.16
"2003-05-22",13,"Fierit",15.45
"2003-05-22",14,"Lushnjës",15.06
"2003-05-22",15,"Mallakastrës",13.26
"2003-05-22",16,"Gjirokastrës",13.69
"2003-05-22",17,"Përmetit",11.87
"2003-05-22",18,"Tepelenës",11.93
"2003-05-22",19,"Devollit",8.74
"2003-05-22",20,"Kolonjës",10.37
"2003-05-22",21,"Korçës",9.05
"2003-05-22",22,"Pogradecit",9.29
"2003-05-22",23,"Has",11.18
"2003-05-22",24,"Kukësit",8.94
"2003-05-22",25,"Tropojës",9.03
"2003-05-22",26,"Kurbinit",13.77
"2003-05-22",27,"Lezhës",14.16
"2003-05-22",28,"Mirditës",11.77
"2003-05-22",29,"Shkodrës",13.43
"2003-05-22",30,"Malësi e Madhe",10.97
"2003-05-22",31,"Pukës",11.63
"2003-05-22",32,"Shkodrës",12.25
"2003-05-22",33,"Kavajës",15.1
"2003-05-22",34,"Tiranës",12.46
"2003-05-22",35,"Delvinës",15.67
"2003-05-22",36,"Sarandës",16.17
"2003-05-22",37,"Vlorës",14.24
"2003-05-23",1,"Beratit",9.65
"2003-05-23",2,"Kuçovës",10.02
"2003-05-23",3,"Skraparit",8.02
"2003-05-23",4,"Bulqizës",7.31
"2003-05-23",5,"Dibrës",6.91
"2003-05-23",6,"Matit",8.78
"2003-05-23",7,"Durrësit",15.89
"2003-05-23",8,"Krujës",11.89
"2003-05-23",9,"Elbasanit",9.94
"2003-05-23",10,"Gramshit",8.3
"2003-05-23",11,"Librazhdit",7.86
"2003-05-23",12,"Peqinit",12.48
"2003-05-23",13,"Fierit",13.77
"2003-05-23",14,"Lushnjës",13.73
"2003-05-23",15,"Mallakastrës",10.14
"2003-05-23",16,"Gjirokastrës",10.35
"2003-05-23",17,"Përmetit",8.87
"2003-05-23",18,"Tepelenës",9.03
"2003-05-23",19,"Devollit",7.69
"2003-05-23",20,"Kolonjës",8
"2003-05-23",21,"Korçës",7.31
"2003-05-23",22,"Pogradecit",6.95
"2003-05-23",23,"Has",10.25
"2003-05-23",24,"Kukësit",7.59
"2003-05-23",25,"Tropojës",8.37
"2003-05-23",26,"Kurbinit",12.47
"2003-05-23",27,"Lezhës",13.12
"2003-05-23",28,"Mirditës",9.65
"2003-05-23",29,"Shkodrës",12.99
"2003-05-23",30,"Malësi e Madhe",10.49
"2003-05-23",31,"Pukës",9.62
"2003-05-23",32,"Shkodrës",11.79
"2003-05-23",33,"Kavajës",14.76
"2003-05-23",34,"Tiranës",11.15
"2003-05-23",35,"Delvinës",12.4
"2003-05-23",36,"Sarandës",13.44
"2003-05-23",37,"Vlorës",11.92
"2003-05-24",1,"Beratit",10.9
"2003-05-24",2,"Kuçovës",11.17
"2003-05-24",3,"Skraparit",8.42
"2003-05-24",4,"Bulqizës",8.96
"2003-05-24",5,"Dibrës",9.16
"2003-05-24",6,"Matit",11
"2003-05-24",7,"Durrësit",17.95
"2003-05-24",8,"Krujës",13.92
"2003-05-24",9,"Elbasanit",11.7
"2003-05-24",10,"Gramshit",9.3
"2003-05-24",11,"Librazhdit",9.25
"2003-05-24",12,"Peqinit",14.06
"2003-05-24",13,"Fierit",15.64
"2003-05-24",14,"Lushnjës",15.21
"2003-05-24",15,"Mallakastrës",12.16
"2003-05-24",16,"Gjirokastrës",11.1
"2003-05-24",17,"Përmetit",8.96
"2003-05-24",18,"Tepelenës",10.61
"2003-05-24",19,"Devollit",6.77
"2003-05-24",20,"Kolonjës",7.07
"2003-05-24",21,"Korçës",6.98
"2003-05-24",22,"Pogradecit",7.41
"2003-05-24",23,"Has",11.5
"2003-05-24",24,"Kukësit",9.71
"2003-05-24",25,"Tropojës",9.78
"2003-05-24",26,"Kurbinit",14.83
"2003-05-24",27,"Lezhës",15.57
"2003-05-24",28,"Mirditës",12.19
"2003-05-24",29,"Shkodrës",15.12
"2003-05-24",30,"Malësi e Madhe",12.73
"2003-05-24",31,"Pukës",11.73
"2003-05-24",32,"Shkodrës",13.65
"2003-05-24",33,"Kavajës",16.35
"2003-05-24",34,"Tiranës",13.08
"2003-05-24",35,"Delvinës",13.74
"2003-05-24",36,"Sarandës",14.99
"2003-05-24",37,"Vlorës",14.35
"2003-05-25",1,"Beratit",14.37
"2003-05-25",2,"Kuçovës",14.74
"2003-05-25",3,"Skraparit",12.03
"2003-05-25",4,"Bulqizës",11.38
"2003-05-25",5,"Dibrës",10.95
"2003-05-25",6,"Matit",12.95
"2003-05-25",7,"Durrësit",18.36
"2003-05-25",8,"Krujës",15.82
"2003-05-25",9,"Elbasanit",14.48
"2003-05-25",10,"Gramshit",12.79
"2003-05-25",11,"Librazhdit",12.14
"2003-05-25",12,"Peqinit",16.45
"2003-05-25",13,"Fierit",17.83
"2003-05-25",14,"Lushnjës",17.24
"2003-05-25",15,"Mallakastrës",14.72
"2003-05-25",16,"Gjirokastrës",12.61
"2003-05-25",17,"Përmetit",11.4
"2003-05-25",18,"Tepelenës",13
"2003-05-25",19,"Devollit",10.22
"2003-05-25",20,"Kolonjës",10.16
"2003-05-25",21,"Korçës",10.33
"2003-05-25",22,"Pogradecit",10.67
"2003-05-25",23,"Has",14.07
"2003-05-25",24,"Kukësit",11.31
"2003-05-25",25,"Tropojës",11.99
"2003-05-25",26,"Kurbinit",16.31
"2003-05-25",27,"Lezhës",17.13
"2003-05-25",28,"Mirditës",13.72
"2003-05-25",29,"Shkodrës",17.86
"2003-05-25",30,"Malësi e Madhe",14.92
"2003-05-25",31,"Pukës",13.57
"2003-05-25",32,"Shkodrës",16.21
"2003-05-25",33,"Kavajës",17.57
"2003-05-25",34,"Tiranës",15.14
"2003-05-25",35,"Delvinës",14.13
"2003-05-25",36,"Sarandës",15.09
"2003-05-25",37,"Vlorës",15.95
"2003-05-26",1,"Beratit",14.96
"2003-05-26",2,"Kuçovës",15.3
"2003-05-26",3,"Skraparit",12.9
"2003-05-26",4,"Bulqizës",12.51
"2003-05-26",5,"Dibrës",12.19
"2003-05-26",6,"Matit",14.12
"2003-05-26",7,"Durrësit",18.39
"2003-05-26",8,"Krujës",16.41
"2003-05-26",9,"Elbasanit",15
"2003-05-26",10,"Gramshit",13.78
"2003-05-26",11,"Librazhdit",13.16
"2003-05-26",12,"Peqinit",16.74
"2003-05-26",13,"Fierit",17.74
"2003-05-26",14,"Lushnjës",17.26
"2003-05-26",15,"Mallakastrës",15.16
"2003-05-26",16,"Gjirokastrës",13.28
"2003-05-26",17,"Përmetit",12.1
"2003-05-26",18,"Tepelenës",13.72
"2003-05-26",19,"Devollit",11.09
"2003-05-26",20,"Kolonjës",10.99
"2003-05-26",21,"Korçës",11.53
"2003-05-26",22,"Pogradecit",12.12
"2003-05-26",23,"Has",13.93
"2003-05-26",24,"Kukësit",12.08
"2003-05-26",25,"Tropojës",12.61
"2003-05-26",26,"Kurbinit",17.23
"2003-05-26",27,"Lezhës",17.62
"2003-05-26",28,"Mirditës",15.08
"2003-05-26",29,"Shkodrës",16.95
"2003-05-26",30,"Malësi e Madhe",14.73
"2003-05-26",31,"Pukës",14.43
"2003-05-26",32,"Shkodrës",15.79
"2003-05-26",33,"Kavajës",17.56
"2003-05-26",34,"Tiranës",15.66
"2003-05-26",35,"Delvinës",14.84
"2003-05-26",36,"Sarandës",15.44
"2003-05-26",37,"Vlorës",16.04
"2003-05-27",1,"Beratit",15.37
"2003-05-27",2,"Kuçovës",15.58
"2003-05-27",3,"Skraparit",13.61
"2003-05-27",4,"Bulqizës",11.61
"2003-05-27",5,"Dibrës",10.07
"2003-05-27",6,"Matit",12.48
"2003-05-27",7,"Durrësit",18.31
"2003-05-27",8,"Krujës",14.93
"2003-05-27",9,"Elbasanit",14.86
"2003-05-27",10,"Gramshit",13.73
"2003-05-27",11,"Librazhdit",12.85
"2003-05-27",12,"Peqinit",16.76
"2003-05-27",13,"Fierit",18.46
"2003-05-27",14,"Lushnjës",17.76
"2003-05-27",15,"Mallakastrës",15.64
"2003-05-27",16,"Gjirokastrës",14.8
"2003-05-27",17,"Përmetit",13.45
"2003-05-27",18,"Tepelenës",14.77
"2003-05-27",19,"Devollit",9.87
"2003-05-27",20,"Kolonjës",11.59
"2003-05-27",21,"Korçës",11.01
"2003-05-27",22,"Pogradecit",11.64
"2003-05-27",23,"Has",14.28
"2003-05-27",24,"Kukësit",11.4
"2003-05-27",25,"Tropojës",11.66
"2003-05-27",26,"Kurbinit",15.44
"2003-05-27",27,"Lezhës",16.32
"2003-05-27",28,"Mirditës",13.04
"2003-05-27",29,"Shkodrës",16.71
"2003-05-27",30,"Malësi e Madhe",12.86
"2003-05-27",31,"Pukës",13.51
"2003-05-27",32,"Shkodrës",14.78
"2003-05-27",33,"Kavajës",17.85
"2003-05-27",34,"Tiranës",15
"2003-05-27",35,"Delvinës",16.06
"2003-05-27",36,"Sarandës",16.73
"2003-05-27",37,"Vlorës",16.74
"2003-05-28",1,"Beratit",16.31
"2003-05-28",2,"Kuçovës",16.79
"2003-05-28",3,"Skraparit",13.09
"2003-05-28",4,"Bulqizës",11.66
"2003-05-28",5,"Dibrës",10.66
"2003-05-28",6,"Matit",13.89
"2003-05-28",7,"Durrësit",19.16
"2003-05-28",8,"Krujës",17.25
"2003-05-28",9,"Elbasanit",15.87
"2003-05-28",10,"Gramshit",13.65
"2003-05-28",11,"Librazhdit",12.62
"2003-05-28",12,"Peqinit",19
"2003-05-28",13,"Fierit",19.26
"2003-05-28",14,"Lushnjës",19.24
"2003-05-28",15,"Mallakastrës",16.53
"2003-05-28",16,"Gjirokastrës",15.46
"2003-05-28",17,"Përmetit",13.27
"2003-05-28",18,"Tepelenës",15.6
"2003-05-28",19,"Devollit",11.37
"2003-05-28",20,"Kolonjës",11.17
"2003-05-28",21,"Korçës",11.15
"2003-05-28",22,"Pogradecit",11.36
"2003-05-28",23,"Has",15.71
"2003-05-28",24,"Kukësit",12.35
"2003-05-28",25,"Tropojës",12.7
"2003-05-28",26,"Kurbinit",17.87
"2003-05-28",27,"Lezhës",18.4
"2003-05-28",28,"Mirditës",14.88
"2003-05-28",29,"Shkodrës",18.22
"2003-05-28",30,"Malësi e Madhe",15.6
"2003-05-28",31,"Pukës",14.72
"2003-05-28",32,"Shkodrës",16.57
"2003-05-28",33,"Kavajës",18.95
"2003-05-28",34,"Tiranës",16.44
"2003-05-28",35,"Delvinës",17.09
"2003-05-28",36,"Sarandës",17.58
"2003-05-28",37,"Vlorës",17.71
"2003-05-29",1,"Beratit",17.29
"2003-05-29",2,"Kuçovës",17.71
"2003-05-29",3,"Skraparit",14.45
"2003-05-29",4,"Bulqizës",12.85
"2003-05-29",5,"Dibrës",12.13
"2003-05-29",6,"Matit",14.75
"2003-05-29",7,"Durrësit",19.63
"2003-05-29",8,"Krujës",17.76
"2003-05-29",9,"Elbasanit",16.89
"2003-05-29",10,"Gramshit",15.01
"2003-05-29",11,"Librazhdit",13.94
"2003-05-29",12,"Peqinit",19.6
"2003-05-29",13,"Fierit",20.97
"2003-05-29",14,"Lushnjës",20.1
"2003-05-29",15,"Mallakastrës",17.89
"2003-05-29",16,"Gjirokastrës",15.6
"2003-05-29",17,"Përmetit",14.17
"2003-05-29",18,"Tepelenës",15.88
"2003-05-29",19,"Devollit",12.38
"2003-05-29",20,"Kolonjës",12.62
"2003-05-29",21,"Korçës",12.5
"2003-05-29",22,"Pogradecit",12.83
"2003-05-29",23,"Has",15.8
"2003-05-29",24,"Kukësit",12.61
"2003-05-29",25,"Tropojës",12.82
"2003-05-29",26,"Kurbinit",18.36
"2003-05-29",27,"Lezhës",18.78
"2003-05-29",28,"Mirditës",15.53
"2003-05-29",29,"Shkodrës",18.3
"2003-05-29",30,"Malësi e Madhe",15.98
"2003-05-29",31,"Pukës",14.78
"2003-05-29",32,"Shkodrës",16.71
"2003-05-29",33,"Kavajës",19.62
"2003-05-29",34,"Tiranës",17.46
"2003-05-29",35,"Delvinës",17.17
"2003-05-29",36,"Sarandës",18.84
"2003-05-29",37,"Vlorës",18.6
"2003-05-30",1,"Beratit",16.78
"2003-05-30",2,"Kuçovës",17.12
"2003-05-30",3,"Skraparit",14.09
"2003-05-30",4,"Bulqizës",12.72
"2003-05-30",5,"Dibrës",10.81
"2003-05-30",6,"Matit",13.87
"2003-05-30",7,"Durrësit",20.38
"2003-05-30",8,"Krujës",17.58
"2003-05-30",9,"Elbasanit",16.06
"2003-05-30",10,"Gramshit",14.92
"2003-05-30",11,"Librazhdit",14.08
"2003-05-30",12,"Peqinit",18.78
"2003-05-30",13,"Fierit",21.01
"2003-05-30",14,"Lushnjës",20.14
"2003-05-30",15,"Mallakastrës",17.7
"2003-05-30",16,"Gjirokastrës",15.66
"2003-05-30",17,"Përmetit",13.72
"2003-05-30",18,"Tepelenës",15.79
"2003-05-30",19,"Devollit",12.75
"2003-05-30",20,"Kolonjës",12.07
"2003-05-30",21,"Korçës",13
"2003-05-30",22,"Pogradecit",13.77
"2003-05-30",23,"Has",15.83
"2003-05-30",24,"Kukësit",12.51
"2003-05-30",25,"Tropojës",13.71
"2003-05-30",26,"Kurbinit",18.21
"2003-05-30",27,"Lezhës",18.65
"2003-05-30",28,"Mirditës",14.78
"2003-05-30",29,"Shkodrës",18.13
"2003-05-30",30,"Malësi e Madhe",16.08
"2003-05-30",31,"Pukës",15
"2003-05-30",32,"Shkodrës",16.93
"2003-05-30",33,"Kavajës",19.94
"2003-05-30",34,"Tiranës",16.61
"2003-05-30",35,"Delvinës",17.42
"2003-05-30",36,"Sarandës",18.95
"2003-05-30",37,"Vlorës",18.54
"2003-05-31",1,"Beratit",15.04
"2003-05-31",2,"Kuçovës",15.32
"2003-05-31",3,"Skraparit",12.52
"2003-05-31",4,"Bulqizës",10.16
"2003-05-31",5,"Dibrës",9.3
"2003-05-31",6,"Matit",12.51
"2003-05-31",7,"Durrësit",19.94
"2003-05-31",8,"Krujës",16.51
"2003-05-31",9,"Elbasanit",14.71
"2003-05-31",10,"Gramshit",12.87
"2003-05-31",11,"Librazhdit",11.61
"2003-05-31",12,"Peqinit",17.7
"2003-05-31",13,"Fierit",19.91
"2003-05-31",14,"Lushnjës",19.08
"2003-05-31",15,"Mallakastrës",16.28
"2003-05-31",16,"Gjirokastrës",17.26
"2003-05-31",17,"Përmetit",14.22
"2003-05-31",18,"Tepelenës",15.1
"2003-05-31",19,"Devollit",13.11
"2003-05-31",20,"Kolonjës",12.6
"2003-05-31",21,"Korçës",11.71
"2003-05-31",22,"Pogradecit",11.18
"2003-05-31",23,"Has",12.86
"2003-05-31",24,"Kukësit",9.64
"2003-05-31",25,"Tropojës",10.67
"2003-05-31",26,"Kurbinit",17.18
"2003-05-31",27,"Lezhës",17.58
"2003-05-31",28,"Mirditës",13.29
"2003-05-31",29,"Shkodrës",16.83
"2003-05-31",30,"Malësi e Madhe",13.61
"2003-05-31",31,"Pukës",12.99
"2003-05-31",32,"Shkodrës",15.12
"2003-05-31",33,"Kavajës",19.39
"2003-05-31",34,"Tiranës",15.62
"2003-05-31",35,"Delvinës",19.11
"2003-05-31",36,"Sarandës",20.28
"2003-05-31",37,"Vlorës",18.28
"2003-06-01",1,"Beratit",14.5
"2003-06-01",2,"Kuçovës",14.87
"2003-06-01",3,"Skraparit",11.05
"2003-06-01",4,"Bulqizës",10.18
"2003-06-01",5,"Dibrës",10.05
"2003-06-01",6,"Matit",12.72
"2003-06-01",7,"Durrësit",19.46
"2003-06-01",8,"Krujës",16.16
"2003-06-01",9,"Elbasanit",14.21
"2003-06-01",10,"Gramshit",12.22
"2003-06-01",11,"Librazhdit",11.35
"2003-06-01",12,"Peqinit",17.66
"2003-06-01",13,"Fierit",20.04
"2003-06-01",14,"Lushnjës",19.12
"2003-06-01",15,"Mallakastrës",15.87
"2003-06-01",16,"Gjirokastrës",13.12
"2003-06-01",17,"Përmetit",10.78
"2003-06-01",18,"Tepelenës",13.44
"2003-06-01",19,"Devollit",11.51
"2003-06-01",20,"Kolonjës",9.55
"2003-06-01",21,"Korçës",10.76
"2003-06-01",22,"Pogradecit",10.85
"2003-06-01",23,"Has",13.39
"2003-06-01",24,"Kukësit",11.01
"2003-06-01",25,"Tropojës",12.1
"2003-06-01",26,"Kurbinit",17.11
"2003-06-01",27,"Lezhës",18.29
"2003-06-01",28,"Mirditës",14.32
"2003-06-01",29,"Shkodrës",18.58
"2003-06-01",30,"Malësi e Madhe",15.72
"2003-06-01",31,"Pukës",14.88
"2003-06-01",32,"Shkodrës",17.12
"2003-06-01",33,"Kavajës",19.22
"2003-06-01",34,"Tiranës",15.35
"2003-06-01",35,"Delvinës",15.7
"2003-06-01",36,"Sarandës",17.41
"2003-06-01",37,"Vlorës",17.68
"2003-06-02",1,"Beratit",15.66
"2003-06-02",2,"Kuçovës",16.09
"2003-06-02",3,"Skraparit",12.57
"2003-06-02",4,"Bulqizës",10.13
"2003-06-02",5,"Dibrës",9.37
"2003-06-02",6,"Matit",11.31
"2003-06-02",7,"Durrësit",19.52
"2003-06-02",8,"Krujës",14.73
"2003-06-02",9,"Elbasanit",14
"2003-06-02",10,"Gramshit",12.72
"2003-06-02",11,"Librazhdit",11.43
"2003-06-02",12,"Peqinit",18.33
"2003-06-02",13,"Fierit",19.3
"2003-06-02",14,"Lushnjës",19.12
"2003-06-02",15,"Mallakastrës",16.34
"2003-06-02",16,"Gjirokastrës",14.68
"2003-06-02",17,"Përmetit",13.02
"2003-06-02",18,"Tepelenës",14.82
"2003-06-02",19,"Devollit",10.13
"2003-06-02",20,"Kolonjës",11.39
"2003-06-02",21,"Korçës",10.98
"2003-06-02",22,"Pogradecit",11.24
"2003-06-02",23,"Has",11.78
"2003-06-02",24,"Kukësit",9.48
"2003-06-02",25,"Tropojës",10.6
"2003-06-02",26,"Kurbinit",15.36
"2003-06-02",27,"Lezhës",16.01
"2003-06-02",28,"Mirditës",12.02
"2003-06-02",29,"Shkodrës",15.6
"2003-06-02",30,"Malësi e Madhe",12.97
"2003-06-02",31,"Pukës",11.78
"2003-06-02",32,"Shkodrës",14.24
"2003-06-02",33,"Kavajës",18.9
"2003-06-02",34,"Tiranës",14.19
"2003-06-02",35,"Delvinës",16.55
"2003-06-02",36,"Sarandës",16.79
"2003-06-02",37,"Vlorës",17.49
"2003-06-03",1,"Beratit",17.46
"2003-06-03",2,"Kuçovës",17.9
"2003-06-03",3,"Skraparit",14.35
"2003-06-03",4,"Bulqizës",9.27
"2003-06-03",5,"Dibrës",8.62
"2003-06-03",6,"Matit",11.51
"2003-06-03",7,"Durrësit",19.99
"2003-06-03",8,"Krujës",15.55
"2003-06-03",9,"Elbasanit",14.5
"2003-06-03",10,"Gramshit",13.56
"2003-06-03",11,"Librazhdit",10.87
"2003-06-03",12,"Peqinit",19.25
"2003-06-03",13,"Fierit",19.9
"2003-06-03",14,"Lushnjës",19.91
"2003-06-03",15,"Mallakastrës",17.92
"2003-06-03",16,"Gjirokastrës",15.81
"2003-06-03",17,"Përmetit",14.45
"2003-06-03",18,"Tepelenës",16.03
"2003-06-03",19,"Devollit",9.78
"2003-06-03",20,"Kolonjës",12.59
"2003-06-03",21,"Korçës",10.75
"2003-06-03",22,"Pogradecit",10.4
"2003-06-03",23,"Has",11.68
"2003-06-03",24,"Kukësit",9.07
"2003-06-03",25,"Tropojës",10.95
"2003-06-03",26,"Kurbinit",16.22
"2003-06-03",27,"Lezhës",17.82
"2003-06-03",28,"Mirditës",12.64
"2003-06-03",29,"Shkodrës",19.29
"2003-06-03",30,"Malësi e Madhe",16.11
"2003-06-03",31,"Pukës",13.52
"2003-06-03",32,"Shkodrës",17.67
"2003-06-03",33,"Kavajës",19.48
"2003-06-03",34,"Tiranës",14.84
"2003-06-03",35,"Delvinës",17.4
"2003-06-03",36,"Sarandës",17.75
"2003-06-03",37,"Vlorës",18.19
"2003-06-04",1,"Beratit",14.44
"2003-06-04",2,"Kuçovës",14.5
"2003-06-04",3,"Skraparit",12.38
"2003-06-04",4,"Bulqizës",10.74
"2003-06-04",5,"Dibrës",9.5
"2003-06-04",6,"Matit",11.39
"2003-06-04",7,"Durrësit",20.27
"2003-06-04",8,"Krujës",15.2
"2003-06-04",9,"Elbasanit",13.41
"2003-06-04",10,"Gramshit",12.38
"2003-06-04",11,"Librazhdit",11.98
"2003-06-04",12,"Peqinit",16.85
"2003-06-04",13,"Fierit",18.73
"2003-06-04",14,"Lushnjës",18.35
"2003-06-04",15,"Mallakastrës",16.08
"2003-06-04",16,"Gjirokastrës",14.84
"2003-06-04",17,"Përmetit",13.4
"2003-06-04",18,"Tepelenës",14.85
"2003-06-04",19,"Devollit",10.89
"2003-06-04",20,"Kolonjës",12.23
"2003-06-04",21,"Korçës",11.49
"2003-06-04",22,"Pogradecit",12
"2003-06-04",23,"Has",13.49
"2003-06-04",24,"Kukësit",11.08
"2003-06-04",25,"Tropojës",11.64
"2003-06-04",26,"Kurbinit",16.04
"2003-06-04",27,"Lezhës",17.73
"2003-06-04",28,"Mirditës",13.32
"2003-06-04",29,"Shkodrës",18.93
"2003-06-04",30,"Malësi e Madhe",15.54
"2003-06-04",31,"Pukës",15.22
"2003-06-04",32,"Shkodrës",17.31
"2003-06-04",33,"Kavajës",19.13
"2003-06-04",34,"Tiranës",14.38
"2003-06-04",35,"Delvinës",17.05
"2003-06-04",36,"Sarandës",16.82
"2003-06-04",37,"Vlorës",17.89
"2003-06-05",1,"Beratit",15.87
"2003-06-05",2,"Kuçovës",15.78
"2003-06-05",3,"Skraparit",13.07
"2003-06-05",4,"Bulqizës",10.65
"2003-06-05",5,"Dibrës",10.22
"2003-06-05",6,"Matit",12.93
"2003-06-05",7,"Durrësit",20.71
"2003-06-05",8,"Krujës",16.7
"2003-06-05",9,"Elbasanit",14.75
"2003-06-05",10,"Gramshit",13.3
"2003-06-05",11,"Librazhdit",11.92
"2003-06-05",12,"Peqinit",17.94
"2003-06-05",13,"Fierit",20.1
"2003-06-05",14,"Lushnjës",19.16
"2003-06-05",15,"Mallakastrës",18
"2003-06-05",16,"Gjirokastrës",16.56
"2003-06-05",17,"Përmetit",13.87
"2003-06-05",18,"Tepelenës",16.9
"2003-06-05",19,"Devollit",13.59
"2003-06-05",20,"Kolonjës",12.25
"2003-06-05",21,"Korçës",12.23
"2003-06-05",22,"Pogradecit",11.78
"2003-06-05",23,"Has",16.48
"2003-06-05",24,"Kukësit",11.65
"2003-06-05",25,"Tropojës",14.8
"2003-06-05",26,"Kurbinit",17.61
"2003-06-05",27,"Lezhës",18.72
"2003-06-05",28,"Mirditës",14.45
"2003-06-05",29,"Shkodrës",19.09
"2003-06-05",30,"Malësi e Madhe",15.85
"2003-06-05",31,"Pukës",15.5
"2003-06-05",32,"Shkodrës",17.61
"2003-06-05",33,"Kavajës",19.66
"2003-06-05",34,"Tiranës",15.81
"2003-06-05",35,"Delvinës",18.65
"2003-06-05",36,"Sarandës",18.3
"2003-06-05",37,"Vlorës",19.81
"2003-06-06",1,"Beratit",15.7
"2003-06-06",2,"Kuçovës",15.82
"2003-06-06",3,"Skraparit",12.01
"2003-06-06",4,"Bulqizës",10.94
"2003-06-06",5,"Dibrës",10.62
"2003-06-06",6,"Matit",13.58
"2003-06-06",7,"Durrësit",21.06
"2003-06-06",8,"Krujës",17.47
"2003-06-06",9,"Elbasanit",14.97
"2003-06-06",10,"Gramshit",12.86
"2003-06-06",11,"Librazhdit",12.09
"2003-06-06",12,"Peqinit",18.66
"2003-06-06",13,"Fierit",20.77
"2003-06-06",14,"Lushnjës",19.93
"2003-06-06",15,"Mallakastrës",17.93
"2003-06-06",16,"Gjirokastrës",14.38
"2003-06-06",17,"Përmetit",12
"2003-06-06",18,"Tepelenës",15.33
"2003-06-06",19,"Devollit",12.58
"2003-06-06",20,"Kolonjës",10.97
"2003-06-06",21,"Korçës",11.45
"2003-06-06",22,"Pogradecit",11.54
"2003-06-06",23,"Has",14.08
"2003-06-06",24,"Kukësit",11.49
"2003-06-06",25,"Tropojës",12.96
"2003-06-06",26,"Kurbinit",18.33
"2003-06-06",27,"Lezhës",19.49
"2003-06-06",28,"Mirditës",14.98
"2003-06-06",29,"Shkodrës",20.05
"2003-06-06",30,"Malësi e Madhe",16.25
"2003-06-06",31,"Pukës",15.31
"2003-06-06",32,"Shkodrës",18.1
"2003-06-06",33,"Kavajës",20.31
"2003-06-06",34,"Tiranës",16.45
"2003-06-06",35,"Delvinës",17.04
"2003-06-06",36,"Sarandës",18.59
"2003-06-06",37,"Vlorës",19.56
"2003-06-07",1,"Beratit",15.78
"2003-06-07",2,"Kuçovës",15.99
"2003-06-07",3,"Skraparit",13.45
"2003-06-07",4,"Bulqizës",13.4
"2003-06-07",5,"Dibrës",12.65
"2003-06-07",6,"Matit",14.57
"2003-06-07",7,"Durrësit",21.49
"2003-06-07",8,"Krujës",17.85
"2003-06-07",9,"Elbasanit",15.53
"2003-06-07",10,"Gramshit",14.02
"2003-06-07",11,"Librazhdit",14.06
"2003-06-07",12,"Peqinit",18.45
"2003-06-07",13,"Fierit",19.46
"2003-06-07",14,"Lushnjës",19.42
"2003-06-07",15,"Mallakastrës",16.97
"2003-06-07",16,"Gjirokastrës",15.57
"2003-06-07",17,"Përmetit",13.89
"2003-06-07",18,"Tepelenës",15.52
"2003-06-07",19,"Devollit",12.01
"2003-06-07",20,"Kolonjës",12.57
"2003-06-07",21,"Korçës",12.3
"2003-06-07",22,"Pogradecit",13.22
"2003-06-07",23,"Has",18.34
"2003-06-07",24,"Kukësit",16.17
"2003-06-07",25,"Tropojës",14.6
"2003-06-07",26,"Kurbinit",18.83
"2003-06-07",27,"Lezhës",19.84
"2003-06-07",28,"Mirditës",16.74
"2003-06-07",29,"Shkodrës",19.76
"2003-06-07",30,"Malësi e Madhe",16.75
"2003-06-07",31,"Pukës",17.64
"2003-06-07",32,"Shkodrës",18.11
"2003-06-07",33,"Kavajës",20.32
"2003-06-07",34,"Tiranës",16.89
"2003-06-07",35,"Delvinës",17.85
"2003-06-07",36,"Sarandës",18.68
"2003-06-07",37,"Vlorës",18.63
"2003-06-08",1,"Beratit",16.91
"2003-06-08",2,"Kuçovës",17.19
"2003-06-08",3,"Skraparit",13.81
"2003-06-08",4,"Bulqizës",13.6
"2003-06-08",5,"Dibrës",12.55
"2003-06-08",6,"Matit",14.78
"2003-06-08",7,"Durrësit",22.19
"2003-06-08",8,"Krujës",18.49
"2003-06-08",9,"Elbasanit",16.54
"2003-06-08",10,"Gramshit",14.63
"2003-06-08",11,"Librazhdit",14.35
"2003-06-08",12,"Peqinit",19.88
"2003-06-08",13,"Fierit",20.38
"2003-06-08",14,"Lushnjës",20.59
"2003-06-08",15,"Mallakastrës",18.28
"2003-06-08",16,"Gjirokastrës",16.85
"2003-06-08",17,"Përmetit",14.46
"2003-06-08",18,"Tepelenës",16.69
"2003-06-08",19,"Devollit",14.45
"2003-06-08",20,"Kolonjës",13.23
"2003-06-08",21,"Korçës",13.4
"2003-06-08",22,"Pogradecit",13.9
"2003-06-08",23,"Has",17.79
"2003-06-08",24,"Kukësit",15.39
"2003-06-08",25,"Tropojës",15.11
"2003-06-08",26,"Kurbinit",19.36
"2003-06-08",27,"Lezhës",20.29
"2003-06-08",28,"Mirditës",16.27
"2003-06-08",29,"Shkodrës",19.82
"2003-06-08",30,"Malësi e Madhe",17.07
"2003-06-08",31,"Pukës",17.04
"2003-06-08",32,"Shkodrës",18.39
"2003-06-08",33,"Kavajës",21.06
"2003-06-08",34,"Tiranës",17.5
"2003-06-08",35,"Delvinës",19.14
"2003-06-08",36,"Sarandës",19.59
"2003-06-08",37,"Vlorës",19.39
"2003-06-09",1,"Beratit",19.26
"2003-06-09",2,"Kuçovës",19.39
"2003-06-09",3,"Skraparit",15.87
"2003-06-09",4,"Bulqizës",12.9
"2003-06-09",5,"Dibrës",12.14
"2003-06-09",6,"Matit",15.28
"2003-06-09",7,"Durrësit",22.67
"2003-06-09",8,"Krujës",19.39
"2003-06-09",9,"Elbasanit",17.69
"2003-06-09",10,"Gramshit",16.23
"2003-06-09",11,"Librazhdit",14.78
"2003-06-09",12,"Peqinit",21.62
"2003-06-09",13,"Fierit",22.65
"2003-06-09",14,"Lushnjës",22.19
"2003-06-09",15,"Mallakastrës",20.92
"2003-06-09",16,"Gjirokastrës",18.76
"2003-06-09",17,"Përmetit",16.38
"2003-06-09",18,"Tepelenës",19.32
"2003-06-09",19,"Devollit",16.58
"2003-06-09",20,"Kolonjës",15.01
"2003-06-09",21,"Korçës",15.27
"2003-06-09",22,"Pogradecit",15.09
"2003-06-09",23,"Has",15
"2003-06-09",24,"Kukësit",12.62
"2003-06-09",25,"Tropojës",12.85
"2003-06-09",26,"Kurbinit",20.09
"2003-06-09",27,"Lezhës",20.66
"2003-06-09",28,"Mirditës",16.3
"2003-06-09",29,"Shkodrës",20.24
"2003-06-09",30,"Malësi e Madhe",16.01
"2003-06-09",31,"Pukës",15.43
"2003-06-09",32,"Shkodrës",17.97
"2003-06-09",33,"Kavajës",22.07
"2003-06-09",34,"Tiranës",18.52
"2003-06-09",35,"Delvinës",20.67
"2003-06-09",36,"Sarandës",21.33
"2003-06-09",37,"Vlorës",21.88
"2003-06-10",1,"Beratit",17.58
"2003-06-10",2,"Kuçovës",17.89
"2003-06-10",3,"Skraparit",14.15
"2003-06-10",4,"Bulqizës",12.92
"2003-06-10",5,"Dibrës",12.37
"2003-06-10",6,"Matit",15.32
"2003-06-10",7,"Durrësit",23
"2003-06-10",8,"Krujës",19.34
"2003-06-10",9,"Elbasanit",16.99
"2003-06-10",10,"Gramshit",14.85
"2003-06-10",11,"Librazhdit",13.73
"2003-06-10",12,"Peqinit",20.61
"2003-06-10",13,"Fierit",22.46
"2003-06-10",14,"Lushnjës",21.79
"2003-06-10",15,"Mallakastrës",19.31
"2003-06-10",16,"Gjirokastrës",16.29
"2003-06-10",17,"Përmetit",14.19
"2003-06-10",18,"Tepelenës",16.6
"2003-06-10",19,"Devollit",13.78
"2003-06-10",20,"Kolonjës",13
"2003-06-10",21,"Korçës",12.78
"2003-06-10",22,"Pogradecit",12.67
"2003-06-10",23,"Has",15.29
"2003-06-10",24,"Kukësit",13.23
"2003-06-10",25,"Tropojës",13.05
"2003-06-10",26,"Kurbinit",20.09
"2003-06-10",27,"Lezhës",20.88
"2003-06-10",28,"Mirditës",16.41
"2003-06-10",29,"Shkodrës",20.59
"2003-06-10",30,"Malësi e Madhe",16.25
"2003-06-10",31,"Pukës",15.65
"2003-06-10",32,"Shkodrës",18.31
"2003-06-10",33,"Kavajës",22.15
"2003-06-10",34,"Tiranës",18.34
"2003-06-10",35,"Delvinës",18.89
"2003-06-10",36,"Sarandës",20.86
"2003-06-10",37,"Vlorës",20.49
"2003-06-11",1,"Beratit",18.55
"2003-06-11",2,"Kuçovës",18.76
"2003-06-11",3,"Skraparit",15.56
"2003-06-11",4,"Bulqizës",15.21
"2003-06-11",5,"Dibrës",13.72
"2003-06-11",6,"Matit",16.16
"2003-06-11",7,"Durrësit",23.04
"2003-06-11",8,"Krujës",19.62
"2003-06-11",9,"Elbasanit",18.18
"2003-06-11",10,"Gramshit",16.51
"2003-06-11",11,"Librazhdit",16.19
"2003-06-11",12,"Peqinit",21.33
"2003-06-11",13,"Fierit",22.77
"2003-06-11",14,"Lushnjës",22.24
"2003-06-11",15,"Mallakastrës",20.26
"2003-06-11",16,"Gjirokastrës",18.21
"2003-06-11",17,"Përmetit",16.24
"2003-06-11",18,"Tepelenës",18.24
"2003-06-11",19,"Devollit",15.99
"2003-06-11",20,"Kolonjës",15.14
"2003-06-11",21,"Korçës",15.25
"2003-06-11",22,"Pogradecit",15.98
"2003-06-11",23,"Has",17.48
"2003-06-11",24,"Kukësit",15.87
"2003-06-11",25,"Tropojës",14.86
"2003-06-11",26,"Kurbinit",20.38
"2003-06-11",27,"Lezhës",21.24
"2003-06-11",28,"Mirditës",17.37
"2003-06-11",29,"Shkodrës",21.33
"2003-06-11",30,"Malësi e Madhe",17.35
"2003-06-11",31,"Pukës",17.24
"2003-06-11",32,"Shkodrës",19.34
"2003-06-11",33,"Kavajës",22.39
"2003-06-11",34,"Tiranës",19.01
"2003-06-11",35,"Delvinës",20.07
"2003-06-11",36,"Sarandës",20.93
"2003-06-11",37,"Vlorës",21.34
"2003-06-12",1,"Beratit",18.96
"2003-06-12",2,"Kuçovës",19.21
"2003-06-12",3,"Skraparit",16.15
"2003-06-12",4,"Bulqizës",15.53
"2003-06-12",5,"Dibrës",14.17
"2003-06-12",6,"Matit",16.83
"2003-06-12",7,"Durrësit",23.72
"2003-06-12",8,"Krujës",20.34
"2003-06-12",9,"Elbasanit",18.55
"2003-06-12",10,"Gramshit",16.85
"2003-06-12",11,"Librazhdit",16.32
"2003-06-12",12,"Peqinit",21.66
"2003-06-12",13,"Fierit",23.06
"2003-06-12",14,"Lushnjës",22.82
"2003-06-12",15,"Mallakastrës",20.49
"2003-06-12",16,"Gjirokastrës",18.93
"2003-06-12",17,"Përmetit",16.93
"2003-06-12",18,"Tepelenës",18.68
"2003-06-12",19,"Devollit",17.56
"2003-06-12",20,"Kolonjës",15.79
"2003-06-12",21,"Korçës",16.19
"2003-06-12",22,"Pogradecit",16.27
"2003-06-12",23,"Has",19.96
"2003-06-12",24,"Kukësit",16.78
"2003-06-12",25,"Tropojës",17.06
"2003-06-12",26,"Kurbinit",21.27
"2003-06-12",27,"Lezhës",22.05
"2003-06-12",28,"Mirditës",18.15
"2003-06-12",29,"Shkodrës",21.69
"2003-06-12",30,"Malësi e Madhe",18.69
"2003-06-12",31,"Pukës",18.7
"2003-06-12",32,"Shkodrës",20.16
"2003-06-12",33,"Kavajës",23.07
"2003-06-12",34,"Tiranës",19.48
"2003-06-12",35,"Delvinës",20.82
"2003-06-12",36,"Sarandës",21.75
"2003-06-12",37,"Vlorës",21.52
"2003-06-13",1,"Beratit",18.12
"2003-06-13",2,"Kuçovës",18.31
"2003-06-13",3,"Skraparit",15.53
"2003-06-13",4,"Bulqizës",16.03
"2003-06-13",5,"Dibrës",14.34
"2003-06-13",6,"Matit",16.81
"2003-06-13",7,"Durrësit",24.17
"2003-06-13",8,"Krujës",20.45
"2003-06-13",9,"Elbasanit",18.22
"2003-06-13",10,"Gramshit",16.43
"2003-06-13",11,"Librazhdit",16.7
"2003-06-13",12,"Peqinit",21.16
"2003-06-13",13,"Fierit",22.05
"2003-06-13",14,"Lushnjës",22.06
"2003-06-13",15,"Mallakastrës",19.8
"2003-06-13",16,"Gjirokastrës",19.14
"2003-06-13",17,"Përmetit",16.79
"2003-06-13",18,"Tepelenës",18.36
"2003-06-13",19,"Devollit",17.55
"2003-06-13",20,"Kolonjës",15.89
"2003-06-13",21,"Korçës",16.25
"2003-06-13",22,"Pogradecit",16.67
"2003-06-13",23,"Has",19.42
"2003-06-13",24,"Kukësit",16.76
"2003-06-13",25,"Tropojës",16.61
"2003-06-13",26,"Kurbinit",21.67
"2003-06-13",27,"Lezhës",22.85
"2003-06-13",28,"Mirditës",18.33
"2003-06-13",29,"Shkodrës",22.56
"2003-06-13",30,"Malësi e Madhe",19.29
"2003-06-13",31,"Pukës",18.53
"2003-06-13",32,"Shkodrës",20.87
"2003-06-13",33,"Kavajës",22.81
"2003-06-13",34,"Tiranës",19.36
"2003-06-13",35,"Delvinës",21.08
"2003-06-13",36,"Sarandës",22.52
"2003-06-13",37,"Vlorës",21.24
"2003-06-14",1,"Beratit",19.65
"2003-06-14",2,"Kuçovës",19.84
"2003-06-14",3,"Skraparit",16.9
"2003-06-14",4,"Bulqizës",16.54
"2003-06-14",5,"Dibrës",14.72
"2003-06-14",6,"Matit",17.07
"2003-06-14",7,"Durrësit",23.89
"2003-06-14",8,"Krujës",20.25
"2003-06-14",9,"Elbasanit",19
"2003-06-14",10,"Gramshit",17.41
"2003-06-14",11,"Librazhdit",17.35
"2003-06-14",12,"Peqinit",22.34
"2003-06-14",13,"Fierit",23.24
"2003-06-14",14,"Lushnjës",23.02
"2003-06-14",15,"Mallakastrës",21.28
"2003-06-14",16,"Gjirokastrës",19.83
"2003-06-14",17,"Përmetit",17.77
"2003-06-14",18,"Tepelenës",19.7
"2003-06-14",19,"Devollit",16.06
"2003-06-14",20,"Kolonjës",16.37
"2003-06-14",21,"Korçës",16.21
"2003-06-14",22,"Pogradecit",16.75
"2003-06-14",23,"Has",21.65
"2003-06-14",24,"Kukësit",18.27
"2003-06-14",25,"Tropojës",18.04
"2003-06-14",26,"Kurbinit",21.06
"2003-06-14",27,"Lezhës",22.37
"2003-06-14",28,"Mirditës",18.47
"2003-06-14",29,"Shkodrës",23.19
"2003-06-14",30,"Malësi e Madhe",20.02
"2003-06-14",31,"Pukës",19.84
"2003-06-14",32,"Shkodrës",21.77
"2003-06-14",33,"Kavajës",23.28
"2003-06-14",34,"Tiranës",19.74
"2003-06-14",35,"Delvinës",21.76
"2003-06-14",36,"Sarandës",22.81
"2003-06-14",37,"Vlorës",22.53
"2003-06-15",1,"Beratit",20.45
"2003-06-15",2,"Kuçovës",20.77
"2003-06-15",3,"Skraparit",17.1
"2003-06-15",4,"Bulqizës",17.67
"2003-06-15",5,"Dibrës",15.71
"2003-06-15",6,"Matit",18.39
"2003-06-15",7,"Durrësit",24.4
"2003-06-15",8,"Krujës",21.47
"2003-06-15",9,"Elbasanit",20
"2003-06-15",10,"Gramshit",17.59
"2003-06-15",11,"Librazhdit",17.61
"2003-06-15",12,"Peqinit",23.5
"2003-06-15",13,"Fierit",23.98
"2003-06-15",14,"Lushnjës",24.04
"2003-06-15",15,"Mallakastrës",21.81
"2003-06-15",16,"Gjirokastrës",20.39
"2003-06-15",17,"Përmetit",18.28
"2003-06-15",18,"Tepelenës",20.33
"2003-06-15",19,"Devollit",18.65
"2003-06-15",20,"Kolonjës",17.01
"2003-06-15",21,"Korçës",16.58
"2003-06-15",22,"Pogradecit",16.42
"2003-06-15",23,"Has",21.74
"2003-06-15",24,"Kukësit",17.95
"2003-06-15",25,"Tropojës",18.32
"2003-06-15",26,"Kurbinit",22.78
"2003-06-15",27,"Lezhës",24.01
"2003-06-15",28,"Mirditës",19.94
"2003-06-15",29,"Shkodrës",23.95
"2003-06-15",30,"Malësi e Madhe",20.15
"2003-06-15",31,"Pukës",20.34
"2003-06-15",32,"Shkodrës",22.02
"2003-06-15",33,"Kavajës",23.93
"2003-06-15",34,"Tiranës",20.7
"2003-06-15",35,"Delvinës",22.06
"2003-06-15",36,"Sarandës",22.7
"2003-06-15",37,"Vlorës",22.87
"2003-06-16",1,"Beratit",21.54
"2003-06-16",2,"Kuçovës",21.81
"2003-06-16",3,"Skraparit",19.38
"2003-06-16",4,"Bulqizës",16.17
"2003-06-16",5,"Dibrës",14.31
"2003-06-16",6,"Matit",17.3
"2003-06-16",7,"Durrësit",23.92
"2003-06-16",8,"Krujës",20.66
"2003-06-16",9,"Elbasanit",19.87
"2003-06-16",10,"Gramshit",19.25
"2003-06-16",11,"Librazhdit",17.8
"2003-06-16",12,"Peqinit",23.22
"2003-06-16",13,"Fierit",25.12
"2003-06-16",14,"Lushnjës",23.97
"2003-06-16",15,"Mallakastrës",22.41
"2003-06-16",16,"Gjirokastrës",21.28
"2003-06-16",17,"Përmetit",19.99
"2003-06-16",18,"Tepelenës",20.98
"2003-06-16",19,"Devollit",18.24
"2003-06-16",20,"Kolonjës",18.77
"2003-06-16",21,"Korçës",18.06
"2003-06-16",22,"Pogradecit",18.13
"2003-06-16",23,"Has",17.04
"2003-06-16",24,"Kukësit",14.72
"2003-06-16",25,"Tropojës",15.01
"2003-06-16",26,"Kurbinit",21.58
"2003-06-16",27,"Lezhës",22.62
"2003-06-16",28,"Mirditës",18.52
"2003-06-16",29,"Shkodrës",22.83
"2003-06-16",30,"Malësi e Madhe",18.88
"2003-06-16",31,"Pukës",18.14
"2003-06-16",32,"Shkodrës",20.66
"2003-06-16",33,"Kavajës",23.59
"2003-06-16",34,"Tiranës",20.15
"2003-06-16",35,"Delvinës",22.69
"2003-06-16",36,"Sarandës",23.9
"2003-06-16",37,"Vlorës",23.67
"2003-06-17",1,"Beratit",20.1
"2003-06-17",2,"Kuçovës",20.44
"2003-06-17",3,"Skraparit",16.94
"2003-06-17",4,"Bulqizës",14.56
"2003-06-17",5,"Dibrës",14.19
"2003-06-17",6,"Matit",17.74
"2003-06-17",7,"Durrësit",24.75
"2003-06-17",8,"Krujës",21.84
"2003-06-17",9,"Elbasanit",19.53
"2003-06-17",10,"Gramshit",17.52
"2003-06-17",11,"Librazhdit",16.06
"2003-06-17",12,"Peqinit",22.84
"2003-06-17",13,"Fierit",23.38
"2003-06-17",14,"Lushnjës",23.42
"2003-06-17",15,"Mallakastrës",20.91
"2003-06-17",16,"Gjirokastrës",19.46
"2003-06-17",17,"Përmetit",16.83
"2003-06-17",18,"Tepelenës",19.43
"2003-06-17",19,"Devollit",14.83
"2003-06-17",20,"Kolonjës",14.48
"2003-06-17",21,"Korçës",14.67
"2003-06-17",22,"Pogradecit",15.11
"2003-06-17",23,"Has",16.86
"2003-06-17",24,"Kukësit",15.27
"2003-06-17",25,"Tropojës",14.1
"2003-06-17",26,"Kurbinit",22.79
"2003-06-17",27,"Lezhës",23.33
"2003-06-17",28,"Mirditës",19.05
"2003-06-17",29,"Shkodrës",22.57
"2003-06-17",30,"Malësi e Madhe",17.96
"2003-06-17",31,"Pukës",17.64
"2003-06-17",32,"Shkodrës",20.12
"2003-06-17",33,"Kavajës",23.82
"2003-06-17",34,"Tiranës",20.85
"2003-06-17",35,"Delvinës",21.71
"2003-06-17",36,"Sarandës",23.1
"2003-06-17",37,"Vlorës",21.97
"2003-06-18",1,"Beratit",19.72
"2003-06-18",2,"Kuçovës",19.86
"2003-06-18",3,"Skraparit",17.51
"2003-06-18",4,"Bulqizës",14.91
"2003-06-18",5,"Dibrës",12.6
"2003-06-18",6,"Matit",15.75
"2003-06-18",7,"Durrësit",24.07
"2003-06-18",8,"Krujës",20.04
"2003-06-18",9,"Elbasanit",18.54
"2003-06-18",10,"Gramshit",17.7
"2003-06-18",11,"Librazhdit",16.83
"2003-06-18",12,"Peqinit",21.83
"2003-06-18",13,"Fierit",23.3
"2003-06-18",14,"Lushnjës",22.79
"2003-06-18",15,"Mallakastrës",21.02
"2003-06-18",16,"Gjirokastrës",20.51
"2003-06-18",17,"Përmetit",18.18
"2003-06-18",18,"Tepelenës",19.76
"2003-06-18",19,"Devollit",16.63
"2003-06-18",20,"Kolonjës",16.6
"2003-06-18",21,"Korçës",16.67
"2003-06-18",22,"Pogradecit",16.91
"2003-06-18",23,"Has",16.65
"2003-06-18",24,"Kukësit",13.37
"2003-06-18",25,"Tropojës",13.35
"2003-06-18",26,"Kurbinit",20.78
"2003-06-18",27,"Lezhës",21.28
"2003-06-18",28,"Mirditës",16.38
"2003-06-18",29,"Shkodrës",20.41
"2003-06-18",30,"Malësi e Madhe",16.3
"2003-06-18",31,"Pukës",15.46
"2003-06-18",32,"Shkodrës",18.18
"2003-06-18",33,"Kavajës",23.14
"2003-06-18",34,"Tiranës",19.3
"2003-06-18",35,"Delvinës",22.27
"2003-06-18",36,"Sarandës",23.27
"2003-06-18",37,"Vlorës",22.24
"2003-06-19",1,"Beratit",20.24
"2003-06-19",2,"Kuçovës",20.85
"2003-06-19",3,"Skraparit",16.68
"2003-06-19",4,"Bulqizës",14.19
"2003-06-19",5,"Dibrës",14.31
"2003-06-19",6,"Matit",16.65
"2003-06-19",7,"Durrësit",22.76
"2003-06-19",8,"Krujës",19.63
"2003-06-19",9,"Elbasanit",19.38
"2003-06-19",10,"Gramshit",17.6
"2003-06-19",11,"Librazhdit",15.94
"2003-06-19",12,"Peqinit",23.62
"2003-06-19",13,"Fierit",23.76
"2003-06-19",14,"Lushnjës",23.99
"2003-06-19",15,"Mallakastrës",20.9
"2003-06-19",16,"Gjirokastrës",19.44
"2003-06-19",17,"Përmetit",17.63
"2003-06-19",18,"Tepelenës",18.95
"2003-06-19",19,"Devollit",14.15
"2003-06-19",20,"Kolonjës",15.66
"2003-06-19",21,"Korçës",14.77
"2003-06-19",22,"Pogradecit",15.21
"2003-06-19",23,"Has",17.43
"2003-06-19",24,"Kukësit",15.36
"2003-06-19",25,"Tropojës",15.13
"2003-06-19",26,"Kurbinit",20.76
"2003-06-19",27,"Lezhës",21.89
"2003-06-19",28,"Mirditës",18.35
"2003-06-19",29,"Shkodrës",21.95
"2003-06-19",30,"Malësi e Madhe",18.7
"2003-06-19",31,"Pukës",18.43
"2003-06-19",32,"Shkodrës",20.32
"2003-06-19",33,"Kavajës",23.33
"2003-06-19",34,"Tiranës",19.39
"2003-06-19",35,"Delvinës",20.87
"2003-06-19",36,"Sarandës",21.56
"2003-06-19",37,"Vlorës",21.72
"2003-06-20",1,"Beratit",16.91
"2003-06-20",2,"Kuçovës",17.17
"2003-06-20",3,"Skraparit",15.17
"2003-06-20",4,"Bulqizës",13.04
"2003-06-20",5,"Dibrës",12.59
"2003-06-20",6,"Matit",15.2
"2003-06-20",7,"Durrësit",22.61
"2003-06-20",8,"Krujës",18.89
"2003-06-20",9,"Elbasanit",16.56
"2003-06-20",10,"Gramshit",15.38
"2003-06-20",11,"Librazhdit",14.22
"2003-06-20",12,"Peqinit",19.23
"2003-06-20",13,"Fierit",19.82
"2003-06-20",14,"Lushnjës",20.21
"2003-06-20",15,"Mallakastrës",17.44
"2003-06-20",16,"Gjirokastrës",16.4
"2003-06-20",17,"Përmetit",15.29
"2003-06-20",18,"Tepelenës",16.27
"2003-06-20",19,"Devollit",14.16
"2003-06-20",20,"Kolonjës",14.51
"2003-06-20",21,"Korçës",14.11
"2003-06-20",22,"Pogradecit",13.85
"2003-06-20",23,"Has",15.19
"2003-06-20",24,"Kukësit",13.08
"2003-06-20",25,"Tropojës",13.52
"2003-06-20",26,"Kurbinit",19.58
"2003-06-20",27,"Lezhës",20.04
"2003-06-20",28,"Mirditës",16.18
"2003-06-20",29,"Shkodrës",19.5
"2003-06-20",30,"Malësi e Madhe",16.47
"2003-06-20",31,"Pukës",15.54
"2003-06-20",32,"Shkodrës",17.79
"2003-06-20",33,"Kavajës",21.27
"2003-06-20",34,"Tiranës",17.81
"2003-06-20",35,"Delvinës",18.49
"2003-06-20",36,"Sarandës",19.43
"2003-06-20",37,"Vlorës",18.77
"2003-06-21",1,"Beratit",18.45
"2003-06-21",2,"Kuçovës",18.5
"2003-06-21",3,"Skraparit",15.54
"2003-06-21",4,"Bulqizës",13.04
"2003-06-21",5,"Dibrës",11.52
"2003-06-21",6,"Matit",14.12
"2003-06-21",7,"Durrësit",23.11
"2003-06-21",8,"Krujës",18.15
"2003-06-21",9,"Elbasanit",16.83
"2003-06-21",10,"Gramshit",15.61
"2003-06-21",11,"Librazhdit",14.33
"2003-06-21",12,"Peqinit",20.32
"2003-06-21",13,"Fierit",22.22
"2003-06-21",14,"Lushnjës",21.75
"2003-06-21",15,"Mallakastrës",19.79
"2003-06-21",16,"Gjirokastrës",18.5
"2003-06-21",17,"Përmetit",15.56
"2003-06-21",18,"Tepelenës",18.78
"2003-06-21",19,"Devollit",14.16
"2003-06-21",20,"Kolonjës",13.46
"2003-06-21",21,"Korçës",13.67
"2003-06-21",22,"Pogradecit",13.84
"2003-06-21",23,"Has",16.12
"2003-06-21",24,"Kukësit",13.4
"2003-06-21",25,"Tropojës",13.35
"2003-06-21",26,"Kurbinit",18.8
"2003-06-21",27,"Lezhës",19.2
"2003-06-21",28,"Mirditës",14.85
"2003-06-21",29,"Shkodrës",18.23
"2003-06-21",30,"Malësi e Madhe",15.74
"2003-06-21",31,"Pukës",14.94
"2003-06-21",32,"Shkodrës",17.02
"2003-06-21",33,"Kavajës",22.16
"2003-06-21",34,"Tiranës",17.5
"2003-06-21",35,"Delvinës",20.88
"2003-06-21",36,"Sarandës",21.46
"2003-06-21",37,"Vlorës",21.27
"2003-06-22",1,"Beratit",17.24
"2003-06-22",2,"Kuçovës",17.15
"2003-06-22",3,"Skraparit",14.48
"2003-06-22",4,"Bulqizës",10.74
"2003-06-22",5,"Dibrës",9.7
"2003-06-22",6,"Matit",12.44
"2003-06-22",7,"Durrësit",22.75
"2003-06-22",8,"Krujës",17.01
"2003-06-22",9,"Elbasanit",14.72
"2003-06-22",10,"Gramshit",13.9
"2003-06-22",11,"Librazhdit",11.93
"2003-06-22",12,"Peqinit",18.75
"2003-06-22",13,"Fierit",21.3
"2003-06-22",14,"Lushnjës",20.68
"2003-06-22",15,"Mallakastrës",18.83
"2003-06-22",16,"Gjirokastrës",18.19
"2003-06-22",17,"Përmetit",15.18
"2003-06-22",18,"Tepelenës",18.31
"2003-06-22",19,"Devollit",13.16
"2003-06-22",20,"Kolonjës",12.97
"2003-06-22",21,"Korçës",12.42
"2003-06-22",22,"Pogradecit",12.12
"2003-06-22",23,"Has",14.41
"2003-06-22",24,"Kukësit",11.09
"2003-06-22",25,"Tropojës",11.2
"2003-06-22",26,"Kurbinit",17.85
"2003-06-22",27,"Lezhës",18.27
"2003-06-22",28,"Mirditës",13.31
"2003-06-22",29,"Shkodrës",16.91
"2003-06-22",30,"Malësi e Madhe",13.72
"2003-06-22",31,"Pukës",12.81
"2003-06-22",32,"Shkodrës",15.2
"2003-06-22",33,"Kavajës",21.39
"2003-06-22",34,"Tiranës",15.72
"2003-06-22",35,"Delvinës",20.4
"2003-06-22",36,"Sarandës",20.26
"2003-06-22",37,"Vlorës",20.71
"2003-06-23",1,"Beratit",17.92
"2003-06-23",2,"Kuçovës",17.88
"2003-06-23",3,"Skraparit",16.33
"2003-06-23",4,"Bulqizës",14.15
"2003-06-23",5,"Dibrës",12.83
"2003-06-23",6,"Matit",14.91
"2003-06-23",7,"Durrësit",22.6
"2003-06-23",8,"Krujës",17.69
"2003-06-23",9,"Elbasanit",15.8
"2003-06-23",10,"Gramshit",15.53
"2003-06-23",11,"Librazhdit",14.57
"2003-06-23",12,"Peqinit",19.26
"2003-06-23",13,"Fierit",21.24
"2003-06-23",14,"Lushnjës",20.79
"2003-06-23",15,"Mallakastrës",18.98
"2003-06-23",16,"Gjirokastrës",18.42
"2003-06-23",17,"Përmetit",16.89
"2003-06-23",18,"Tepelenës",18.48
"2003-06-23",19,"Devollit",12.36
"2003-06-23",20,"Kolonjës",14.89
"2003-06-23",21,"Korçës",13.82
"2003-06-23",22,"Pogradecit",14.25
"2003-06-23",23,"Has",14.03
"2003-06-23",24,"Kukësit",14.2
"2003-06-23",25,"Tropojës",11.5
"2003-06-23",26,"Kurbinit",18.52
"2003-06-23",27,"Lezhës",19.98
"2003-06-23",28,"Mirditës",16.12
"2003-06-23",29,"Shkodrës",20.66
"2003-06-23",30,"Malësi e Madhe",14.41
"2003-06-23",31,"Pukës",16.79
"2003-06-23",32,"Shkodrës",17.43
"2003-06-23",33,"Kavajës",21.53
"2003-06-23",34,"Tiranës",16.94
"2003-06-23",35,"Delvinës",20.23
"2003-06-23",36,"Sarandës",20.52
"2003-06-23",37,"Vlorës",21.11
"2003-06-24",1,"Beratit",19.66
"2003-06-24",2,"Kuçovës",19.77
"2003-06-24",3,"Skraparit",17.62
"2003-06-24",4,"Bulqizës",15.57
"2003-06-24",5,"Dibrës",14.67
"2003-06-24",6,"Matit",16.5
"2003-06-24",7,"Durrësit",23.32
"2003-06-24",8,"Krujës",19.31
"2003-06-24",9,"Elbasanit",17.6
"2003-06-24",10,"Gramshit",17.03
"2003-06-24",11,"Librazhdit",15.98
"2003-06-24",12,"Peqinit",21.33
"2003-06-24",13,"Fierit",22.76
"2003-06-24",14,"Lushnjës",22.17
"2003-06-24",15,"Mallakastrës",20.57
"2003-06-24",16,"Gjirokastrës",19.55
"2003-06-24",17,"Përmetit",18.21
"2003-06-24",18,"Tepelenës",19.55
"2003-06-24",19,"Devollit",13.01
"2003-06-24",20,"Kolonjës",16.2
"2003-06-24",21,"Korçës",14.77
"2003-06-24",22,"Pogradecit",15.49
"2003-06-24",23,"Has",16.68
"2003-06-24",24,"Kukësit",15.46
"2003-06-24",25,"Tropojës",15.01
"2003-06-24",26,"Kurbinit",19.95
"2003-06-24",27,"Lezhës",21.5
"2003-06-24",28,"Mirditës",17.71
"2003-06-24",29,"Shkodrës",22.94
"2003-06-24",30,"Malësi e Madhe",18.26
"2003-06-24",31,"Pukës",18.83
"2003-06-24",32,"Shkodrës",20.6
"2003-06-24",33,"Kavajës",22.52
"2003-06-24",34,"Tiranës",18.68
"2003-06-24",35,"Delvinës",21.14
"2003-06-24",36,"Sarandës",21.44
"2003-06-24",37,"Vlorës",22.06
"2003-06-25",1,"Beratit",19.05
"2003-06-25",2,"Kuçovës",19.2
"2003-06-25",3,"Skraparit",18.2
"2003-06-25",4,"Bulqizës",16.48
"2003-06-25",5,"Dibrës",16
"2003-06-25",6,"Matit",17.04
"2003-06-25",7,"Durrësit",22.79
"2003-06-25",8,"Krujës",18.66
"2003-06-25",9,"Elbasanit",17.24
"2003-06-25",10,"Gramshit",17.23
"2003-06-25",11,"Librazhdit",16.53
"2003-06-25",12,"Peqinit",20.27
"2003-06-25",13,"Fierit",21.66
"2003-06-25",14,"Lushnjës",21.46
"2003-06-25",15,"Mallakastrës",19.5
"2003-06-25",16,"Gjirokastrës",19.78
"2003-06-25",17,"Përmetit",19.08
"2003-06-25",18,"Tepelenës",18.9
"2003-06-25",19,"Devollit",13.84
"2003-06-25",20,"Kolonjës",17.4
"2003-06-25",21,"Korçës",15.67
"2003-06-25",22,"Pogradecit",16.35
"2003-06-25",23,"Has",17.43
"2003-06-25",24,"Kukësit",16.3
"2003-06-25",25,"Tropojës",15.16
"2003-06-25",26,"Kurbinit",19.51
"2003-06-25",27,"Lezhës",21.18
"2003-06-25",28,"Mirditës",18.15
"2003-06-25",29,"Shkodrës",22.5
"2003-06-25",30,"Malësi e Madhe",19.58
"2003-06-25",31,"Pukës",18.55
"2003-06-25",32,"Shkodrës",20.66
"2003-06-25",33,"Kavajës",21.96
"2003-06-25",34,"Tiranës",18.21
"2003-06-25",35,"Delvinës",21.32
"2003-06-25",36,"Sarandës",21.94
"2003-06-25",37,"Vlorës",20.89
"2003-06-26",1,"Beratit",18.45
"2003-06-26",2,"Kuçovës",18.71
"2003-06-26",3,"Skraparit",16.39
"2003-06-26",4,"Bulqizës",13.8
"2003-06-26",5,"Dibrës",13.55
"2003-06-26",6,"Matit",16.19
"2003-06-26",7,"Durrësit",23.56
"2003-06-26",8,"Krujës",20
"2003-06-26",9,"Elbasanit",17.89
"2003-06-26",10,"Gramshit",16.83
"2003-06-26",11,"Librazhdit",15.59
"2003-06-26",12,"Peqinit",21.11
"2003-06-26",13,"Fierit",22.44
"2003-06-26",14,"Lushnjës",22.28
"2003-06-26",15,"Mallakastrës",19.59
"2003-06-26",16,"Gjirokastrës",18.96
"2003-06-26",17,"Përmetit",17.39
"2003-06-26",18,"Tepelenës",18.17
"2003-06-26",19,"Devollit",15.34
"2003-06-26",20,"Kolonjës",16.11
"2003-06-26",21,"Korçës",15.76
"2003-06-26",22,"Pogradecit",15.94
"2003-06-26",23,"Has",15.87
"2003-06-26",24,"Kukësit",13.69
"2003-06-26",25,"Tropojës",14.52
"2003-06-26",26,"Kurbinit",20.55
"2003-06-26",27,"Lezhës",21.33
"2003-06-26",28,"Mirditës",17.11
"2003-06-26",29,"Shkodrës",21.74
"2003-06-26",30,"Malësi e Madhe",18.89
"2003-06-26",31,"Pukës",16.87
"2003-06-26",32,"Shkodrës",20.05
"2003-06-26",33,"Kavajës",22.86
"2003-06-26",34,"Tiranës",19.13
"2003-06-26",35,"Delvinës",20.94
"2003-06-26",36,"Sarandës",21.62
"2003-06-26",37,"Vlorës",21.16
"2003-06-27",1,"Beratit",18.77
"2003-06-27",2,"Kuçovës",18.73
"2003-06-27",3,"Skraparit",17.21
"2003-06-27",4,"Bulqizës",16.73
"2003-06-27",5,"Dibrës",15.61
"2003-06-27",6,"Matit",17.5
"2003-06-27",7,"Durrësit",23.57
"2003-06-27",8,"Krujës",18.97
"2003-06-27",9,"Elbasanit",18.06
"2003-06-27",10,"Gramshit",16.91
"2003-06-27",11,"Librazhdit",16.91
"2003-06-27",12,"Peqinit",21.05
"2003-06-27",13,"Fierit",22.31
"2003-06-27",14,"Lushnjës",22.03
"2003-06-27",15,"Mallakastrës",20.37
"2003-06-27",16,"Gjirokastrës",21.21
"2003-06-27",17,"Përmetit",19.37
"2003-06-27",18,"Tepelenës",20.18
"2003-06-27",19,"Devollit",14.83
"2003-06-27",20,"Kolonjës",17.47
"2003-06-27",21,"Korçës",15.85
"2003-06-27",22,"Pogradecit",16.22
"2003-06-27",23,"Has",18.99
"2003-06-27",24,"Kukësit",16.35
"2003-06-27",25,"Tropojës",15.94
"2003-06-27",26,"Kurbinit",19.82
"2003-06-27",27,"Lezhës",21.07
"2003-06-27",28,"Mirditës",18.29
"2003-06-27",29,"Shkodrës",21.5
"2003-06-27",30,"Malësi e Madhe",19.06
"2003-06-27",31,"Pukës",18.38
"2003-06-27",32,"Shkodrës",20.19
"2003-06-27",33,"Kavajës",22.73
"2003-06-27",34,"Tiranës",18.91
"2003-06-27",35,"Delvinës",23.07
"2003-06-27",36,"Sarandës",22.1
"2003-06-27",37,"Vlorës",22.88
"2003-06-28",1,"Beratit",19.54
"2003-06-28",2,"Kuçovës",19.5
"2003-06-28",3,"Skraparit",18.07
"2003-06-28",4,"Bulqizës",11.46
"2003-06-28",5,"Dibrës",10.65
"2003-06-28",6,"Matit",13.5
"2003-06-28",7,"Durrësit",23.7
"2003-06-28",8,"Krujës",18
"2003-06-28",9,"Elbasanit",16.17
"2003-06-28",10,"Gramshit",16.65
"2003-06-28",11,"Librazhdit",13.59
"2003-06-28",12,"Peqinit",20.18
"2003-06-28",13,"Fierit",21.72
"2003-06-28",14,"Lushnjës",21.47
"2003-06-28",15,"Mallakastrës",19.99
"2003-06-28",16,"Gjirokastrës",19.6
"2003-06-28",17,"Përmetit",18.05
"2003-06-28",18,"Tepelenës",19.92
"2003-06-28",19,"Devollit",14.98
"2003-06-28",20,"Kolonjës",16.27
"2003-06-28",21,"Korçës",15.17
"2003-06-28",22,"Pogradecit",14.38
"2003-06-28",23,"Has",12.37
"2003-06-28",24,"Kukësit",10.66
"2003-06-28",25,"Tropojës",10.24
"2003-06-28",26,"Kurbinit",18.85
"2003-06-28",27,"Lezhës",19.21
"2003-06-28",28,"Mirditës",14.3
"2003-06-28",29,"Shkodrës",17.61
"2003-06-28",30,"Malësi e Madhe",13.98
"2003-06-28",31,"Pukës",12.92
"2003-06-28",32,"Shkodrës",15.62
"2003-06-28",33,"Kavajës",22.24
"2003-06-28",34,"Tiranës",17.08
"2003-06-28",35,"Delvinës",21.46
"2003-06-28",36,"Sarandës",21.32
"2003-06-28",37,"Vlorës",22.18
"2003-06-29",1,"Beratit",20.56
"2003-06-29",2,"Kuçovës",20.69
"2003-06-29",3,"Skraparit",18.96
"2003-06-29",4,"Bulqizës",13.59
"2003-06-29",5,"Dibrës",13.04
"2003-06-29",6,"Matit",15.73
"2003-06-29",7,"Durrësit",24.36
"2003-06-29",8,"Krujës",20.06
"2003-06-29",9,"Elbasanit",18.52
"2003-06-29",10,"Gramshit",18.46
"2003-06-29",11,"Librazhdit",16.01
"2003-06-29",12,"Peqinit",22.07
"2003-06-29",13,"Fierit",23.6
"2003-06-29",14,"Lushnjës",23.25
"2003-06-29",15,"Mallakastrës",20.96
"2003-06-29",16,"Gjirokastrës",20.81
"2003-06-29",17,"Përmetit",19.29
"2003-06-29",18,"Tepelenës",20.6
"2003-06-29",19,"Devollit",15.24
"2003-06-29",20,"Kolonjës",17.28
"2003-06-29",21,"Korçës",16.55
"2003-06-29",22,"Pogradecit",16.63
"2003-06-29",23,"Has",15.04
"2003-06-29",24,"Kukësit",13.29
"2003-06-29",25,"Tropojës",12.71
"2003-06-29",26,"Kurbinit",20.42
"2003-06-29",27,"Lezhës",20.59
"2003-06-29",28,"Mirditës",16.25
"2003-06-29",29,"Shkodrës",19.8
"2003-06-29",30,"Malësi e Madhe",16.85
"2003-06-29",31,"Pukës",15.02
"2003-06-29",32,"Shkodrës",18.03
"2003-06-29",33,"Kavajës",23.61
"2003-06-29",34,"Tiranës",19.34
"2003-06-29",35,"Delvinës",22.2
"2003-06-29",36,"Sarandës",22.79
"2003-06-29",37,"Vlorës",22.71
"2003-06-30",1,"Beratit",21.45
"2003-06-30",2,"Kuçovës",21.61
"2003-06-30",3,"Skraparit",19.53
"2003-06-30",4,"Bulqizës",12.63
"2003-06-30",5,"Dibrës",12.09
"2003-06-30",6,"Matit",15.77
"2003-06-30",7,"Durrësit",23.93
"2003-06-30",8,"Krujës",20.16
"2003-06-30",9,"Elbasanit",19.53
"2003-06-30",10,"Gramshit",19.38
"2003-06-30",11,"Librazhdit",15.62
"2003-06-30",12,"Peqinit",22.04
"2003-06-30",13,"Fierit",23.17
"2003-06-30",14,"Lushnjës",22.98
"2003-06-30",15,"Mallakastrës",22.13
"2003-06-30",16,"Gjirokastrës",19.89
"2003-06-30",17,"Përmetit",19.03
"2003-06-30",18,"Tepelenës",20.55
"2003-06-30",19,"Devollit",14.71
"2003-06-30",20,"Kolonjës",17.13
"2003-06-30",21,"Korçës",16.07
"2003-06-30",22,"Pogradecit",15.7
"2003-06-30",23,"Has",14.76
"2003-06-30",24,"Kukësit",12.55
"2003-06-30",25,"Tropojës",12.51
"2003-06-30",26,"Kurbinit",20.71
"2003-06-30",27,"Lezhës",21.26
"2003-06-30",28,"Mirditës",16.76
"2003-06-30",29,"Shkodrës",20.96
"2003-06-30",30,"Malësi e Madhe",16.72
"2003-06-30",31,"Pukës",15.96
"2003-06-30",32,"Shkodrës",18.55
"2003-06-30",33,"Kavajës",23.12
"2003-06-30",34,"Tiranës",19.37
"2003-06-30",35,"Delvinës",21.48
"2003-06-30",36,"Sarandës",21.41
"2003-06-30",37,"Vlorës",22.39
"2003-07-01",1,"Beratit",18.03
"2003-07-01",2,"Kuçovës",18.12
"2003-07-01",3,"Skraparit",15.88
"2003-07-01",4,"Bulqizës",13.46
"2003-07-01",5,"Dibrës",12.93
"2003-07-01",6,"Matit",14.9
"2003-07-01",7,"Durrësit",23.18
"2003-07-01",8,"Krujës",18.6
"2003-07-01",9,"Elbasanit",16.79
"2003-07-01",10,"Gramshit",15.76
"2003-07-01",11,"Librazhdit",14.9
"2003-07-01",12,"Peqinit",20.35
"2003-07-01",13,"Fierit",21.94
"2003-07-01",14,"Lushnjës",21.69
"2003-07-01",15,"Mallakastrës",19.28
"2003-07-01",16,"Gjirokastrës",19.89
"2003-07-01",17,"Përmetit",17.4
"2003-07-01",18,"Tepelenës",18.72
"2003-07-01",19,"Devollit",13.71
"2003-07-01",20,"Kolonjës",15.64
"2003-07-01",21,"Korçës",14.28
"2003-07-01",22,"Pogradecit",14.77
"2003-07-01",23,"Has",16
"2003-07-01",24,"Kukësit",13.31
"2003-07-01",25,"Tropojës",14.4
"2003-07-01",26,"Kurbinit",19.42
"2003-07-01",27,"Lezhës",20.78
"2003-07-01",28,"Mirditës",16.2
"2003-07-01",29,"Shkodrës",21.47
"2003-07-01",30,"Malësi e Madhe",18.16
"2003-07-01",31,"Pukës",16.93
"2003-07-01",32,"Shkodrës",19.72
"2003-07-01",33,"Kavajës",22.25
"2003-07-01",34,"Tiranës",17.83
"2003-07-01",35,"Delvinës",21.79
"2003-07-01",36,"Sarandës",21.46
"2003-07-01",37,"Vlorës",21.06
"2003-07-02",1,"Beratit",19.57
"2003-07-02",2,"Kuçovës",19.51
"2003-07-02",3,"Skraparit",17.42
"2003-07-02",4,"Bulqizës",16.19
"2003-07-02",5,"Dibrës",15.22
"2003-07-02",6,"Matit",17.53
"2003-07-02",7,"Durrësit",24.66
"2003-07-02",8,"Krujës",20.51
"2003-07-02",9,"Elbasanit",18.27
"2003-07-02",10,"Gramshit",17.36
"2003-07-02",11,"Librazhdit",16.88
"2003-07-02",12,"Peqinit",22.02
"2003-07-02",13,"Fierit",24.07
"2003-07-02",14,"Lushnjës",23.25
"2003-07-02",15,"Mallakastrës",21.83
"2003-07-02",16,"Gjirokastrës",20.26
"2003-07-02",17,"Përmetit",18.97
"2003-07-02",18,"Tepelenës",20.36
"2003-07-02",19,"Devollit",14.04
"2003-07-02",20,"Kolonjës",17.11
"2003-07-02",21,"Korçës",16.04
"2003-07-02",22,"Pogradecit",16.83
"2003-07-02",23,"Has",16.69
"2003-07-02",24,"Kukësit",14.63
"2003-07-02",25,"Tropojës",15.12
"2003-07-02",26,"Kurbinit",21.02
"2003-07-02",27,"Lezhës",22.09
"2003-07-02",28,"Mirditës",18.03
"2003-07-02",29,"Shkodrës",22.41
"2003-07-02",30,"Malësi e Madhe",19.84
"2003-07-02",31,"Pukës",18.62
"2003-07-02",32,"Shkodrës",20.91
"2003-07-02",33,"Kavajës",23.77
"2003-07-02",34,"Tiranës",19.66
"2003-07-02",35,"Delvinës",21.97
"2003-07-02",36,"Sarandës",21.74
"2003-07-02",37,"Vlorës",23.41
"2003-07-03",1,"Beratit",21.57
"2003-07-03",2,"Kuçovës",21.69
"2003-07-03",3,"Skraparit",19.47
"2003-07-03",4,"Bulqizës",16.41
"2003-07-03",5,"Dibrës",15.71
"2003-07-03",6,"Matit",17.95
"2003-07-03",7,"Durrësit",24.34
"2003-07-03",8,"Krujës",20.23
"2003-07-03",9,"Elbasanit",19.6
"2003-07-03",10,"Gramshit",18.83
"2003-07-03",11,"Librazhdit",17.47
"2003-07-03",12,"Peqinit",22.95
"2003-07-03",13,"Fierit",24.86
"2003-07-03",14,"Lushnjës",24.3
"2003-07-03",15,"Mallakastrës",22.24
"2003-07-03",16,"Gjirokastrës",20.62
"2003-07-03",17,"Përmetit",19.52
"2003-07-03",18,"Tepelenës",21.29
"2003-07-03",19,"Devollit",14.4
"2003-07-03",20,"Kolonjës",17.24
"2003-07-03",21,"Korçës",16
"2003-07-03",22,"Pogradecit",16.56
"2003-07-03",23,"Has",17.3
"2003-07-03",24,"Kukësit",15.07
"2003-07-03",25,"Tropojës",15.61
"2003-07-03",26,"Kurbinit",20.86
"2003-07-03",27,"Lezhës",21.88
"2003-07-03",28,"Mirditës",18.63
"2003-07-03",29,"Shkodrës",22.16
"2003-07-03",30,"Malësi e Madhe",18.73
"2003-07-03",31,"Pukës",19.01
"2003-07-03",32,"Shkodrës",20.55
"2003-07-03",33,"Kavajës",24.25
"2003-07-03",34,"Tiranës",20.2
"2003-07-03",35,"Delvinës",21.94
"2003-07-03",36,"Sarandës",22.28
"2003-07-03",37,"Vlorës",23.54
"2003-07-04",1,"Beratit",20.99
"2003-07-04",2,"Kuçovës",21.08
"2003-07-04",3,"Skraparit",19.09
"2003-07-04",4,"Bulqizës",17.2
"2003-07-04",5,"Dibrës",16.15
"2003-07-04",6,"Matit",18.2
"2003-07-04",7,"Durrësit",24.31
"2003-07-04",8,"Krujës",20.77
"2003-07-04",9,"Elbasanit",19.19
"2003-07-04",10,"Gramshit",18.51
"2003-07-04",11,"Librazhdit",17.66
"2003-07-04",12,"Peqinit",22.76
"2003-07-04",13,"Fierit",24.78
"2003-07-04",14,"Lushnjës",23.97
"2003-07-04",15,"Mallakastrës",22.22
"2003-07-04",16,"Gjirokastrës",20.9
"2003-07-04",17,"Përmetit",19.97
"2003-07-04",18,"Tepelenës",21.04
"2003-07-04",19,"Devollit",15.68
"2003-07-04",20,"Kolonjës",18.16
"2003-07-04",21,"Korçës",16.9
"2003-07-04",22,"Pogradecit",17.37
"2003-07-04",23,"Has",17.59
"2003-07-04",24,"Kukësit",15.67
"2003-07-04",25,"Tropojës",15.65
"2003-07-04",26,"Kurbinit",21.3
"2003-07-04",27,"Lezhës",22.2
"2003-07-04",28,"Mirditës",18.64
"2003-07-04",29,"Shkodrës",22.44
"2003-07-04",30,"Malësi e Madhe",19.32
"2003-07-04",31,"Pukës",19.03
"2003-07-04",32,"Shkodrës",20.85
"2003-07-04",33,"Kavajës",24.07
"2003-07-04",34,"Tiranës",20.26
"2003-07-04",35,"Delvinës",22.11
"2003-07-04",36,"Sarandës",22.32
"2003-07-04",37,"Vlorës",23.35
"2003-07-05",1,"Beratit",21.24
"2003-07-05",2,"Kuçovës",22.06
"2003-07-05",3,"Skraparit",18.41
"2003-07-05",4,"Bulqizës",15.97
"2003-07-05",5,"Dibrës",15.21
"2003-07-05",6,"Matit",17.64
"2003-07-05",7,"Durrësit",24.6
"2003-07-05",8,"Krujës",19.89
"2003-07-05",9,"Elbasanit",21.65
"2003-07-05",10,"Gramshit",19.67
"2003-07-05",11,"Librazhdit",18.19
"2003-07-05",12,"Peqinit",24.49
"2003-07-05",13,"Fierit",23.86
"2003-07-05",14,"Lushnjës",24.61
"2003-07-05",15,"Mallakastrës",20.39
"2003-07-05",16,"Gjirokastrës",19.3
"2003-07-05",17,"Përmetit",17.83
"2003-07-05",18,"Tepelenës",18.74
"2003-07-05",19,"Devollit",13.71
"2003-07-05",20,"Kolonjës",15.74
"2003-07-05",21,"Korçës",15.37
"2003-07-05",22,"Pogradecit",16.1
"2003-07-05",23,"Has",18.33
"2003-07-05",24,"Kukësit",14.91
"2003-07-05",25,"Tropojës",15.23
"2003-07-05",26,"Kurbinit",21.11
"2003-07-05",27,"Lezhës",22.5
"2003-07-05",28,"Mirditës",18.61
"2003-07-05",29,"Shkodrës",22.46
"2003-07-05",30,"Malësi e Madhe",19.46
"2003-07-05",31,"Pukës",18.43
"2003-07-05",32,"Shkodrës",20.95
"2003-07-05",33,"Kavajës",24.52
"2003-07-05",34,"Tiranës",21.03
"2003-07-05",35,"Delvinës",21.06
"2003-07-05",36,"Sarandës",21.78
"2003-07-05",37,"Vlorës",21.45
"2003-07-06",1,"Beratit",18.22
"2003-07-06",2,"Kuçovës",18.46
"2003-07-06",3,"Skraparit",15.8
"2003-07-06",4,"Bulqizës",12.4
"2003-07-06",5,"Dibrës",11.06
"2003-07-06",6,"Matit",14.1
"2003-07-06",7,"Durrësit",23.4
"2003-07-06",8,"Krujës",18.13
"2003-07-06",9,"Elbasanit",16.68
"2003-07-06",10,"Gramshit",15.6
"2003-07-06",11,"Librazhdit",14.3
"2003-07-06",12,"Peqinit",20.52
"2003-07-06",13,"Fierit",22.15
"2003-07-06",14,"Lushnjës",21.98
"2003-07-06",15,"Mallakastrës",18.85
"2003-07-06",16,"Gjirokastrës",18.86
"2003-07-06",17,"Përmetit",16.36
"2003-07-06",18,"Tepelenës",18.01
"2003-07-06",19,"Devollit",12.58
"2003-07-06",20,"Kolonjës",14.17
"2003-07-06",21,"Korçës",13.25
"2003-07-06",22,"Pogradecit",13.9
"2003-07-06",23,"Has",14
"2003-07-06",24,"Kukësit",11.61
"2003-07-06",25,"Tropojës",11.39
"2003-07-06",26,"Kurbinit",18.88
"2003-07-06",27,"Lezhës",19.1
"2003-07-06",28,"Mirditës",14.8
"2003-07-06",29,"Shkodrës",17.66
"2003-07-06",30,"Malësi e Madhe",14.21
"2003-07-06",31,"Pukës",13.84
"2003-07-06",32,"Shkodrës",15.95
"2003-07-06",33,"Kavajës",22.51
"2003-07-06",34,"Tiranës",17.58
"2003-07-06",35,"Delvinës",20.75
"2003-07-06",36,"Sarandës",21.34
"2003-07-06",37,"Vlorës",20.87
"2003-07-07",1,"Beratit",16.14
"2003-07-07",2,"Kuçovës",16.36
"2003-07-07",3,"Skraparit",14.31
"2003-07-07",4,"Bulqizës",13.03
"2003-07-07",5,"Dibrës",11.08
"2003-07-07",6,"Matit",13.15
"2003-07-07",7,"Durrësit",22.76
"2003-07-07",8,"Krujës",16.93
"2003-07-07",9,"Elbasanit",14.72
"2003-07-07",10,"Gramshit",14.34
"2003-07-07",11,"Librazhdit",13.98
"2003-07-07",12,"Peqinit",18.13
"2003-07-07",13,"Fierit",19.94
"2003-07-07",14,"Lushnjës",19.78
"2003-07-07",15,"Mallakastrës",16.53
"2003-07-07",16,"Gjirokastrës",16.67
"2003-07-07",17,"Përmetit",14.55
"2003-07-07",18,"Tepelenës",15.81
"2003-07-07",19,"Devollit",14.07
"2003-07-07",20,"Kolonjës",13.3
"2003-07-07",21,"Korçës",13.66
"2003-07-07",22,"Pogradecit",14.39
"2003-07-07",23,"Has",15
"2003-07-07",24,"Kukësit",12.12
"2003-07-07",25,"Tropojës",11.24
"2003-07-07",26,"Kurbinit",17.86
"2003-07-07",27,"Lezhës",18.54
"2003-07-07",28,"Mirditës",13.82
"2003-07-07",29,"Shkodrës",17.49
"2003-07-07",30,"Malësi e Madhe",14.42
"2003-07-07",31,"Pukës",13.42
"2003-07-07",32,"Shkodrës",16
"2003-07-07",33,"Kavajës",20.98
"2003-07-07",34,"Tiranës",15.91
"2003-07-07",35,"Delvinës",19.01
"2003-07-07",36,"Sarandës",19.4
"2003-07-07",37,"Vlorës",18.87
"2003-07-08",1,"Beratit",17.81
"2003-07-08",2,"Kuçovës",18.17
"2003-07-08",3,"Skraparit",15.92
"2003-07-08",4,"Bulqizës",13.61
"2003-07-08",5,"Dibrës",11.99
"2003-07-08",6,"Matit",13.92
"2003-07-08",7,"Durrësit",23.1
"2003-07-08",8,"Krujës",17.9
"2003-07-08",9,"Elbasanit",16.17
"2003-07-08",10,"Gramshit",15.81
"2003-07-08",11,"Librazhdit",14.88
"2003-07-08",12,"Peqinit",19.83
"2003-07-08",13,"Fierit",21.71
"2003-07-08",14,"Lushnjës",21.42
"2003-07-08",15,"Mallakastrës",18.03
"2003-07-08",16,"Gjirokastrës",17.31
"2003-07-08",17,"Përmetit",15.96
"2003-07-08",18,"Tepelenës",16.68
"2003-07-08",19,"Devollit",14.82
"2003-07-08",20,"Kolonjës",14.85
"2003-07-08",21,"Korçës",15
"2003-07-08",22,"Pogradecit",15.39
"2003-07-08",23,"Has",16.27
"2003-07-08",24,"Kukësit",12.97
"2003-07-08",25,"Tropojës",12.15
"2003-07-08",26,"Kurbinit",18.68
"2003-07-08",27,"Lezhës",18.98
"2003-07-08",28,"Mirditës",14.51
"2003-07-08",29,"Shkodrës",17.64
"2003-07-08",30,"Malësi e Madhe",14.46
"2003-07-08",31,"Pukës",14.02
"2003-07-08",32,"Shkodrës",16.08
"2003-07-08",33,"Kavajës",22.04
"2003-07-08",34,"Tiranës",17.12
"2003-07-08",35,"Delvinës",19.51
"2003-07-08",36,"Sarandës",20.45
"2003-07-08",37,"Vlorës",19.96
"2003-07-09",1,"Beratit",16.34
"2003-07-09",2,"Kuçovës",16.67
"2003-07-09",3,"Skraparit",13.89
"2003-07-09",4,"Bulqizës",12.43
"2003-07-09",5,"Dibrës",10.99
"2003-07-09",6,"Matit",12.84
"2003-07-09",7,"Durrësit",22.71
"2003-07-09",8,"Krujës",16.9
"2003-07-09",9,"Elbasanit",15.05
"2003-07-09",10,"Gramshit",13.93
"2003-07-09",11,"Librazhdit",13.25
"2003-07-09",12,"Peqinit",19.03
"2003-07-09",13,"Fierit",20.45
"2003-07-09",14,"Lushnjës",20.45
"2003-07-09",15,"Mallakastrës",17.09
"2003-07-09",16,"Gjirokastrës",16
"2003-07-09",17,"Përmetit",14.35
"2003-07-09",18,"Tepelenës",15.68
"2003-07-09",19,"Devollit",13.64
"2003-07-09",20,"Kolonjës",13
"2003-07-09",21,"Korçës",13.05
"2003-07-09",22,"Pogradecit",13.31
"2003-07-09",23,"Has",15.18
"2003-07-09",24,"Kukësit",11.71
"2003-07-09",25,"Tropojës",11.56
"2003-07-09",26,"Kurbinit",17.94
"2003-07-09",27,"Lezhës",18.48
"2003-07-09",28,"Mirditës",13.7
"2003-07-09",29,"Shkodrës",17.25
"2003-07-09",30,"Malësi e Madhe",14.12
"2003-07-09",31,"Pukës",13.5
"2003-07-09",32,"Shkodrës",15.89
"2003-07-09",33,"Kavajës",21.32
"2003-07-09",34,"Tiranës",16.08
"2003-07-09",35,"Delvinës",18.39
"2003-07-09",36,"Sarandës",19.23
"2003-07-09",37,"Vlorës",19.24
"2003-07-10",1,"Beratit",14.88
"2003-07-10",2,"Kuçovës",15.05
"2003-07-10",3,"Skraparit",12.83
"2003-07-10",4,"Bulqizës",11.77
"2003-07-10",5,"Dibrës",10.85
"2003-07-10",6,"Matit",12.19
"2003-07-10",7,"Durrësit",21.96
"2003-07-10",8,"Krujës",16.09
"2003-07-10",9,"Elbasanit",13.95
"2003-07-10",10,"Gramshit",13.11
"2003-07-10",11,"Librazhdit",12.96
"2003-07-10",12,"Peqinit",17.55
"2003-07-10",13,"Fierit",19.12
"2003-07-10",14,"Lushnjës",18.96
"2003-07-10",15,"Mallakastrës",16.04
"2003-07-10",16,"Gjirokastrës",16.29
"2003-07-10",17,"Përmetit",14.1
"2003-07-10",18,"Tepelenës",15.07
"2003-07-10",19,"Devollit",13.09
"2003-07-10",20,"Kolonjës",12.96
"2003-07-10",21,"Korçës",12.78
"2003-07-10",22,"Pogradecit",13.41
"2003-07-10",23,"Has",16.56
"2003-07-10",24,"Kukësit",12.94
"2003-07-10",25,"Tropojës",12.51
"2003-07-10",26,"Kurbinit",16.99
"2003-07-10",27,"Lezhës",17.78
"2003-07-10",28,"Mirditës",13.62
"2003-07-10",29,"Shkodrës",17.06
"2003-07-10",30,"Malësi e Madhe",14.07
"2003-07-10",31,"Pukës",14.43
"2003-07-10",32,"Shkodrës",15.77
"2003-07-10",33,"Kavajës",20.19
"2003-07-10",34,"Tiranës",15.17
"2003-07-10",35,"Delvinës",18.5
"2003-07-10",36,"Sarandës",19.08
"2003-07-10",37,"Vlorës",18.38
"2003-07-11",1,"Beratit",17.53
"2003-07-11",2,"Kuçovës",17.45
"2003-07-11",3,"Skraparit",15.87
"2003-07-11",4,"Bulqizës",13.56
"2003-07-11",5,"Dibrës",12.65
"2003-07-11",6,"Matit",14.18
"2003-07-11",7,"Durrësit",22.05
"2003-07-11",8,"Krujës",17.23
"2003-07-11",9,"Elbasanit",15.25
"2003-07-11",10,"Gramshit",15.14
"2003-07-11",11,"Librazhdit",14.39
"2003-07-11",12,"Peqinit",18.69
"2003-07-11",13,"Fierit",20.89
"2003-07-11",14,"Lushnjës",20.23
"2003-07-11",15,"Mallakastrës",18.72
"2003-07-11",16,"Gjirokastrës",18.43
"2003-07-11",17,"Përmetit",16.53
"2003-07-11",18,"Tepelenës",18.03
"2003-07-11",19,"Devollit",13.69
"2003-07-11",20,"Kolonjës",14.88
"2003-07-11",21,"Korçës",14.14
"2003-07-11",22,"Pogradecit",15
"2003-07-11",23,"Has",17.89
"2003-07-11",24,"Kukësit",15.01
"2003-07-11",25,"Tropojës",13.75
"2003-07-11",26,"Kurbinit",18.19
"2003-07-11",27,"Lezhës",19.64
"2003-07-11",28,"Mirditës",15.99
"2003-07-11",29,"Shkodrës",20.35
"2003-07-11",30,"Malësi e Madhe",15.77
"2003-07-11",31,"Pukës",17.37
"2003-07-11",32,"Shkodrës",18.31
"2003-07-11",33,"Kavajës",20.86
"2003-07-11",34,"Tiranës",16.4
"2003-07-11",35,"Delvinës",20.11
"2003-07-11",36,"Sarandës",20.89
"2003-07-11",37,"Vlorës",20.31
"2003-07-12",1,"Beratit",18.43
"2003-07-12",2,"Kuçovës",18.59
"2003-07-12",3,"Skraparit",16.6
"2003-07-12",4,"Bulqizës",11.57
"2003-07-12",5,"Dibrës",10.41
"2003-07-12",6,"Matit",13.24
"2003-07-12",7,"Durrësit",22.43
"2003-07-12",8,"Krujës",17.44
"2003-07-12",9,"Elbasanit",16.28
"2003-07-12",10,"Gramshit",16.23
"2003-07-12",11,"Librazhdit",14
"2003-07-12",12,"Peqinit",19.58
"2003-07-12",13,"Fierit",21.13
"2003-07-12",14,"Lushnjës",20.83
"2003-07-12",15,"Mallakastrës",19.31
"2003-07-12",16,"Gjirokastrës",19.29
"2003-07-12",17,"Përmetit",16.94
"2003-07-12",18,"Tepelenës",17.95
"2003-07-12",19,"Devollit",12.92
"2003-07-12",20,"Kolonjës",14.86
"2003-07-12",21,"Korçës",14.07
"2003-07-12",22,"Pogradecit",14.38
"2003-07-12",23,"Has",15.15
"2003-07-12",24,"Kukësit",11.89
"2003-07-12",25,"Tropojës",10.87
"2003-07-12",26,"Kurbinit",18.16
"2003-07-12",27,"Lezhës",18.5
"2003-07-12",28,"Mirditës",13.98
"2003-07-12",29,"Shkodrës",17.39
"2003-07-12",30,"Malësi e Madhe",14.23
"2003-07-12",31,"Pukës",13.23
"2003-07-12",32,"Shkodrës",15.64
"2003-07-12",33,"Kavajës",21.34
"2003-07-12",34,"Tiranës",16.82
"2003-07-12",35,"Delvinës",21.1
"2003-07-12",36,"Sarandës",21.75
"2003-07-12",37,"Vlorës",20.22
"2003-07-13",1,"Beratit",16.26
"2003-07-13",2,"Kuçovës",16.43
"2003-07-13",3,"Skraparit",14.13
"2003-07-13",4,"Bulqizës",12.94
"2003-07-13",5,"Dibrës",11.22
"2003-07-13",6,"Matit",13.4
"2003-07-13",7,"Durrësit",22.33
"2003-07-13",8,"Krujës",17.22
"2003-07-13",9,"Elbasanit",15.64
"2003-07-13",10,"Gramshit",14.68
"2003-07-13",11,"Librazhdit",14.64
"2003-07-13",12,"Peqinit",18.84
"2003-07-13",13,"Fierit",20.82
"2003-07-13",14,"Lushnjës",20.44
"2003-07-13",15,"Mallakastrës",17.58
"2003-07-13",16,"Gjirokastrës",17.47
"2003-07-13",17,"Përmetit",15.39
"2003-07-13",18,"Tepelenës",16.45
"2003-07-13",19,"Devollit",14.84
"2003-07-13",20,"Kolonjës",14.15
"2003-07-13",21,"Korçës",14.02
"2003-07-13",22,"Pogradecit",15.13
"2003-07-13",23,"Has",17.18
"2003-07-13",24,"Kukësit",13.38
"2003-07-13",25,"Tropojës",14.02
"2003-07-13",26,"Kurbinit",17.97
"2003-07-13",27,"Lezhës",18.45
"2003-07-13",28,"Mirditës",14.35
"2003-07-13",29,"Shkodrës",17.47
"2003-07-13",30,"Malësi e Madhe",14.3
"2003-07-13",31,"Pukës",14.95
"2003-07-13",32,"Shkodrës",16
"2003-07-13",33,"Kavajës",21.24
"2003-07-13",34,"Tiranës",16.59
"2003-07-13",35,"Delvinës",19.47
"2003-07-13",36,"Sarandës",20.19
"2003-07-13",37,"Vlorës",19.55
"2003-07-14",1,"Beratit",20.41
"2003-07-14",2,"Kuçovës",20.49
"2003-07-14",3,"Skraparit",18.71
"2003-07-14",4,"Bulqizës",16.25
"2003-07-14",5,"Dibrës",15.67
"2003-07-14",6,"Matit",17.52
"2003-07-14",7,"Durrësit",23.13
"2003-07-14",8,"Krujës",18.96
"2003-07-14",9,"Elbasanit",19.48
"2003-07-14",10,"Gramshit",18.43
"2003-07-14",11,"Librazhdit",17.71
"2003-07-14",12,"Peqinit",21.34
"2003-07-14",13,"Fierit",22.95
"2003-07-14",14,"Lushnjës",22.18
"2003-07-14",15,"Mallakastrës",20.81
"2003-07-14",16,"Gjirokastrës",19.5
"2003-07-14",17,"Përmetit",18.33
"2003-07-14",18,"Tepelenës",20.05
"2003-07-14",19,"Devollit",14.02
"2003-07-14",20,"Kolonjës",16.22
"2003-07-14",21,"Korçës",15.57
"2003-07-14",22,"Pogradecit",16.42
"2003-07-14",23,"Has",16.6
"2003-07-14",24,"Kukësit",14.71
"2003-07-14",25,"Tropojës",14.51
"2003-07-14",26,"Kurbinit",20.05
"2003-07-14",27,"Lezhës",21.6
"2003-07-14",28,"Mirditës",18.19
"2003-07-14",29,"Shkodrës",22.41
"2003-07-14",30,"Malësi e Madhe",17.87
"2003-07-14",31,"Pukës",17.8
"2003-07-14",32,"Shkodrës",20.05
"2003-07-14",33,"Kavajës",22.4
"2003-07-14",34,"Tiranës",19.4
"2003-07-14",35,"Delvinës",20.71
"2003-07-14",36,"Sarandës",21.48
"2003-07-14",37,"Vlorës",22.05
"2003-07-15",1,"Beratit",19
"2003-07-15",2,"Kuçovës",19.07
"2003-07-15",3,"Skraparit",17.26
"2003-07-15",4,"Bulqizës",12.95
"2003-07-15",5,"Dibrës",11.23
"2003-07-15",6,"Matit",14.11
"2003-07-15",7,"Durrësit",22.47
"2003-07-15",8,"Krujës",17.78
"2003-07-15",9,"Elbasanit",16.78
"2003-07-15",10,"Gramshit",16.57
"2003-07-15",11,"Librazhdit",14.78
"2003-07-15",12,"Peqinit",20.25
"2003-07-15",13,"Fierit",22.15
"2003-07-15",14,"Lushnjës",21.58
"2003-07-15",15,"Mallakastrës",19.92
"2003-07-15",16,"Gjirokastrës",20.1
"2003-07-15",17,"Përmetit",18.04
"2003-07-15",18,"Tepelenës",19.2
"2003-07-15",19,"Devollit",15.02
"2003-07-15",20,"Kolonjës",16.55
"2003-07-15",21,"Korçës",15.34
"2003-07-15",22,"Pogradecit",15.01
"2003-07-15",23,"Has",15.12
"2003-07-15",24,"Kukësit",11.96
"2003-07-15",25,"Tropojës",11.78
"2003-07-15",26,"Kurbinit",18.64
"2003-07-15",27,"Lezhës",19.14
"2003-07-15",28,"Mirditës",14.84
"2003-07-15",29,"Shkodrës",18.08
"2003-07-15",30,"Malësi e Madhe",14.65
"2003-07-15",31,"Pukës",14.01
"2003-07-15",32,"Shkodrës",16.17
"2003-07-15",33,"Kavajës",21.78
"2003-07-15",34,"Tiranës",17.31
"2003-07-15",35,"Delvinës",21.6
"2003-07-15",36,"Sarandës",22.74
"2003-07-15",37,"Vlorës",21.31
"2003-07-16",1,"Beratit",15.18
"2003-07-16",2,"Kuçovës",14.91
"2003-07-16",3,"Skraparit",13.05
"2003-07-16",4,"Bulqizës",12.16
"2003-07-16",5,"Dibrës",11.13
"2003-07-16",6,"Matit",12.3
"2003-07-16",7,"Durrësit",22.09
"2003-07-16",8,"Krujës",15.46
"2003-07-16",9,"Elbasanit",13.41
"2003-07-16",10,"Gramshit",12.69
"2003-07-16",11,"Librazhdit",12.73
"2003-07-16",12,"Peqinit",17.36
"2003-07-16",13,"Fierit",19.97
"2003-07-16",14,"Lushnjës",19.27
"2003-07-16",15,"Mallakastrës",17.49
"2003-07-16",16,"Gjirokastrës",17.54
"2003-07-16",17,"Përmetit",14.85
"2003-07-16",18,"Tepelenës",17
"2003-07-16",19,"Devollit",11.67
"2003-07-16",20,"Kolonjës",13.1
"2003-07-16",21,"Korçës",12.09
"2003-07-16",22,"Pogradecit",13.03
"2003-07-16",23,"Has",17.22
"2003-07-16",24,"Kukësit",13.82
"2003-07-16",25,"Tropojës",13.66
"2003-07-16",26,"Kurbinit",16.49
"2003-07-16",27,"Lezhës",18.48
"2003-07-16",28,"Mirditës",14.15
"2003-07-16",29,"Shkodrës",19.68
"2003-07-16",30,"Malësi e Madhe",16.08
"2003-07-16",31,"Pukës",16.27
"2003-07-16",32,"Shkodrës",18
"2003-07-16",33,"Kavajës",20.41
"2003-07-16",34,"Tiranës",14.68
"2003-07-16",35,"Delvinës",19.71
"2003-07-16",36,"Sarandës",19.99
"2003-07-16",37,"Vlorës",20.4
"2003-07-17",1,"Beratit",19.31
"2003-07-17",2,"Kuçovës",19.36
"2003-07-17",3,"Skraparit",17.56
"2003-07-17",4,"Bulqizës",16.84
"2003-07-17",5,"Dibrës",15.9
"2003-07-17",6,"Matit",17.51
"2003-07-17",7,"Durrësit",23.79
"2003-07-17",8,"Krujës",19.86
"2003-07-17",9,"Elbasanit",18.18
"2003-07-17",10,"Gramshit",17.3
"2003-07-17",11,"Librazhdit",17.15
"2003-07-17",12,"Peqinit",21.46
"2003-07-17",13,"Fierit",23.42
"2003-07-17",14,"Lushnjës",22.57
"2003-07-17",15,"Mallakastrës",20.98
"2003-07-17",16,"Gjirokastrës",20.14
"2003-07-17",17,"Përmetit",18.84
"2003-07-17",18,"Tepelenës",19.77
"2003-07-17",19,"Devollit",14.48
"2003-07-17",20,"Kolonjës",17.08
"2003-07-17",21,"Korçës",15.88
"2003-07-17",22,"Pogradecit",16.75
"2003-07-17",23,"Has",17.52
"2003-07-17",24,"Kukësit",15.7
"2003-07-17",25,"Tropojës",15.39
"2003-07-17",26,"Kurbinit",20.53
"2003-07-17",27,"Lezhës",21.64
"2003-07-17",28,"Mirditës",18.25
"2003-07-17",29,"Shkodrës",22.03
"2003-07-17",30,"Malësi e Madhe",19.01
"2003-07-17",31,"Pukës",18.66
"2003-07-17",32,"Shkodrës",20.16
"2003-07-17",33,"Kavajës",23.08
"2003-07-17",34,"Tiranës",19.35
"2003-07-17",35,"Delvinës",21.81
"2003-07-17",36,"Sarandës",21.97
"2003-07-17",37,"Vlorës",23.15
"2003-07-18",1,"Beratit",22.86
"2003-07-18",2,"Kuçovës",22.89
"2003-07-18",3,"Skraparit",20.38
"2003-07-18",4,"Bulqizës",18.09
"2003-07-18",5,"Dibrës",17.43
"2003-07-18",6,"Matit",18.61
"2003-07-18",7,"Durrësit",24.49
"2003-07-18",8,"Krujës",20.63
"2003-07-18",9,"Elbasanit",19.82
"2003-07-18",10,"Gramshit",19.76
"2003-07-18",11,"Librazhdit",18.57
"2003-07-18",12,"Peqinit",23.59
"2003-07-18",13,"Fierit",24.46
"2003-07-18",14,"Lushnjës",24.18
"2003-07-18",15,"Mallakastrës",23.64
"2003-07-18",16,"Gjirokastrës",21.43
"2003-07-18",17,"Përmetit",19.89
"2003-07-18",18,"Tepelenës",22.72
"2003-07-18",19,"Devollit",16.3
"2003-07-18",20,"Kolonjës",18.04
"2003-07-18",21,"Korçës",17.54
"2003-07-18",22,"Pogradecit",18.49
"2003-07-18",23,"Has",20.08
"2003-07-18",24,"Kukësit",18.5
"2003-07-18",25,"Tropojës",17.59
"2003-07-18",26,"Kurbinit",21.32
"2003-07-18",27,"Lezhës",23.06
"2003-07-18",28,"Mirditës",19.98
"2003-07-18",29,"Shkodrës",24.49
"2003-07-18",30,"Malësi e Madhe",21.49
"2003-07-18",31,"Pukës",21.19
"2003-07-18",32,"Shkodrës",22.8
"2003-07-18",33,"Kavajës",23.87
"2003-07-18",34,"Tiranës",20.21
"2003-07-18",35,"Delvinës",22.99
"2003-07-18",36,"Sarandës",23.47
"2003-07-18",37,"Vlorës",24.32
"2003-07-19",1,"Beratit",20.78
"2003-07-19",2,"Kuçovës",21.07
"2003-07-19",3,"Skraparit",18.38
"2003-07-19",4,"Bulqizës",18.15
"2003-07-19",5,"Dibrës",17.4
"2003-07-19",6,"Matit",19.88
"2003-07-19",7,"Durrësit",25.13
"2003-07-19",8,"Krujës",22.4
"2003-07-19",9,"Elbasanit",21.29
"2003-07-19",10,"Gramshit",19.33
"2003-07-19",11,"Librazhdit",19.15
"2003-07-19",12,"Peqinit",23.44
"2003-07-19",13,"Fierit",24.31
"2003-07-19",14,"Lushnjës",24.13
"2003-07-19",15,"Mallakastrës",21.79
"2003-07-19",16,"Gjirokastrës",20.86
"2003-07-19",17,"Përmetit",19.23
"2003-07-19",18,"Tepelenës",20.18
"2003-07-19",19,"Devollit",18.9
"2003-07-19",20,"Kolonjës",18.56
"2003-07-19",21,"Korçës",18.12
"2003-07-19",22,"Pogradecit",18.3
"2003-07-19",23,"Has",18.19
"2003-07-19",24,"Kukësit",17.02
"2003-07-19",25,"Tropojës",15.35
"2003-07-19",26,"Kurbinit",23.56
"2003-07-19",27,"Lezhës",24.13
"2003-07-19",28,"Mirditës",20.8
"2003-07-19",29,"Shkodrës",23.13
"2003-07-19",30,"Malësi e Madhe",18.78
"2003-07-19",31,"Pukës",18.93
"2003-07-19",32,"Shkodrës",20.78
"2003-07-19",33,"Kavajës",24.4
"2003-07-19",34,"Tiranës",21.92
"2003-07-19",35,"Delvinës",22.46
"2003-07-19",36,"Sarandës",23.25
"2003-07-19",37,"Vlorës",23.04
"2003-07-20",1,"Beratit",21.22
"2003-07-20",2,"Kuçovës",21.56
"2003-07-20",3,"Skraparit",18.74
"2003-07-20",4,"Bulqizës",15.39
"2003-07-20",5,"Dibrës",14.6
"2003-07-20",6,"Matit",18.07
"2003-07-20",7,"Durrësit",24.88
"2003-07-20",8,"Krujës",21.73
"2003-07-20",9,"Elbasanit",20.67
"2003-07-20",10,"Gramshit",19.27
"2003-07-20",11,"Librazhdit",17.51
"2003-07-20",12,"Peqinit",23.63
"2003-07-20",13,"Fierit",23.8
"2003-07-20",14,"Lushnjës",24.12
"2003-07-20",15,"Mallakastrës",21.74
"2003-07-20",16,"Gjirokastrës",20.75
"2003-07-20",17,"Përmetit",18.72
"2003-07-20",18,"Tepelenës",20.43
"2003-07-20",19,"Devollit",16.31
"2003-07-20",20,"Kolonjës",16.65
"2003-07-20",21,"Korçës",16.8
"2003-07-20",22,"Pogradecit",16.99
"2003-07-20",23,"Has",17.27
"2003-07-20",24,"Kukësit",14.88
"2003-07-20",25,"Tropojës",15.23
"2003-07-20",26,"Kurbinit",22.68
"2003-07-20",27,"Lezhës",23.27
"2003-07-20",28,"Mirditës",19.19
"2003-07-20",29,"Shkodrës",22.73
"2003-07-20",30,"Malësi e Madhe",18.65
"2003-07-20",31,"Pukës",18.11
"2003-07-20",32,"Shkodrës",20.55
"2003-07-20",33,"Kavajës",24.38
"2003-07-20",34,"Tiranës",21.38
"2003-07-20",35,"Delvinës",22.5
"2003-07-20",36,"Sarandës",24.07
"2003-07-20",37,"Vlorës",22.48
"2003-07-21",1,"Beratit",21.08
"2003-07-21",2,"Kuçovës",21.21
"2003-07-21",3,"Skraparit",18.67
"2003-07-21",4,"Bulqizës",15.21
"2003-07-21",5,"Dibrës",14.26
"2003-07-21",6,"Matit",16.5
"2003-07-21",7,"Durrësit",24.06
"2003-07-21",8,"Krujës",20.31
"2003-07-21",9,"Elbasanit",19.13
"2003-07-21",10,"Gramshit",18.74
"2003-07-21",11,"Librazhdit",17.22
"2003-07-21",12,"Peqinit",22.26
"2003-07-21",13,"Fierit",23.96
"2003-07-21",14,"Lushnjës",23.38
"2003-07-21",15,"Mallakastrës",21.82
"2003-07-21",16,"Gjirokastrës",20.82
"2003-07-21",17,"Përmetit",18.2
"2003-07-21",18,"Tepelenës",20.77
"2003-07-21",19,"Devollit",16.68
"2003-07-21",20,"Kolonjës",16.15
"2003-07-21",21,"Korçës",16.92
"2003-07-21",22,"Pogradecit",17.62
"2003-07-21",23,"Has",19.5
"2003-07-21",24,"Kukësit",15.92
"2003-07-21",25,"Tropojës",16.74
"2003-07-21",26,"Kurbinit",21.04
"2003-07-21",27,"Lezhës",21.52
"2003-07-21",28,"Mirditës",17.46
"2003-07-21",29,"Shkodrës",20.88
"2003-07-21",30,"Malësi e Madhe",18.43
"2003-07-21",31,"Pukës",17.64
"2003-07-21",32,"Shkodrës",19.6
"2003-07-21",33,"Kavajës",23.44
"2003-07-21",34,"Tiranës",19.65
"2003-07-21",35,"Delvinës",22.44
"2003-07-21",36,"Sarandës",23.97
"2003-07-21",37,"Vlorës",22.67
"2003-07-22",1,"Beratit",18.59
"2003-07-22",2,"Kuçovës",18.76
"2003-07-22",3,"Skraparit",17.24
"2003-07-22",4,"Bulqizës",15.63
"2003-07-22",5,"Dibrës",14.77
"2003-07-22",6,"Matit",16.1
"2003-07-22",7,"Durrësit",23.39
"2003-07-22",8,"Krujës",19.25
"2003-07-22",9,"Elbasanit",17.73
"2003-07-22",10,"Gramshit",16.99
"2003-07-22",11,"Librazhdit",16.7
"2003-07-22",12,"Peqinit",20.82
"2003-07-22",13,"Fierit",22.04
"2003-07-22",14,"Lushnjës",21.96
"2003-07-22",15,"Mallakastrës",19.57
"2003-07-22",16,"Gjirokastrës",19.81
"2003-07-22",17,"Përmetit",18.66
"2003-07-22",18,"Tepelenës",18.66
"2003-07-22",19,"Devollit",16.32
"2003-07-22",20,"Kolonjës",17.6
"2003-07-22",21,"Korçës",16.69
"2003-07-22",22,"Pogradecit",17.05
"2003-07-22",23,"Has",19.92
"2003-07-22",24,"Kukësit",17.35
"2003-07-22",25,"Tropojës",16.23
"2003-07-22",26,"Kurbinit",19.94
"2003-07-22",27,"Lezhës",20.82
"2003-07-22",28,"Mirditës",17.53
"2003-07-22",29,"Shkodrës",21.08
"2003-07-22",30,"Malësi e Madhe",18.11
"2003-07-22",31,"Pukës",18.45
"2003-07-22",32,"Shkodrës",19.65
"2003-07-22",33,"Kavajës",22.63
"2003-07-22",34,"Tiranës",18.74
"2003-07-22",35,"Delvinës",21.24
"2003-07-22",36,"Sarandës",22.05
"2003-07-22",37,"Vlorës",21.2
"2003-07-23",1,"Beratit",18.98
"2003-07-23",2,"Kuçovës",19.17
"2003-07-23",3,"Skraparit",16.97
"2003-07-23",4,"Bulqizës",17.37
"2003-07-23",5,"Dibrës",16.99
"2003-07-23",6,"Matit",18.15
"2003-07-23",7,"Durrësit",23.69
"2003-07-23",8,"Krujës",20.6
"2003-07-23",9,"Elbasanit",18.95
"2003-07-23",10,"Gramshit",17.62
"2003-07-23",11,"Librazhdit",17.97
"2003-07-23",12,"Peqinit",21.76
"2003-07-23",13,"Fierit",22.85
"2003-07-23",14,"Lushnjës",22.54
"2003-07-23",15,"Mallakastrës",20.48
"2003-07-23",16,"Gjirokastrës",19.96
"2003-07-23",17,"Përmetit",18.29
"2003-07-23",18,"Tepelenës",19.07
"2003-07-23",19,"Devollit",16.67
"2003-07-23",20,"Kolonjës",17.08
"2003-07-23",21,"Korçës",17.05
"2003-07-23",22,"Pogradecit",18.07
"2003-07-23",23,"Has",22.76
"2003-07-23",24,"Kukësit",20
"2003-07-23",25,"Tropojës",18.5
"2003-07-23",26,"Kurbinit",21.38
"2003-07-23",27,"Lezhës",22.76
"2003-07-23",28,"Mirditës",20.09
"2003-07-23",29,"Shkodrës",24.03
"2003-07-23",30,"Malësi e Madhe",20.11
"2003-07-23",31,"Pukës",21.63
"2003-07-23",32,"Shkodrës",22.14
"2003-07-23",33,"Kavajës",23.13
"2003-07-23",34,"Tiranës",20.13
"2003-07-23",35,"Delvinës",21.56
"2003-07-23",36,"Sarandës",22.65
"2003-07-23",37,"Vlorës",22.01
"2003-07-24",1,"Beratit",25.09
"2003-07-24",2,"Kuçovës",24.76
"2003-07-24",3,"Skraparit",23.95
"2003-07-24",4,"Bulqizës",20.19
"2003-07-24",5,"Dibrës",19.76
"2003-07-24",6,"Matit",21.65
"2003-07-24",7,"Durrësit",24.76
"2003-07-24",8,"Krujës",22.36
"2003-07-24",9,"Elbasanit",23.58
"2003-07-24",10,"Gramshit",22.98
"2003-07-24",11,"Librazhdit",22.09
"2003-07-24",12,"Peqinit",24.48
"2003-07-24",13,"Fierit",26.57
"2003-07-24",14,"Lushnjës",25.1
"2003-07-24",15,"Mallakastrës",25.87
"2003-07-24",16,"Gjirokastrës",24.22
"2003-07-24",17,"Përmetit",23.41
"2003-07-24",18,"Tepelenës",26.03
"2003-07-24",19,"Devollit",17.14
"2003-07-24",20,"Kolonjës",20.91
"2003-07-24",21,"Korçës",19.7
"2003-07-24",22,"Pogradecit",20.59
"2003-07-24",23,"Has",19.08
"2003-07-24",24,"Kukësit",18.3
"2003-07-24",25,"Tropojës",16.79
"2003-07-24",26,"Kurbinit",22.96
"2003-07-24",27,"Lezhës",24.42
"2003-07-24",28,"Mirditës",21.73
"2003-07-24",29,"Shkodrës",25.76
"2003-07-24",30,"Malësi e Madhe",22.85
"2003-07-24",31,"Pukës",20.89
"2003-07-24",32,"Shkodrës",23.94
"2003-07-24",33,"Kavajës",24.7
"2003-07-24",34,"Tiranës",23.13
"2003-07-24",35,"Delvinës",25.16
"2003-07-24",36,"Sarandës",25.12
"2003-07-24",37,"Vlorës",27.63
"2003-07-25",1,"Beratit",20.04
"2003-07-25",2,"Kuçovës",19.65
"2003-07-25",3,"Skraparit",17.65
"2003-07-25",4,"Bulqizës",17.23
"2003-07-25",5,"Dibrës",16.32
"2003-07-25",6,"Matit",17.71
"2003-07-25",7,"Durrësit",24.46
"2003-07-25",8,"Krujës",20.76
"2003-07-25",9,"Elbasanit",18.9
"2003-07-25",10,"Gramshit",17.51
"2003-07-25",11,"Librazhdit",17.67
"2003-07-25",12,"Peqinit",22.12
"2003-07-25",13,"Fierit",24.81
"2003-07-25",14,"Lushnjës",23.74
"2003-07-25",15,"Mallakastrës",23.01
"2003-07-25",16,"Gjirokastrës",21.95
"2003-07-25",17,"Përmetit",19.41
"2003-07-25",18,"Tepelenës",22.39
"2003-07-25",19,"Devollit",17.47
"2003-07-25",20,"Kolonjës",17.84
"2003-07-25",21,"Korçës",17.39
"2003-07-25",22,"Pogradecit",17.5
"2003-07-25",23,"Has",19.76
"2003-07-25",24,"Kukësit",17.52
"2003-07-25",25,"Tropojës",17.24
"2003-07-25",26,"Kurbinit",21.29
"2003-07-25",27,"Lezhës",22.15
"2003-07-25",28,"Mirditës",18.52
"2003-07-25",29,"Shkodrës",22.61
"2003-07-25",30,"Malësi e Madhe",19.53
"2003-07-25",31,"Pukës",18.45
"2003-07-25",32,"Shkodrës",20.98
"2003-07-25",33,"Kavajës",24.14
"2003-07-25",34,"Tiranës",20.16
"2003-07-25",35,"Delvinës",23.67
"2003-07-25",36,"Sarandës",23.39
"2003-07-25",37,"Vlorës",25.38
"2003-07-26",1,"Beratit",20.63
"2003-07-26",2,"Kuçovës",21
"2003-07-26",3,"Skraparit",18.63
"2003-07-26",4,"Bulqizës",17.47
"2003-07-26",5,"Dibrës",17.64
"2003-07-26",6,"Matit",18.87
"2003-07-26",7,"Durrësit",24.11
"2003-07-26",8,"Krujës",20.6
"2003-07-26",9,"Elbasanit",20.39
"2003-07-26",10,"Gramshit",19.23
"2003-07-26",11,"Librazhdit",18.5
"2003-07-26",12,"Peqinit",22.36
"2003-07-26",13,"Fierit",23.47
"2003-07-26",14,"Lushnjës",23.34
"2003-07-26",15,"Mallakastrës",20.61
"2003-07-26",16,"Gjirokastrës",21.14
"2003-07-26",17,"Përmetit",18.68
"2003-07-26",18,"Tepelenës",19.67
"2003-07-26",19,"Devollit",17.44
"2003-07-26",20,"Kolonjës",17.43
"2003-07-26",21,"Korçës",17.18
"2003-07-26",22,"Pogradecit",17.81
"2003-07-26",23,"Has",20.49
"2003-07-26",24,"Kukësit",19.26
"2003-07-26",25,"Tropojës",17.94
"2003-07-26",26,"Kurbinit",21.26
"2003-07-26",27,"Lezhës",22.37
"2003-07-26",28,"Mirditës",20.18
"2003-07-26",29,"Shkodrës",22.96
"2003-07-26",30,"Malësi e Madhe",20.11
"2003-07-26",31,"Pukës",20.96
"2003-07-26",32,"Shkodrës",21.67
"2003-07-26",33,"Kavajës",23.64
"2003-07-26",34,"Tiranës",20.63
"2003-07-26",35,"Delvinës",22.89
"2003-07-26",36,"Sarandës",24.19
"2003-07-26",37,"Vlorës",21.92
"2003-07-27",1,"Beratit",21.31
"2003-07-27",2,"Kuçovës",21.74
"2003-07-27",3,"Skraparit",18.67
"2003-07-27",4,"Bulqizës",16.77
"2003-07-27",5,"Dibrës",15.97
"2003-07-27",6,"Matit",19.04
"2003-07-27",7,"Durrësit",25.07
"2003-07-27",8,"Krujës",22.22
"2003-07-27",9,"Elbasanit",20.79
"2003-07-27",10,"Gramshit",19.16
"2003-07-27",11,"Librazhdit",18.04
"2003-07-27",12,"Peqinit",23.82
"2003-07-27",13,"Fierit",24.51
"2003-07-27",14,"Lushnjës",24.5
"2003-07-27",15,"Mallakastrës",21.63
"2003-07-27",16,"Gjirokastrës",20.57
"2003-07-27",17,"Përmetit",19.04
"2003-07-27",18,"Tepelenës",20.17
"2003-07-27",19,"Devollit",17.39
"2003-07-27",20,"Kolonjës",17.48
"2003-07-27",21,"Korçës",17.26
"2003-07-27",22,"Pogradecit",17.6
"2003-07-27",23,"Has",19.17
"2003-07-27",24,"Kukësit",16.19
"2003-07-27",25,"Tropojës",15.41
"2003-07-27",26,"Kurbinit",23.18
"2003-07-27",27,"Lezhës",23.84
"2003-07-27",28,"Mirditës",19.98
"2003-07-27",29,"Shkodrës",23.19
"2003-07-27",30,"Malësi e Madhe",19.42
"2003-07-27",31,"Pukës",18.6
"2003-07-27",32,"Shkodrës",20.98
"2003-07-27",33,"Kavajës",24.56
"2003-07-27",34,"Tiranës",21.57
"2003-07-27",35,"Delvinës",22.1
"2003-07-27",36,"Sarandës",22.94
"2003-07-27",37,"Vlorës",22.72
"2003-07-28",1,"Beratit",22.03
"2003-07-28",2,"Kuçovës",22.2
"2003-07-28",3,"Skraparit",19.47
"2003-07-28",4,"Bulqizës",17.72
"2003-07-28",5,"Dibrës",16.51
"2003-07-28",6,"Matit",18.41
"2003-07-28",7,"Durrësit",24.36
"2003-07-28",8,"Krujës",20.64
"2003-07-28",9,"Elbasanit",20.28
"2003-07-28",10,"Gramshit",19.41
"2003-07-28",11,"Librazhdit",18.88
"2003-07-28",12,"Peqinit",23.28
"2003-07-28",13,"Fierit",24.3
"2003-07-28",14,"Lushnjës",24.07
"2003-07-28",15,"Mallakastrës",23.05
"2003-07-28",16,"Gjirokastrës",21.34
"2003-07-28",17,"Përmetit",19.41
"2003-07-28",18,"Tepelenës",21.49
"2003-07-28",19,"Devollit",17.96
"2003-07-28",20,"Kolonjës",17.72
"2003-07-28",21,"Korçës",17.97
"2003-07-28",22,"Pogradecit",18.77
"2003-07-28",23,"Has",20.71
"2003-07-28",24,"Kukësit",17.88
"2003-07-28",25,"Tropojës",18.1
"2003-07-28",26,"Kurbinit",21.48
"2003-07-28",27,"Lezhës",22.43
"2003-07-28",28,"Mirditës",19.47
"2003-07-28",29,"Shkodrës",22.31
"2003-07-28",30,"Malësi e Madhe",20.74
"2003-07-28",31,"Pukës",20.32
"2003-07-28",32,"Shkodrës",21.39
"2003-07-28",33,"Kavajës",23.82
"2003-07-28",34,"Tiranës",20.44
"2003-07-28",35,"Delvinës",22.96
"2003-07-28",36,"Sarandës",23.5
"2003-07-28",37,"Vlorës",23.19
"2003-07-29",1,"Beratit",20.3
"2003-07-29",2,"Kuçovës",20.48
"2003-07-29",3,"Skraparit",18.34
"2003-07-29",4,"Bulqizës",16.43
"2003-07-29",5,"Dibrës",15.36
"2003-07-29",6,"Matit",17.16
"2003-07-29",7,"Durrësit",24.71
"2003-07-29",8,"Krujës",20.45
"2003-07-29",9,"Elbasanit",18.78
"2003-07-29",10,"Gramshit",18.14
"2003-07-29",11,"Librazhdit",17.45
"2003-07-29",12,"Peqinit",22.44
"2003-07-29",13,"Fierit",23.53
"2003-07-29",14,"Lushnjës",23.25
"2003-07-29",15,"Mallakastrës",21.31
"2003-07-29",16,"Gjirokastrës",19.72
"2003-07-29",17,"Përmetit",18.64
"2003-07-29",18,"Tepelenës",19.92
"2003-07-29",19,"Devollit",17.34
"2003-07-29",20,"Kolonjës",17.55
"2003-07-29",21,"Korçës",17.41
"2003-07-29",22,"Pogradecit",17.69
"2003-07-29",23,"Has",17.41
"2003-07-29",24,"Kukësit",16.82
"2003-07-29",25,"Tropojës",14.44
"2003-07-29",26,"Kurbinit",21.08
"2003-07-29",27,"Lezhës",21.71
"2003-07-29",28,"Mirditës",18.19
"2003-07-29",29,"Shkodrës",21.41
"2003-07-29",30,"Malësi e Madhe",17.87
"2003-07-29",31,"Pukës",17.84
"2003-07-29",32,"Shkodrës",19.5
"2003-07-29",33,"Kavajës",23.79
"2003-07-29",34,"Tiranës",19.86
"2003-07-29",35,"Delvinës",21.5
"2003-07-29",36,"Sarandës",22.54
"2003-07-29",37,"Vlorës",22.68
"2003-07-30",1,"Beratit",24
"2003-07-30",2,"Kuçovës",24.22
"2003-07-30",3,"Skraparit",21.55
"2003-07-30",4,"Bulqizës",18.02
"2003-07-30",5,"Dibrës",16.45
"2003-07-30",6,"Matit",19.53
"2003-07-30",7,"Durrësit",25.24
"2003-07-30",8,"Krujës",22.6
"2003-07-30",9,"Elbasanit",22.83
"2003-07-30",10,"Gramshit",22.01
"2003-07-30",11,"Librazhdit",20.24
"2003-07-30",12,"Peqinit",25.31
"2003-07-30",13,"Fierit",26.08
"2003-07-30",14,"Lushnjës",25.8
"2003-07-30",15,"Mallakastrës",24.84
"2003-07-30",16,"Gjirokastrës",21.93
"2003-07-30",17,"Përmetit",20.77
"2003-07-30",18,"Tepelenës",22.78
"2003-07-30",19,"Devollit",19.3
"2003-07-30",20,"Kolonjës",19.45
"2003-07-30",21,"Korçës",19.69
"2003-07-30",22,"Pogradecit",20.02
"2003-07-30",23,"Has",18.05
"2003-07-30",24,"Kukësit",16.34
"2003-07-30",25,"Tropojës",15.68
"2003-07-30",26,"Kurbinit",22.92
"2003-07-30",27,"Lezhës",23.04
"2003-07-30",28,"Mirditës",19.76
"2003-07-30",29,"Shkodrës",22.4
"2003-07-30",30,"Malësi e Madhe",19.54
"2003-07-30",31,"Pukës",18.7
"2003-07-30",32,"Shkodrës",20.6
"2003-07-30",33,"Kavajës",25.34
"2003-07-30",34,"Tiranës",22.83
"2003-07-30",35,"Delvinës",23.01
"2003-07-30",36,"Sarandës",23.89
"2003-07-30",37,"Vlorës",24.39
"2003-07-31",1,"Beratit",20.49
"2003-07-31",2,"Kuçovës",20.76
"2003-07-31",3,"Skraparit",17.96
"2003-07-31",4,"Bulqizës",15.92
"2003-07-31",5,"Dibrës",14.85
"2003-07-31",6,"Matit",17.48
"2003-07-31",7,"Durrësit",24.52
"2003-07-31",8,"Krujës",20.88
"2003-07-31",9,"Elbasanit",20.18
"2003-07-31",10,"Gramshit",18.74
"2003-07-31",11,"Librazhdit",17.61
"2003-07-31",12,"Peqinit",22.89
"2003-07-31",13,"Fierit",24.22
"2003-07-31",14,"Lushnjës",23.85
"2003-07-31",15,"Mallakastrës",21.68
"2003-07-31",16,"Gjirokastrës",20.23
"2003-07-31",17,"Përmetit",18.34
"2003-07-31",18,"Tepelenës",19.67
"2003-07-31",19,"Devollit",17.09
"2003-07-31",20,"Kolonjës",17.22
"2003-07-31",21,"Korçës",17.05
"2003-07-31",22,"Pogradecit",17.11
"2003-07-31",23,"Has",15.94
"2003-07-31",24,"Kukësit",14.56
"2003-07-31",25,"Tropojës",13.26
"2003-07-31",26,"Kurbinit",21.41
"2003-07-31",27,"Lezhës",21.61
"2003-07-31",28,"Mirditës",17.76
"2003-07-31",29,"Shkodrës",20.73
"2003-07-31",30,"Malësi e Madhe",17.35
"2003-07-31",31,"Pukës",16.15
"2003-07-31",32,"Shkodrës",18.75
"2003-07-31",33,"Kavajës",24.04
"2003-07-31",34,"Tiranës",20.65
"2003-07-31",35,"Delvinës",21.85
"2003-07-31",36,"Sarandës",23.18
"2003-07-31",37,"Vlorës",22.6
"2003-08-01",1,"Beratit",18.55
"2003-08-01",2,"Kuçovës",18.68
"2003-08-01",3,"Skraparit",16.18
"2003-08-01",4,"Bulqizës",14.34
"2003-08-01",5,"Dibrës",13.92
"2003-08-01",6,"Matit",15.85
"2003-08-01",7,"Durrësit",23.14
"2003-08-01",8,"Krujës",19.1
"2003-08-01",9,"Elbasanit",16.95
"2003-08-01",10,"Gramshit",15.93
"2003-08-01",11,"Librazhdit",15.27
"2003-08-01",12,"Peqinit",20.7
"2003-08-01",13,"Fierit",22.08
"2003-08-01",14,"Lushnjës",21.84
"2003-08-01",15,"Mallakastrës",19.39
"2003-08-01",16,"Gjirokastrës",18.67
"2003-08-01",17,"Përmetit",16.62
"2003-08-01",18,"Tepelenës",18.61
"2003-08-01",19,"Devollit",15.01
"2003-08-01",20,"Kolonjës",14.97
"2003-08-01",21,"Korçës",14.72
"2003-08-01",22,"Pogradecit",15.31
"2003-08-01",23,"Has",16.74
"2003-08-01",24,"Kukësit",15.07
"2003-08-01",25,"Tropojës",13.92
"2003-08-01",26,"Kurbinit",20.19
"2003-08-01",27,"Lezhës",20.9
"2003-08-01",28,"Mirditës",17.3
"2003-08-01",29,"Shkodrës",20.17
"2003-08-01",30,"Malësi e Madhe",17.15
"2003-08-01",31,"Pukës",16.51
"2003-08-01",32,"Shkodrës",18.62
"2003-08-01",33,"Kavajës",22.38
"2003-08-01",34,"Tiranës",18.32
"2003-08-01",35,"Delvinës",20.58
"2003-08-01",36,"Sarandës",20.71
"2003-08-01",37,"Vlorës",21.26
"2003-08-02",1,"Beratit",18.69
"2003-08-02",2,"Kuçovës",18.97
"2003-08-02",3,"Skraparit",16.36
"2003-08-02",4,"Bulqizës",13.69
"2003-08-02",5,"Dibrës",13.35
"2003-08-02",6,"Matit",16.03
"2003-08-02",7,"Durrësit",23.57
"2003-08-02",8,"Krujës",19.64
"2003-08-02",9,"Elbasanit",18.12
"2003-08-02",10,"Gramshit",16.49
"2003-08-02",11,"Librazhdit",15.21
"2003-08-02",12,"Peqinit",21.34
"2003-08-02",13,"Fierit",22.68
"2003-08-02",14,"Lushnjës",22.3
"2003-08-02",15,"Mallakastrës",19.8
"2003-08-02",16,"Gjirokastrës",19.21
"2003-08-02",17,"Përmetit",17.33
"2003-08-02",18,"Tepelenës",18.33
"2003-08-02",19,"Devollit",14.91
"2003-08-02",20,"Kolonjës",15.85
"2003-08-02",21,"Korçës",14.9
"2003-08-02",22,"Pogradecit",14.65
"2003-08-02",23,"Has",16.23
"2003-08-02",24,"Kukësit",14.01
"2003-08-02",25,"Tropojës",14.09
"2003-08-02",26,"Kurbinit",20.35
"2003-08-02",27,"Lezhës",20.79
"2003-08-02",28,"Mirditës",17.05
"2003-08-02",29,"Shkodrës",20.15
"2003-08-02",30,"Malësi e Madhe",17.53
"2003-08-02",31,"Pukës",16.35
"2003-08-02",32,"Shkodrës",18.65
"2003-08-02",33,"Kavajës",22.82
"2003-08-02",34,"Tiranës",19.07
"2003-08-02",35,"Delvinës",21.16
"2003-08-02",36,"Sarandës",21.81
"2003-08-02",37,"Vlorës",21.33
"2003-08-03",1,"Beratit",19.11
"2003-08-03",2,"Kuçovës",19.5
"2003-08-03",3,"Skraparit",16.04
"2003-08-03",4,"Bulqizës",15.09
"2003-08-03",5,"Dibrës",14.86
"2003-08-03",6,"Matit",17.88
"2003-08-03",7,"Durrësit",24.39
"2003-08-03",8,"Krujës",21.43
"2003-08-03",9,"Elbasanit",19.54
"2003-08-03",10,"Gramshit",17.18
"2003-08-03",11,"Librazhdit",16.36
"2003-08-03",12,"Peqinit",22.4
"2003-08-03",13,"Fierit",23.24
"2003-08-03",14,"Lushnjës",23.31
"2003-08-03",15,"Mallakastrës",20.2
"2003-08-03",16,"Gjirokastrës",18.35
"2003-08-03",17,"Përmetit",16.08
"2003-08-03",18,"Tepelenës",18.15
"2003-08-03",19,"Devollit",14.44
"2003-08-03",20,"Kolonjës",14.24
"2003-08-03",21,"Korçës",14.53
"2003-08-03",22,"Pogradecit",15.13
"2003-08-03",23,"Has",18.54
"2003-08-03",24,"Kukësit",15.47
"2003-08-03",25,"Tropojës",14.6
"2003-08-03",26,"Kurbinit",22.09
"2003-08-03",27,"Lezhës",22.43
"2003-08-03",28,"Mirditës",18.81
"2003-08-03",29,"Shkodrës",21.78
"2003-08-03",30,"Malësi e Madhe",18.13
"2003-08-03",31,"Pukës",17.64
"2003-08-03",32,"Shkodrës",19.71
"2003-08-03",33,"Kavajës",23.78
"2003-08-03",34,"Tiranës",20.81
"2003-08-03",35,"Delvinës",20.75
"2003-08-03",36,"Sarandës",22.99
"2003-08-03",37,"Vlorës",21.57
"2003-08-04",1,"Beratit",19.86
"2003-08-04",2,"Kuçovës",20.02
"2003-08-04",3,"Skraparit",16.42
"2003-08-04",4,"Bulqizës",15.4
"2003-08-04",5,"Dibrës",14.41
"2003-08-04",6,"Matit",17.32
"2003-08-04",7,"Durrësit",24.85
"2003-08-04",8,"Krujës",21.14
"2003-08-04",9,"Elbasanit",19.09
"2003-08-04",10,"Gramshit",17.22
"2003-08-04",11,"Librazhdit",16.4
"2003-08-04",12,"Peqinit",22.56
"2003-08-04",13,"Fierit",24.88
"2003-08-04",14,"Lushnjës",23.89
"2003-08-04",15,"Mallakastrës",21.94
"2003-08-04",16,"Gjirokastrës",19.1
"2003-08-04",17,"Përmetit",16.7
"2003-08-04",18,"Tepelenës",19.59
"2003-08-04",19,"Devollit",16.41
"2003-08-04",20,"Kolonjës",15.17
"2003-08-04",21,"Korçës",15.82
"2003-08-04",22,"Pogradecit",16.18
"2003-08-04",23,"Has",18.66
"2003-08-04",24,"Kukësit",16.22
"2003-08-04",25,"Tropojës",15.48
"2003-08-04",26,"Kurbinit",22.17
"2003-08-04",27,"Lezhës",22.87
"2003-08-04",28,"Mirditës",18.56
"2003-08-04",29,"Shkodrës",22.08
"2003-08-04",30,"Malësi e Madhe",19.01
"2003-08-04",31,"Pukës",17.86
"2003-08-04",32,"Shkodrës",20.37
"2003-08-04",33,"Kavajës",23.96
"2003-08-04",34,"Tiranës",20.11
"2003-08-04",35,"Delvinës",21.44
"2003-08-04",36,"Sarandës",23.29
"2003-08-04",37,"Vlorës",23.17
"2003-08-05",1,"Beratit",20.89
"2003-08-05",2,"Kuçovës",21.24
"2003-08-05",3,"Skraparit",18.28
"2003-08-05",4,"Bulqizës",18.4
"2003-08-05",5,"Dibrës",15.82
"2003-08-05",6,"Matit",19.08
"2003-08-05",7,"Durrësit",26.31
"2003-08-05",8,"Krujës",23.14
"2003-08-05",9,"Elbasanit",21.06
"2003-08-05",10,"Gramshit",19.53
"2003-08-05",11,"Librazhdit",19.59
"2003-08-05",12,"Peqinit",24.05
"2003-08-05",13,"Fierit",24.7
"2003-08-05",14,"Lushnjës",24.72
"2003-08-05",15,"Mallakastrës",22.07
"2003-08-05",16,"Gjirokastrës",19.95
"2003-08-05",17,"Përmetit",18.67
"2003-08-05",18,"Tepelenës",20.11
"2003-08-05",19,"Devollit",18.08
"2003-08-05",20,"Kolonjës",17.26
"2003-08-05",21,"Korçës",18.33
"2003-08-05",22,"Pogradecit",19.75
"2003-08-05",23,"Has",21.91
"2003-08-05",24,"Kukësit",18.11
"2003-08-05",25,"Tropojës",17.77
"2003-08-05",26,"Kurbinit",23.73
"2003-08-05",27,"Lezhës",23.84
"2003-08-05",28,"Mirditës",19.76
"2003-08-05",29,"Shkodrës",22.85
"2003-08-05",30,"Malësi e Madhe",19.99
"2003-08-05",31,"Pukës",19.73
"2003-08-05",32,"Shkodrës",21.61
"2003-08-05",33,"Kavajës",25.25
"2003-08-05",34,"Tiranës",22.21
"2003-08-05",35,"Delvinës",21.75
"2003-08-05",36,"Sarandës",23.17
"2003-08-05",37,"Vlorës",23
"2003-08-06",1,"Beratit",20.6
"2003-08-06",2,"Kuçovës",20.89
"2003-08-06",3,"Skraparit",17.74
"2003-08-06",4,"Bulqizës",15.86
"2003-08-06",5,"Dibrës",14.56
"2003-08-06",6,"Matit",17.79
"2003-08-06",7,"Durrësit",25.8
"2003-08-06",8,"Krujës",22.13
"2003-08-06",9,"Elbasanit",20.12
"2003-08-06",10,"Gramshit",18.46
"2003-08-06",11,"Librazhdit",17.52
"2003-08-06",12,"Peqinit",23.55
"2003-08-06",13,"Fierit",24.42
"2003-08-06",14,"Lushnjës",24.33
"2003-08-06",15,"Mallakastrës",21.98
"2003-08-06",16,"Gjirokastrës",19.89
"2003-08-06",17,"Përmetit",18.19
"2003-08-06",18,"Tepelenës",20.08
"2003-08-06",19,"Devollit",17.04
"2003-08-06",20,"Kolonjës",16.47
"2003-08-06",21,"Korçës",16.95
"2003-08-06",22,"Pogradecit",17.62
"2003-08-06",23,"Has",18.14
"2003-08-06",24,"Kukësit",16.05
"2003-08-06",25,"Tropojës",15.74
"2003-08-06",26,"Kurbinit",22.96
"2003-08-06",27,"Lezhës",23.33
"2003-08-06",28,"Mirditës",18.78
"2003-08-06",29,"Shkodrës",22.34
"2003-08-06",30,"Malësi e Madhe",19.02
"2003-08-06",31,"Pukës",18.08
"2003-08-06",32,"Shkodrës",20.68
"2003-08-06",33,"Kavajës",24.8
"2003-08-06",34,"Tiranës",21.24
"2003-08-06",35,"Delvinës",21.76
"2003-08-06",36,"Sarandës",23.27
"2003-08-06",37,"Vlorës",23.05
"2003-08-07",1,"Beratit",20.99
"2003-08-07",2,"Kuçovës",21.29
"2003-08-07",3,"Skraparit",18.39
"2003-08-07",4,"Bulqizës",16.94
"2003-08-07",5,"Dibrës",15.34
"2003-08-07",6,"Matit",18.22
"2003-08-07",7,"Durrësit",25.23
"2003-08-07",8,"Krujës",21.99
"2003-08-07",9,"Elbasanit",20.15
"2003-08-07",10,"Gramshit",18.8
"2003-08-07",11,"Librazhdit",18.01
"2003-08-07",12,"Peqinit",23.41
"2003-08-07",13,"Fierit",25.01
"2003-08-07",14,"Lushnjës",24.43
"2003-08-07",15,"Mallakastrës",21.95
"2003-08-07",16,"Gjirokastrës",19.54
"2003-08-07",17,"Përmetit",18.47
"2003-08-07",18,"Tepelenës",20.13
"2003-08-07",19,"Devollit",18.26
"2003-08-07",20,"Kolonjës",17.11
"2003-08-07",21,"Korçës",17.45
"2003-08-07",22,"Pogradecit",17.78
"2003-08-07",23,"Has",19.13
"2003-08-07",24,"Kukësit",17.09
"2003-08-07",25,"Tropojës",16.44
"2003-08-07",26,"Kurbinit",23.11
"2003-08-07",27,"Lezhës",23.66
"2003-08-07",28,"Mirditës",19.32
"2003-08-07",29,"Shkodrës",22.54
"2003-08-07",30,"Malësi e Madhe",19.61
"2003-08-07",31,"Pukës",18.72
"2003-08-07",32,"Shkodrës",21.13
"2003-08-07",33,"Kavajës",24.53
"2003-08-07",34,"Tiranës",21.14
"2003-08-07",35,"Delvinës",21.26
"2003-08-07",36,"Sarandës",22.21
"2003-08-07",37,"Vlorës",23.08
"2003-08-08",1,"Beratit",21.23
"2003-08-08",2,"Kuçovës",21.5
"2003-08-08",3,"Skraparit",17.96
"2003-08-08",4,"Bulqizës",17.23
"2003-08-08",5,"Dibrës",15.33
"2003-08-08",6,"Matit",18.78
"2003-08-08",7,"Durrësit",25.75
"2003-08-08",8,"Krujës",22.88
"2003-08-08",9,"Elbasanit",21.05
"2003-08-08",10,"Gramshit",18.92
"2003-08-08",11,"Librazhdit",18.26
"2003-08-08",12,"Peqinit",24.34
"2003-08-08",13,"Fierit",25.03
"2003-08-08",14,"Lushnjës",24.95
"2003-08-08",15,"Mallakastrës",22.66
"2003-08-08",16,"Gjirokastrës",20.67
"2003-08-08",17,"Përmetit",18.49
"2003-08-08",18,"Tepelenës",20.87
"2003-08-08",19,"Devollit",18.21
"2003-08-08",20,"Kolonjës",16.66
"2003-08-08",21,"Korçës",17.14
"2003-08-08",22,"Pogradecit",17.49
"2003-08-08",23,"Has",19.62
"2003-08-08",24,"Kukësit",16.48
"2003-08-08",25,"Tropojës",15.03
"2003-08-08",26,"Kurbinit",23.79
"2003-08-08",27,"Lezhës",24.29
"2003-08-08",28,"Mirditës",19.74
"2003-08-08",29,"Shkodrës",23.66
"2003-08-08",30,"Malësi e Madhe",18.55
"2003-08-08",31,"Pukës",18.5
"2003-08-08",32,"Shkodrës",20.98
"2003-08-08",33,"Kavajës",25.2
"2003-08-08",34,"Tiranës",22.16
"2003-08-08",35,"Delvinës",22.36
"2003-08-08",36,"Sarandës",23.71
"2003-08-08",37,"Vlorës",23.49
"2003-08-09",1,"Beratit",21.58
"2003-08-09",2,"Kuçovës",21.93
"2003-08-09",3,"Skraparit",17.03
"2003-08-09",4,"Bulqizës",15.21
"2003-08-09",5,"Dibrës",14.07
"2003-08-09",6,"Matit",16.7
"2003-08-09",7,"Durrësit",23.75
"2003-08-09",8,"Krujës",20.16
"2003-08-09",9,"Elbasanit",19.43
"2003-08-09",10,"Gramshit",17.65
"2003-08-09",11,"Librazhdit",16.39
"2003-08-09",12,"Peqinit",23.91
"2003-08-09",13,"Fierit",25.05
"2003-08-09",14,"Lushnjës",24.52
"2003-08-09",15,"Mallakastrës",23.27
"2003-08-09",16,"Gjirokastrës",18.47
"2003-08-09",17,"Përmetit",16.34
"2003-08-09",18,"Tepelenës",20
"2003-08-09",19,"Devollit",14.93
"2003-08-09",20,"Kolonjës",14.53
"2003-08-09",21,"Korçës",14.96
"2003-08-09",22,"Pogradecit",15.86
"2003-08-09",23,"Has",18.48
"2003-08-09",24,"Kukësit",15.16
"2003-08-09",25,"Tropojës",14.25
"2003-08-09",26,"Kurbinit",21.52
"2003-08-09",27,"Lezhës",22.7
"2003-08-09",28,"Mirditës",18.14
"2003-08-09",29,"Shkodrës",22.41
"2003-08-09",30,"Malësi e Madhe",18.35
"2003-08-09",31,"Pukës",17.39
"2003-08-09",32,"Shkodrës",20.35
"2003-08-09",33,"Kavajës",23.61
"2003-08-09",34,"Tiranës",19.59
"2003-08-09",35,"Delvinës",20.73
"2003-08-09",36,"Sarandës",22.51
"2003-08-09",37,"Vlorës",23.35
"2003-08-10",1,"Beratit",18.43
"2003-08-10",2,"Kuçovës",18.59
"2003-08-10",3,"Skraparit",16.13
"2003-08-10",4,"Bulqizës",15.41
"2003-08-10",5,"Dibrës",14.13
"2003-08-10",6,"Matit",15.92
"2003-08-10",7,"Durrësit",24.03
"2003-08-10",8,"Krujës",19.53
"2003-08-10",9,"Elbasanit",17.69
"2003-08-10",10,"Gramshit",16.61
"2003-08-10",11,"Librazhdit",16.58
"2003-08-10",12,"Peqinit",21.08
"2003-08-10",13,"Fierit",22.69
"2003-08-10",14,"Lushnjës",22.29
"2003-08-10",15,"Mallakastrës",19.8
"2003-08-10",16,"Gjirokastrës",18.87
"2003-08-10",17,"Përmetit",16.91
"2003-08-10",18,"Tepelenës",18.46
"2003-08-10",19,"Devollit",15.6
"2003-08-10",20,"Kolonjës",15.58
"2003-08-10",21,"Korçës",15.94
"2003-08-10",22,"Pogradecit",16.9
"2003-08-10",23,"Has",18.1
"2003-08-10",24,"Kukësit",15.63
"2003-08-10",25,"Tropojës",14.65
"2003-08-10",26,"Kurbinit",20.34
"2003-08-10",27,"Lezhës",20.6
"2003-08-10",28,"Mirditës",16.85
"2003-08-10",29,"Shkodrës",19.35
"2003-08-10",30,"Malësi e Madhe",17.39
"2003-08-10",31,"Pukës",16.72
"2003-08-10",32,"Shkodrës",18.38
"2003-08-10",33,"Kavajës",22.97
"2003-08-10",34,"Tiranës",18.78
"2003-08-10",35,"Delvinës",21.13
"2003-08-10",36,"Sarandës",22.18
"2003-08-10",37,"Vlorës",21.53
"2003-08-11",1,"Beratit",18.11
"2003-08-11",2,"Kuçovës",18.2
"2003-08-11",3,"Skraparit",15.59
"2003-08-11",4,"Bulqizës",14.07
"2003-08-11",5,"Dibrës",13.36
"2003-08-11",6,"Matit",15.25
"2003-08-11",7,"Durrësit",23.58
"2003-08-11",8,"Krujës",19.05
"2003-08-11",9,"Elbasanit",16.65
"2003-08-11",10,"Gramshit",15.74
"2003-08-11",11,"Librazhdit",15.01
"2003-08-11",12,"Peqinit",20.53
"2003-08-11",13,"Fierit",21.29
"2003-08-11",14,"Lushnjës",21.56
"2003-08-11",15,"Mallakastrës",19.22
"2003-08-11",16,"Gjirokastrës",18.89
"2003-08-11",17,"Përmetit",16.05
"2003-08-11",18,"Tepelenës",18.62
"2003-08-11",19,"Devollit",13.96
"2003-08-11",20,"Kolonjës",14.06
"2003-08-11",21,"Korçës",14.35
"2003-08-11",22,"Pogradecit",15.16
"2003-08-11",23,"Has",18.16
"2003-08-11",24,"Kukësit",15.86
"2003-08-11",25,"Tropojës",14.44
"2003-08-11",26,"Kurbinit",19.77
"2003-08-11",27,"Lezhës",20.03
"2003-08-11",28,"Mirditës",16.74
"2003-08-11",29,"Shkodrës",18.85
"2003-08-11",30,"Malësi e Madhe",16.77
"2003-08-11",31,"Pukës",17.13
"2003-08-11",32,"Shkodrës",18.02
"2003-08-11",33,"Kavajës",22.52
"2003-08-11",34,"Tiranës",18.17
"2003-08-11",35,"Delvinës",21.43
"2003-08-11",36,"Sarandës",21.68
"2003-08-11",37,"Vlorës",21.12
"2003-08-12",1,"Beratit",19.38
"2003-08-12",2,"Kuçovës",19.47
"2003-08-12",3,"Skraparit",17.18
"2003-08-12",4,"Bulqizës",15.74
"2003-08-12",5,"Dibrës",15.16
"2003-08-12",6,"Matit",16.96
"2003-08-12",7,"Durrësit",23.57
"2003-08-12",8,"Krujës",19.87
"2003-08-12",9,"Elbasanit",18.46
"2003-08-12",10,"Gramshit",17.3
"2003-08-12",11,"Librazhdit",16.47
"2003-08-12",12,"Peqinit",21.72
"2003-08-12",13,"Fierit",23.06
"2003-08-12",14,"Lushnjës",22.7
"2003-08-12",15,"Mallakastrës",20.88
"2003-08-12",16,"Gjirokastrës",19.26
"2003-08-12",17,"Përmetit",17.89
"2003-08-12",18,"Tepelenës",19.64
"2003-08-12",19,"Devollit",17.33
"2003-08-12",20,"Kolonjës",16.84
"2003-08-12",21,"Korçës",16.98
"2003-08-12",22,"Pogradecit",16.78
"2003-08-12",23,"Has",17.4
"2003-08-12",24,"Kukësit",15.56
"2003-08-12",25,"Tropojës",15.13
"2003-08-12",26,"Kurbinit",20.87
"2003-08-12",27,"Lezhës",21.54
"2003-08-12",28,"Mirditës",18.1
"2003-08-12",29,"Shkodrës",20.93
"2003-08-12",30,"Malësi e Madhe",17.76
"2003-08-12",31,"Pukës",17.32
"2003-08-12",32,"Shkodrës",19.2
"2003-08-12",33,"Kavajës",23.06
"2003-08-12",34,"Tiranës",19.43
"2003-08-12",35,"Delvinës",21
"2003-08-12",36,"Sarandës",21.99
"2003-08-12",37,"Vlorës",22.34
"2003-08-13",1,"Beratit",17.84
"2003-08-13",2,"Kuçovës",17.79
"2003-08-13",3,"Skraparit",15.35
"2003-08-13",4,"Bulqizës",14.87
"2003-08-13",5,"Dibrës",13.71
"2003-08-13",6,"Matit",15.62
"2003-08-13",7,"Durrësit",24.05
"2003-08-13",8,"Krujës",19.3
"2003-08-13",9,"Elbasanit",16.98
"2003-08-13",10,"Gramshit",16.12
"2003-08-13",11,"Librazhdit",16.14
"2003-08-13",12,"Peqinit",20.25
"2003-08-13",13,"Fierit",22.13
"2003-08-13",14,"Lushnjës",21.84
"2003-08-13",15,"Mallakastrës",19.88
"2003-08-13",16,"Gjirokastrës",18.34
"2003-08-13",17,"Përmetit",15.9
"2003-08-13",18,"Tepelenës",18.62
"2003-08-13",19,"Devollit",16.02
"2003-08-13",20,"Kolonjës",14.7
"2003-08-13",21,"Korçës",15.79
"2003-08-13",22,"Pogradecit",16.95
"2003-08-13",23,"Has",18.87
"2003-08-13",24,"Kukësit",15.61
"2003-08-13",25,"Tropojës",14.79
"2003-08-13",26,"Kurbinit",20.23
"2003-08-13",27,"Lezhës",20.52
"2003-08-13",28,"Mirditës",16.64
"2003-08-13",29,"Shkodrës",19.06
"2003-08-13",30,"Malësi e Madhe",16.03
"2003-08-13",31,"Pukës",16.46
"2003-08-13",32,"Shkodrës",17.61
"2003-08-13",33,"Kavajës",22.8
"2003-08-13",34,"Tiranës",18.27
"2003-08-13",35,"Delvinës",20.78
"2003-08-13",36,"Sarandës",22
"2003-08-13",37,"Vlorës",21.64
"2003-08-14",1,"Beratit",18.42
"2003-08-14",2,"Kuçovës",18.5
"2003-08-14",3,"Skraparit",16.35
"2003-08-14",4,"Bulqizës",15.86
"2003-08-14",5,"Dibrës",15.74
"2003-08-14",6,"Matit",16.8
"2003-08-14",7,"Durrësit",23.65
"2003-08-14",8,"Krujës",19.73
"2003-08-14",9,"Elbasanit",17.41
"2003-08-14",10,"Gramshit",16.77
"2003-08-14",11,"Librazhdit",16.53
"2003-08-14",12,"Peqinit",20.6
"2003-08-14",13,"Fierit",22.49
"2003-08-14",14,"Lushnjës",22.1
"2003-08-14",15,"Mallakastrës",19.83
"2003-08-14",16,"Gjirokastrës",18.65
"2003-08-14",17,"Përmetit",16.78
"2003-08-14",18,"Tepelenës",18.61
"2003-08-14",19,"Devollit",16.62
"2003-08-14",20,"Kolonjës",15.77
"2003-08-14",21,"Korçës",16.55
"2003-08-14",22,"Pogradecit",17.34
"2003-08-14",23,"Has",18.77
"2003-08-14",24,"Kukësit",18.32
"2003-08-14",25,"Tropojës",15.35
"2003-08-14",26,"Kurbinit",20.58
"2003-08-14",27,"Lezhës",20.95
"2003-08-14",28,"Mirditës",18.64
"2003-08-14",29,"Shkodrës",19.8
"2003-08-14",30,"Malësi e Madhe",18.13
"2003-08-14",31,"Pukës",18.58
"2003-08-14",32,"Shkodrës",18.9
"2003-08-14",33,"Kavajës",22.82
"2003-08-14",34,"Tiranës",18.8
"2003-08-14",35,"Delvinës",20.81
"2003-08-14",36,"Sarandës",21.68
"2003-08-14",37,"Vlorës",21.5
"2003-08-15",1,"Beratit",19.78
"2003-08-15",2,"Kuçovës",19.84
"2003-08-15",3,"Skraparit",18.35
"2003-08-15",4,"Bulqizës",18.03
"2003-08-15",5,"Dibrës",16.97
"2003-08-15",6,"Matit",18.42
"2003-08-15",7,"Durrësit",24.24
"2003-08-15",8,"Krujës",20.78
"2003-08-15",9,"Elbasanit",19.04
"2003-08-15",10,"Gramshit",18.35
"2003-08-15",11,"Librazhdit",18.41
"2003-08-15",12,"Peqinit",21.96
"2003-08-15",13,"Fierit",23.08
"2003-08-15",14,"Lushnjës",22.81
"2003-08-15",15,"Mallakastrës",21.22
"2003-08-15",16,"Gjirokastrës",20.05
"2003-08-15",17,"Përmetit",19.44
"2003-08-15",18,"Tepelenës",20.08
"2003-08-15",19,"Devollit",16.43
"2003-08-15",20,"Kolonjës",18.25
"2003-08-15",21,"Korçës",17.73
"2003-08-15",22,"Pogradecit",18.59
"2003-08-15",23,"Has",18.61
"2003-08-15",24,"Kukësit",19.12
"2003-08-15",25,"Tropojës",15.4
"2003-08-15",26,"Kurbinit",21.43
"2003-08-15",27,"Lezhës",22.22
"2003-08-15",28,"Mirditës",19.59
"2003-08-15",29,"Shkodrës",22.32
"2003-08-15",30,"Malësi e Madhe",19.56
"2003-08-15",31,"Pukës",19.35
"2003-08-15",32,"Shkodrës",20.51
"2003-08-15",33,"Kavajës",23.43
"2003-08-15",34,"Tiranës",20.2
"2003-08-15",35,"Delvinës",21.6
"2003-08-15",36,"Sarandës",22.13
"2003-08-15",37,"Vlorës",22.57
"2003-08-16",1,"Beratit",19.85
"2003-08-16",2,"Kuçovës",19.7
"2003-08-16",3,"Skraparit",17.63
"2003-08-16",4,"Bulqizës",17.29
"2003-08-16",5,"Dibrës",16.07
"2003-08-16",6,"Matit",17.71
"2003-08-16",7,"Durrësit",23.94
"2003-08-16",8,"Krujës",20.16
"2003-08-16",9,"Elbasanit",18.55
"2003-08-16",10,"Gramshit",17.74
"2003-08-16",11,"Librazhdit",17.66
"2003-08-16",12,"Peqinit",21.98
"2003-08-16",13,"Fierit",23.83
"2003-08-16",14,"Lushnjës",23.02
"2003-08-16",15,"Mallakastrës",22.21
"2003-08-16",16,"Gjirokastrës",20.19
"2003-08-16",17,"Përmetit",18.75
"2003-08-16",18,"Tepelenës",20.84
"2003-08-16",19,"Devollit",16
"2003-08-16",20,"Kolonjës",17.41
"2003-08-16",21,"Korçës",17.06
"2003-08-16",22,"Pogradecit",18.2
"2003-08-16",23,"Has",20.9
"2003-08-16",24,"Kukësit",18.3
"2003-08-16",25,"Tropojës",16.93
"2003-08-16",26,"Kurbinit",20.71
"2003-08-16",27,"Lezhës",21.71
"2003-08-16",28,"Mirditës",18.54
"2003-08-16",29,"Shkodrës",21.99
"2003-08-16",30,"Malësi e Madhe",18.2
"2003-08-16",31,"Pukës",19.21
"2003-08-16",32,"Shkodrës",20.16
"2003-08-16",33,"Kavajës",23.28
"2003-08-16",34,"Tiranës",19.69
"2003-08-16",35,"Delvinës",22.07
"2003-08-16",36,"Sarandës",22.89
"2003-08-16",37,"Vlorës",24.05
"2003-08-17",1,"Beratit",19.82
"2003-08-17",2,"Kuçovës",19.94
"2003-08-17",3,"Skraparit",18.29
"2003-08-17",4,"Bulqizës",17.41
"2003-08-17",5,"Dibrës",15.84
"2003-08-17",6,"Matit",17.74
"2003-08-17",7,"Durrësit",23.93
"2003-08-17",8,"Krujës",20.24
"2003-08-17",9,"Elbasanit",18.87
"2003-08-17",10,"Gramshit",18.28
"2003-08-17",11,"Librazhdit",18.11
"2003-08-17",12,"Peqinit",21.93
"2003-08-17",13,"Fierit",23.09
"2003-08-17",14,"Lushnjës",22.82
"2003-08-17",15,"Mallakastrës",21
"2003-08-17",16,"Gjirokastrës",20.58
"2003-08-17",17,"Përmetit",19.45
"2003-08-17",18,"Tepelenës",20.03
"2003-08-17",19,"Devollit",16.45
"2003-08-17",20,"Kolonjës",18.08
"2003-08-17",21,"Korçës",17.51
"2003-08-17",22,"Pogradecit",18.74
"2003-08-17",23,"Has",20
"2003-08-17",24,"Kukësit",17.59
"2003-08-17",25,"Tropojës",16.27
"2003-08-17",26,"Kurbinit",20.86
"2003-08-17",27,"Lezhës",21.9
"2003-08-17",28,"Mirditës",18.32
"2003-08-17",29,"Shkodrës",22.39
"2003-08-17",30,"Malësi e Madhe",19.32
"2003-08-17",31,"Pukës",18.81
"2003-08-17",32,"Shkodrës",21.01
"2003-08-17",33,"Kavajës",23.26
"2003-08-17",34,"Tiranës",19.85
"2003-08-17",35,"Delvinës",22.47
"2003-08-17",36,"Sarandës",23.39
"2003-08-17",37,"Vlorës",22.73
"2003-08-18",1,"Beratit",19.03
"2003-08-18",2,"Kuçovës",19.19
"2003-08-18",3,"Skraparit",16.83
"2003-08-18",4,"Bulqizës",17.38
"2003-08-18",5,"Dibrës",16.25
"2003-08-18",6,"Matit",17.69
"2003-08-18",7,"Durrësit",24.51
"2003-08-18",8,"Krujës",20.88
"2003-08-18",9,"Elbasanit",19.13
"2003-08-18",10,"Gramshit",18.02
"2003-08-18",11,"Librazhdit",18.59
"2003-08-18",12,"Peqinit",21.85
"2003-08-18",13,"Fierit",22.78
"2003-08-18",14,"Lushnjës",22.62
"2003-08-18",15,"Mallakastrës",20.66
"2003-08-18",16,"Gjirokastrës",19.74
"2003-08-18",17,"Përmetit",17.92
"2003-08-18",18,"Tepelenës",19.24
"2003-08-18",19,"Devollit",19.45
"2003-08-18",20,"Kolonjës",17.16
"2003-08-18",21,"Korçës",18.32
"2003-08-18",22,"Pogradecit",19.53
"2003-08-18",23,"Has",20.09
"2003-08-18",24,"Kukësit",17.78
"2003-08-18",25,"Tropojës",17.33
"2003-08-18",26,"Kurbinit",21.77
"2003-08-18",27,"Lezhës",22.61
"2003-08-18",28,"Mirditës",18.87
"2003-08-18",29,"Shkodrës",22.11
"2003-08-18",30,"Malësi e Madhe",19.63
"2003-08-18",31,"Pukës",19.12
"2003-08-18",32,"Shkodrës",20.79
"2003-08-18",33,"Kavajës",23.32
"2003-08-18",34,"Tiranës",20.13
"2003-08-18",35,"Delvinës",21.99
"2003-08-18",36,"Sarandës",22.51
"2003-08-18",37,"Vlorës",22.47
"2003-08-19",1,"Beratit",19.14
"2003-08-19",2,"Kuçovës",19.24
"2003-08-19",3,"Skraparit",17.38
"2003-08-19",4,"Bulqizës",18.32
"2003-08-19",5,"Dibrës",17.58
"2003-08-19",6,"Matit",18.6
"2003-08-19",7,"Durrësit",25.04
"2003-08-19",8,"Krujës",21.52
"2003-08-19",9,"Elbasanit",19.35
"2003-08-19",10,"Gramshit",18.22
"2003-08-19",11,"Librazhdit",18.95
"2003-08-19",12,"Peqinit",21.91
"2003-08-19",13,"Fierit",22.7
"2003-08-19",14,"Lushnjës",22.7
"2003-08-19",15,"Mallakastrës",20.73
"2003-08-19",16,"Gjirokastrës",20
"2003-08-19",17,"Përmetit",18.58
"2003-08-19",18,"Tepelenës",19.62
"2003-08-19",19,"Devollit",18.55
"2003-08-19",20,"Kolonjës",17.8
"2003-08-19",21,"Korçës",18.45
"2003-08-19",22,"Pogradecit",19.51
"2003-08-19",23,"Has",19.81
"2003-08-19",24,"Kukësit",19.97
"2003-08-19",25,"Tropojës",17.21
"2003-08-19",26,"Kurbinit",22.39
"2003-08-19",27,"Lezhës",23.57
"2003-08-19",28,"Mirditës",20.2
"2003-08-19",29,"Shkodrës",23.89
"2003-08-19",30,"Malësi e Madhe",21.27
"2003-08-19",31,"Pukës",20.23
"2003-08-19",32,"Shkodrës",22.37
"2003-08-19",33,"Kavajës",23.72
"2003-08-19",34,"Tiranës",20.6
"2003-08-19",35,"Delvinës",22.13
"2003-08-19",36,"Sarandës",22.54
"2003-08-19",37,"Vlorës",22.72
"2003-08-20",1,"Beratit",20.32
"2003-08-20",2,"Kuçovës",20.39
"2003-08-20",3,"Skraparit",18.39
"2003-08-20",4,"Bulqizës",18.48
"2003-08-20",5,"Dibrës",17.2
"2003-08-20",6,"Matit",18.81
"2003-08-20",7,"Durrësit",25.14
"2003-08-20",8,"Krujës",21.61
"2003-08-20",9,"Elbasanit",20.17
"2003-08-20",10,"Gramshit",19.29
"2003-08-20",11,"Librazhdit",19.58
"2003-08-20",12,"Peqinit",22.81
"2003-08-20",13,"Fierit",24.07
"2003-08-20",14,"Lushnjës",23.71
"2003-08-20",15,"Mallakastrës",22.23
"2003-08-20",16,"Gjirokastrës",20.89
"2003-08-20",17,"Përmetit",19.19
"2003-08-20",18,"Tepelenës",20.68
"2003-08-20",19,"Devollit",18.24
"2003-08-20",20,"Kolonjës",18.13
"2003-08-20",21,"Korçës",18.98
"2003-08-20",22,"Pogradecit",20.27
"2003-08-20",23,"Has",22.9
"2003-08-20",24,"Kukësit",20.38
"2003-08-20",25,"Tropojës",19.1
"2003-08-20",26,"Kurbinit",22.24
"2003-08-20",27,"Lezhës",23.45
"2003-08-20",28,"Mirditës",20.5
"2003-08-20",29,"Shkodrës",24.43
"2003-08-20",30,"Malësi e Madhe",21.82
"2003-08-20",31,"Pukës",22.26
"2003-08-20",32,"Shkodrës",23.45
"2003-08-20",33,"Kavajës",24.28
"2003-08-20",34,"Tiranës",21.09
"2003-08-20",35,"Delvinës",23.15
"2003-08-20",36,"Sarandës",24.49
"2003-08-20",37,"Vlorës",23.65
"2003-08-21",1,"Beratit",21.32
"2003-08-21",2,"Kuçovës",21.4
"2003-08-21",3,"Skraparit",19.05
"2003-08-21",4,"Bulqizës",15.63
"2003-08-21",5,"Dibrës",14.32
"2003-08-21",6,"Matit",17.51
"2003-08-21",7,"Durrësit",24.86
"2003-08-21",8,"Krujës",21.43
"2003-08-21",9,"Elbasanit",19.65
"2003-08-21",10,"Gramshit",18.89
"2003-08-21",11,"Librazhdit",17.37
"2003-08-21",12,"Peqinit",22.94
"2003-08-21",13,"Fierit",24.19
"2003-08-21",14,"Lushnjës",23.82
"2003-08-21",15,"Mallakastrës",22.2
"2003-08-21",16,"Gjirokastrës",22.03
"2003-08-21",17,"Përmetit",19.51
"2003-08-21",18,"Tepelenës",21.59
"2003-08-21",19,"Devollit",18.18
"2003-08-21",20,"Kolonjës",17.75
"2003-08-21",21,"Korçës",17.56
"2003-08-21",22,"Pogradecit",17.69
"2003-08-21",23,"Has",17.64
"2003-08-21",24,"Kukësit",15.3
"2003-08-21",25,"Tropojës",13.57
"2003-08-21",26,"Kurbinit",22.32
"2003-08-21",27,"Lezhës",22.87
"2003-08-21",28,"Mirditës",18.49
"2003-08-21",29,"Shkodrës",22
"2003-08-21",30,"Malësi e Madhe",17.95
"2003-08-21",31,"Pukës",17.02
"2003-08-21",32,"Shkodrës",19.71
"2003-08-21",33,"Kavajës",24.11
"2003-08-21",34,"Tiranës",20.64
"2003-08-21",35,"Delvinës",23.88
"2003-08-21",36,"Sarandës",24.82
"2003-08-21",37,"Vlorës",23.67
"2003-08-22",1,"Beratit",20.27
"2003-08-22",2,"Kuçovës",20.52
"2003-08-22",3,"Skraparit",18.65
"2003-08-22",4,"Bulqizës",16.31
"2003-08-22",5,"Dibrës",15.09
"2003-08-22",6,"Matit",17.1
"2003-08-22",7,"Durrësit",24.87
"2003-08-22",8,"Krujës",20.32
"2003-08-22",9,"Elbasanit",19.1
"2003-08-22",10,"Gramshit",18.77
"2003-08-22",11,"Librazhdit",18.01
"2003-08-22",12,"Peqinit",22.11
"2003-08-22",13,"Fierit",22.9
"2003-08-22",14,"Lushnjës",23.07
"2003-08-22",15,"Mallakastrës",20.33
"2003-08-22",16,"Gjirokastrës",20.48
"2003-08-22",17,"Përmetit",18.86
"2003-08-22",18,"Tepelenës",19.98
"2003-08-22",19,"Devollit",18.18
"2003-08-22",20,"Kolonjës",17.35
"2003-08-22",21,"Korçës",17.93
"2003-08-22",22,"Pogradecit",18.67
"2003-08-22",23,"Has",18.27
"2003-08-22",24,"Kukësit",16.84
"2003-08-22",25,"Tropojës",15.22
"2003-08-22",26,"Kurbinit",21.15
"2003-08-22",27,"Lezhës",22.3
"2003-08-22",28,"Mirditës",18.15
"2003-08-22",29,"Shkodrës",22.53
"2003-08-22",30,"Malësi e Madhe",19.17
"2003-08-22",31,"Pukës",17.84
"2003-08-22",32,"Shkodrës",20.56
"2003-08-22",33,"Kavajës",23.78
"2003-08-22",34,"Tiranës",19.83
"2003-08-22",35,"Delvinës",22.62
"2003-08-22",36,"Sarandës",22.6
"2003-08-22",37,"Vlorës",22.22
"2003-08-23",1,"Beratit",19.87
"2003-08-23",2,"Kuçovës",19.93
"2003-08-23",3,"Skraparit",17.95
"2003-08-23",4,"Bulqizës",16.62
"2003-08-23",5,"Dibrës",15.73
"2003-08-23",6,"Matit",17.1
"2003-08-23",7,"Durrësit",24.65
"2003-08-23",8,"Krujës",20.37
"2003-08-23",9,"Elbasanit",18.87
"2003-08-23",10,"Gramshit",18.37
"2003-08-23",11,"Librazhdit",18.05
"2003-08-23",12,"Peqinit",21.77
"2003-08-23",13,"Fierit",22.77
"2003-08-23",14,"Lushnjës",22.76
"2003-08-23",15,"Mallakastrës",20.87
"2003-08-23",16,"Gjirokastrës",20.22
"2003-08-23",17,"Përmetit",18.32
"2003-08-23",18,"Tepelenës",20.17
"2003-08-23",19,"Devollit",17.29
"2003-08-23",20,"Kolonjës",16.92
"2003-08-23",21,"Korçës",17.57
"2003-08-23",22,"Pogradecit",18.67
"2003-08-23",23,"Has",21.02
"2003-08-23",24,"Kukësit",17.85
"2003-08-23",25,"Tropojës",17.67
"2003-08-23",26,"Kurbinit",21.16
"2003-08-23",27,"Lezhës",22.24
"2003-08-23",28,"Mirditës",18.47
"2003-08-23",29,"Shkodrës",22.61
"2003-08-23",30,"Malësi e Madhe",19.05
"2003-08-23",31,"Pukës",19.13
"2003-08-23",32,"Shkodrës",20.9
"2003-08-23",33,"Kavajës",23.52
"2003-08-23",34,"Tiranës",19.73
"2003-08-23",35,"Delvinës",22.39
"2003-08-23",36,"Sarandës",23.03
"2003-08-23",37,"Vlorës",22.59
"2003-08-24",1,"Beratit",21.24
"2003-08-24",2,"Kuçovës",21.51
"2003-08-24",3,"Skraparit",20.15
"2003-08-24",4,"Bulqizës",17.83
"2003-08-24",5,"Dibrës",17.57
"2003-08-24",6,"Matit",18.86
"2003-08-24",7,"Durrësit",24.53
"2003-08-24",8,"Krujës",20.6
"2003-08-24",9,"Elbasanit",20.28
"2003-08-24",10,"Gramshit",19.91
"2003-08-24",11,"Librazhdit",19.1
"2003-08-24",12,"Peqinit",22.76
"2003-08-24",13,"Fierit",23.42
"2003-08-24",14,"Lushnjës",23.5
"2003-08-24",15,"Mallakastrës",21.08
"2003-08-24",16,"Gjirokastrës",21.62
"2003-08-24",17,"Përmetit",20.42
"2003-08-24",18,"Tepelenës",20.89
"2003-08-24",19,"Devollit",17.98
"2003-08-24",20,"Kolonjës",19.05
"2003-08-24",21,"Korçës",18.57
"2003-08-24",22,"Pogradecit",19.24
"2003-08-24",23,"Has",18.01
"2003-08-24",24,"Kukësit",18.26
"2003-08-24",25,"Tropojës",15.38
"2003-08-24",26,"Kurbinit",21.32
"2003-08-24",27,"Lezhës",22.5
"2003-08-24",28,"Mirditës",20.07
"2003-08-24",29,"Shkodrës",22.9
"2003-08-24",30,"Malësi e Madhe",19.95
"2003-08-24",31,"Pukës",19.82
"2003-08-24",32,"Shkodrës",21.01
"2003-08-24",33,"Kavajës",23.89
"2003-08-24",34,"Tiranës",20.7
"2003-08-24",35,"Delvinës",23.34
"2003-08-24",36,"Sarandës",23.67
"2003-08-24",37,"Vlorës",22.58
"2003-08-25",1,"Beratit",20.05
"2003-08-25",2,"Kuçovës",20.49
"2003-08-25",3,"Skraparit",17.07
"2003-08-25",4,"Bulqizës",15.87
"2003-08-25",5,"Dibrës",14.84
"2003-08-25",6,"Matit",16.91
"2003-08-25",7,"Durrësit",24.08
"2003-08-25",8,"Krujës",20.14
"2003-08-25",9,"Elbasanit",18.89
"2003-08-25",10,"Gramshit",17.92
"2003-08-25",11,"Librazhdit",17.17
"2003-08-25",12,"Peqinit",22.42
"2003-08-25",13,"Fierit",22.68
"2003-08-25",14,"Lushnjës",22.9
"2003-08-25",15,"Mallakastrës",20.3
"2003-08-25",16,"Gjirokastrës",18.24
"2003-08-25",17,"Përmetit",16.21
"2003-08-25",18,"Tepelenës",18.83
"2003-08-25",19,"Devollit",15.1
"2003-08-25",20,"Kolonjës",14.51
"2003-08-25",21,"Korçës",15.85
"2003-08-25",22,"Pogradecit",17.43
"2003-08-25",23,"Has",18.95
"2003-08-25",24,"Kukësit",17.11
"2003-08-25",25,"Tropojës",14.84
"2003-08-25",26,"Kurbinit",20.91
"2003-08-25",27,"Lezhës",21.76
"2003-08-25",28,"Mirditës",18.31
"2003-08-25",29,"Shkodrës",21.67
"2003-08-25",30,"Malësi e Madhe",17.83
"2003-08-25",31,"Pukës",17.99
"2003-08-25",32,"Shkodrës",19.6
"2003-08-25",33,"Kavajës",23.15
"2003-08-25",34,"Tiranës",19.4
"2003-08-25",35,"Delvinës",20.96
"2003-08-25",36,"Sarandës",22.03
"2003-08-25",37,"Vlorës",21.67
"2003-08-26",1,"Beratit",19.43
"2003-08-26",2,"Kuçovës",19.3
"2003-08-26",3,"Skraparit",17.76
"2003-08-26",4,"Bulqizës",16.36
"2003-08-26",5,"Dibrës",14.7
"2003-08-26",6,"Matit",16.92
"2003-08-26",7,"Durrësit",24.17
"2003-08-26",8,"Krujës",19.7
"2003-08-26",9,"Elbasanit",18.2
"2003-08-26",10,"Gramshit",17.45
"2003-08-26",11,"Librazhdit",17.36
"2003-08-26",12,"Peqinit",21.46
"2003-08-26",13,"Fierit",23.3
"2003-08-26",14,"Lushnjës",22.68
"2003-08-26",15,"Mallakastrës",21.41
"2003-08-26",16,"Gjirokastrës",21.33
"2003-08-26",17,"Përmetit",19.58
"2003-08-26",18,"Tepelenës",20.7
"2003-08-26",19,"Devollit",16.7
"2003-08-26",20,"Kolonjës",17.98
"2003-08-26",21,"Korçës",17.3
"2003-08-26",22,"Pogradecit",18.19
"2003-08-26",23,"Has",20.11
"2003-08-26",24,"Kukësit",16.81
"2003-08-26",25,"Tropojës",16.3
"2003-08-26",26,"Kurbinit",20.45
"2003-08-26",27,"Lezhës",21.94
"2003-08-26",28,"Mirditës",18.24
"2003-08-26",29,"Shkodrës",23.04
"2003-08-26",30,"Malësi e Madhe",19.3
"2003-08-26",31,"Pukës",19.87
"2003-08-26",32,"Shkodrës",21.38
"2003-08-26",33,"Kavajës",23.26
"2003-08-26",34,"Tiranës",19.23
"2003-08-26",35,"Delvinës",22.88
"2003-08-26",36,"Sarandës",23.04
"2003-08-26",37,"Vlorës",23.4
"2003-08-27",1,"Beratit",19.51
"2003-08-27",2,"Kuçovës",19.76
"2003-08-27",3,"Skraparit",17.51
"2003-08-27",4,"Bulqizës",14.84
"2003-08-27",5,"Dibrës",13.94
"2003-08-27",6,"Matit",16.73
"2003-08-27",7,"Durrësit",22.66
"2003-08-27",8,"Krujës",20.53
"2003-08-27",9,"Elbasanit",18.93
"2003-08-27",10,"Gramshit",17.68
"2003-08-27",11,"Librazhdit",16.58
"2003-08-27",12,"Peqinit",21.6
"2003-08-27",13,"Fierit",22.84
"2003-08-27",14,"Lushnjës",22.25
"2003-08-27",15,"Mallakastrës",20.42
"2003-08-27",16,"Gjirokastrës",20.97
"2003-08-27",17,"Përmetit",18.71
"2003-08-27",18,"Tepelenës",19.5
"2003-08-27",19,"Devollit",16.71
"2003-08-27",20,"Kolonjës",17.02
"2003-08-27",21,"Korçës",16.69
"2003-08-27",22,"Pogradecit",16.74
"2003-08-27",23,"Has",17.33
"2003-08-27",24,"Kukësit",14.51
"2003-08-27",25,"Tropojës",14.74
"2003-08-27",26,"Kurbinit",21.03
"2003-08-27",27,"Lezhës",21.58
"2003-08-27",28,"Mirditës",17.61
"2003-08-27",29,"Shkodrës",21.59
"2003-08-27",30,"Malësi e Madhe",17.85
"2003-08-27",31,"Pukës",17.19
"2003-08-27",32,"Shkodrës",19.67
"2003-08-27",33,"Kavajës",22.21
"2003-08-27",34,"Tiranës",19.71
"2003-08-27",35,"Delvinës",22.15
"2003-08-27",36,"Sarandës",22.33
"2003-08-27",37,"Vlorës",21.44
"2003-08-28",1,"Beratit",17.22
"2003-08-28",2,"Kuçovës",17.48
"2003-08-28",3,"Skraparit",14.18
"2003-08-28",4,"Bulqizës",13.2
"2003-08-28",5,"Dibrës",12.78
"2003-08-28",6,"Matit",15.64
"2003-08-28",7,"Durrësit",24
"2003-08-28",8,"Krujës",19.78
"2003-08-28",9,"Elbasanit",16.95
"2003-08-28",10,"Gramshit",15.07
"2003-08-28",11,"Librazhdit",14.46
"2003-08-28",12,"Peqinit",20.39
"2003-08-28",13,"Fierit",22.23
"2003-08-28",14,"Lushnjës",21.65
"2003-08-28",15,"Mallakastrës",18.73
"2003-08-28",16,"Gjirokastrës",17.68
"2003-08-28",17,"Përmetit",14.93
"2003-08-28",18,"Tepelenës",16.88
"2003-08-28",19,"Devollit",13.74
"2003-08-28",20,"Kolonjës",13.44
"2003-08-28",21,"Korçës",13.55
"2003-08-28",22,"Pogradecit",14.09
"2003-08-28",23,"Has",15.16
"2003-08-28",24,"Kukësit",13.24
"2003-08-28",25,"Tropojës",12.42
"2003-08-28",26,"Kurbinit",20.43
"2003-08-28",27,"Lezhës",20.5
"2003-08-28",28,"Mirditës",16.49
"2003-08-28",29,"Shkodrës",18.88
"2003-08-28",30,"Malësi e Madhe",15.37
"2003-08-28",31,"Pukës",15.12
"2003-08-28",32,"Shkodrës",17.07
"2003-08-28",33,"Kavajës",22.51
"2003-08-28",34,"Tiranës",18.47
"2003-08-28",35,"Delvinës",20.4
"2003-08-28",36,"Sarandës",21.64
"2003-08-28",37,"Vlorës",20.95
"2003-08-29",1,"Beratit",17.21
"2003-08-29",2,"Kuçovës",17.37
"2003-08-29",3,"Skraparit",14.91
"2003-08-29",4,"Bulqizës",15.28
"2003-08-29",5,"Dibrës",14.18
"2003-08-29",6,"Matit",15.5
"2003-08-29",7,"Durrësit",23.81
"2003-08-29",8,"Krujës",18.98
"2003-08-29",9,"Elbasanit",17.26
"2003-08-29",10,"Gramshit",15.93
"2003-08-29",11,"Librazhdit",16.6
"2003-08-29",12,"Peqinit",20.03
"2003-08-29",13,"Fierit",21.77
"2003-08-29",14,"Lushnjës",21.5
"2003-08-29",15,"Mallakastrës",18.94
"2003-08-29",16,"Gjirokastrës",18.94
"2003-08-29",17,"Përmetit",16.26
"2003-08-29",18,"Tepelenës",17.61
"2003-08-29",19,"Devollit",16.27
"2003-08-29",20,"Kolonjës",15.14
"2003-08-29",21,"Korçës",15.55
"2003-08-29",22,"Pogradecit",16.98
"2003-08-29",23,"Has",16.17
"2003-08-29",24,"Kukësit",14.28
"2003-08-29",25,"Tropojës",14.76
"2003-08-29",26,"Kurbinit",19.8
"2003-08-29",27,"Lezhës",21.38
"2003-08-29",28,"Mirditës",16.97
"2003-08-29",29,"Shkodrës",22.41
"2003-08-29",30,"Malësi e Madhe",19.21
"2003-08-29",31,"Pukës",18.07
"2003-08-29",32,"Shkodrës",20.75
"2003-08-29",33,"Kavajës",22.35
"2003-08-29",34,"Tiranës",18.14
"2003-08-29",35,"Delvinës",21.61
"2003-08-29",36,"Sarandës",21.77
"2003-08-29",37,"Vlorës",20.72
"2003-08-30",1,"Beratit",18.37
"2003-08-30",2,"Kuçovës",18.37
"2003-08-30",3,"Skraparit",16.68
"2003-08-30",4,"Bulqizës",17.12
"2003-08-30",5,"Dibrës",16.3
"2003-08-30",6,"Matit",17.61
"2003-08-30",7,"Durrësit",25.21
"2003-08-30",8,"Krujës",21.05
"2003-08-30",9,"Elbasanit",18
"2003-08-30",10,"Gramshit",16.89
"2003-08-30",11,"Librazhdit",17.58
"2003-08-30",12,"Peqinit",21.31
"2003-08-30",13,"Fierit",23.36
"2003-08-30",14,"Lushnjës",22.65
"2003-08-30",15,"Mallakastrës",20.63
"2003-08-30",16,"Gjirokastrës",20.66
"2003-08-30",17,"Përmetit",18.84
"2003-08-30",18,"Tepelenës",19.37
"2003-08-30",19,"Devollit",15.8
"2003-08-30",20,"Kolonjës",17.45
"2003-08-30",21,"Korçës",17.03
"2003-08-30",22,"Pogradecit",17.92
"2003-08-30",23,"Has",18.49
"2003-08-30",24,"Kukësit",15.91
"2003-08-30",25,"Tropojës",17.03
"2003-08-30",26,"Kurbinit",21.79
"2003-08-30",27,"Lezhës",22.69
"2003-08-30",28,"Mirditës",18.55
"2003-08-30",29,"Shkodrës",22.69
"2003-08-30",30,"Malësi e Madhe",21.71
"2003-08-30",31,"Pukës",19.12
"2003-08-30",32,"Shkodrës",22.1
"2003-08-30",33,"Kavajës",23.72
"2003-08-30",34,"Tiranës",19.81
"2003-08-30",35,"Delvinës",22.78
"2003-08-30",36,"Sarandës",22.47
"2003-08-30",37,"Vlorës",22.51
"2003-08-31",1,"Beratit",21.68
"2003-08-31",2,"Kuçovës",21.64
"2003-08-31",3,"Skraparit",19.89
"2003-08-31",4,"Bulqizës",19.51
"2003-08-31",5,"Dibrës",17.45
"2003-08-31",6,"Matit",20.17
"2003-08-31",7,"Durrësit",25.61
"2003-08-31",8,"Krujës",22.67
"2003-08-31",9,"Elbasanit",22.14
"2003-08-31",10,"Gramshit",20.3
"2003-08-31",11,"Librazhdit",20.9
"2003-08-31",12,"Peqinit",23.93
"2003-08-31",13,"Fierit",24.96
"2003-08-31",14,"Lushnjës",24.46
"2003-08-31",15,"Mallakastrës",23.59
"2003-08-31",16,"Gjirokastrës",22.18
"2003-08-31",17,"Përmetit",21.17
"2003-08-31",18,"Tepelenës",22.4
"2003-08-31",19,"Devollit",16.54
"2003-08-31",20,"Kolonjës",19.6
"2003-08-31",21,"Korçës",18.62
"2003-08-31",22,"Pogradecit",19.68
"2003-08-31",23,"Has",19.17
"2003-08-31",24,"Kukësit",16.86
"2003-08-31",25,"Tropojës",16.79
"2003-08-31",26,"Kurbinit",23.02
"2003-08-31",27,"Lezhës",23.81
"2003-08-31",28,"Mirditës",19.96
"2003-08-31",29,"Shkodrës",24.08
"2003-08-31",30,"Malësi e Madhe",21.27
"2003-08-31",31,"Pukës",20.08
"2003-08-31",32,"Shkodrës",22.59
"2003-08-31",33,"Kavajës",24.79
"2003-08-31",34,"Tiranës",22.68
"2003-08-31",35,"Delvinës",23.75
"2003-08-31",36,"Sarandës",23.62
"2003-08-31",37,"Vlorës",24.77
"2003-09-01",1,"Beratit",23.63
"2003-09-01",2,"Kuçovës",23.77
"2003-09-01",3,"Skraparit",21.29
"2003-09-01",4,"Bulqizës",17.13
"2003-09-01",5,"Dibrës",16.42
"2003-09-01",6,"Matit",19.5
"2003-09-01",7,"Durrësit",25.3
"2003-09-01",8,"Krujës",22.54
"2003-09-01",9,"Elbasanit",22.5
"2003-09-01",10,"Gramshit",21
"2003-09-01",11,"Librazhdit",19.3
"2003-09-01",12,"Peqinit",24.78
"2003-09-01",13,"Fierit",26.06
"2003-09-01",14,"Lushnjës",25.39
"2003-09-01",15,"Mallakastrës",24.35
"2003-09-01",16,"Gjirokastrës",22.59
"2003-09-01",17,"Përmetit",21.27
"2003-09-01",18,"Tepelenës",23.32
"2003-09-01",19,"Devollit",15.77
"2003-09-01",20,"Kolonjës",18.95
"2003-09-01",21,"Korçës",17.3
"2003-09-01",22,"Pogradecit",17.6
"2003-09-01",23,"Has",18.6
"2003-09-01",24,"Kukësit",15.9
"2003-09-01",25,"Tropojës",16.15
"2003-09-01",26,"Kurbinit",23.46
"2003-09-01",27,"Lezhës",23.72
"2003-09-01",28,"Mirditës",20.12
"2003-09-01",29,"Shkodrës",22.61
"2003-09-01",30,"Malësi e Madhe",18.96
"2003-09-01",31,"Pukës",18.73
"2003-09-01",32,"Shkodrës",20.88
"2003-09-01",33,"Kavajës",25.09
"2003-09-01",34,"Tiranës",22.47
"2003-09-01",35,"Delvinës",24.19
"2003-09-01",36,"Sarandës",24.32
"2003-09-01",37,"Vlorës",25.16
"2003-09-02",1,"Beratit",19.16
"2003-09-02",2,"Kuçovës",19.19
"2003-09-02",3,"Skraparit",16.65
"2003-09-02",4,"Bulqizës",14.97
"2003-09-02",5,"Dibrës",13.64
"2003-09-02",6,"Matit",17.15
"2003-09-02",7,"Durrësit",24.27
"2003-09-02",8,"Krujës",21.25
"2003-09-02",9,"Elbasanit",18.96
"2003-09-02",10,"Gramshit",16.36
"2003-09-02",11,"Librazhdit",16.34
"2003-09-02",12,"Peqinit",21.87
"2003-09-02",13,"Fierit",22.82
"2003-09-02",14,"Lushnjës",22.74
"2003-09-02",15,"Mallakastrës",20.7
"2003-09-02",16,"Gjirokastrës",20.19
"2003-09-02",17,"Përmetit",18.07
"2003-09-02",18,"Tepelenës",19.91
"2003-09-02",19,"Devollit",12.8
"2003-09-02",20,"Kolonjës",15.77
"2003-09-02",21,"Korçës",13.93
"2003-09-02",22,"Pogradecit",14.32
"2003-09-02",23,"Has",16.16
"2003-09-02",24,"Kukësit",14.31
"2003-09-02",25,"Tropojës",14.13
"2003-09-02",26,"Kurbinit",21.84
"2003-09-02",27,"Lezhës",21.52
"2003-09-02",28,"Mirditës",17.73
"2003-09-02",29,"Shkodrës",19.94
"2003-09-02",30,"Malësi e Madhe",16.72
"2003-09-02",31,"Pukës",16.69
"2003-09-02",32,"Shkodrës",18.33
"2003-09-02",33,"Kavajës",23.6
"2003-09-02",34,"Tiranës",20.5
"2003-09-02",35,"Delvinës",22.19
"2003-09-02",36,"Sarandës",22.13
"2003-09-02",37,"Vlorës",22.75
"2003-09-03",1,"Beratit",20.68
"2003-09-03",2,"Kuçovës",21.09
"2003-09-03",3,"Skraparit",17.9
"2003-09-03",4,"Bulqizës",14.87
"2003-09-03",5,"Dibrës",13.1
"2003-09-03",6,"Matit",15.95
"2003-09-03",7,"Durrësit",23.25
"2003-09-03",8,"Krujës",19.3
"2003-09-03",9,"Elbasanit",19.62
"2003-09-03",10,"Gramshit",18.19
"2003-09-03",11,"Librazhdit",16.66
"2003-09-03",12,"Peqinit",22.54
"2003-09-03",13,"Fierit",23.61
"2003-09-03",14,"Lushnjës",23.27
"2003-09-03",15,"Mallakastrës",21.42
"2003-09-03",16,"Gjirokastrës",20.96
"2003-09-03",17,"Përmetit",18.64
"2003-09-03",18,"Tepelenës",19.82
"2003-09-03",19,"Devollit",14.43
"2003-09-03",20,"Kolonjës",16.49
"2003-09-03",21,"Korçës",15.17
"2003-09-03",22,"Pogradecit",15.69
"2003-09-03",23,"Has",13.91
"2003-09-03",24,"Kukësit",12.2
"2003-09-03",25,"Tropojës",11.88
"2003-09-03",26,"Kurbinit",19.72
"2003-09-03",27,"Lezhës",20.12
"2003-09-03",28,"Mirditës",16.02
"2003-09-03",29,"Shkodrës",19.46
"2003-09-03",30,"Malësi e Madhe",15.71
"2003-09-03",31,"Pukës",15.12
"2003-09-03",32,"Shkodrës",17.49
"2003-09-03",33,"Kavajës",22.86
"2003-09-03",34,"Tiranës",19.15
"2003-09-03",35,"Delvinës",22.74
"2003-09-03",36,"Sarandës",23.27
"2003-09-03",37,"Vlorës",22.24
"2003-09-04",1,"Beratit",16.79
"2003-09-04",2,"Kuçovës",17.24
"2003-09-04",3,"Skraparit",13.79
"2003-09-04",4,"Bulqizës",10.21
"2003-09-04",5,"Dibrës",8.77
"2003-09-04",6,"Matit",12.18
"2003-09-04",7,"Durrësit",20.78
"2003-09-04",8,"Krujës",16.09
"2003-09-04",9,"Elbasanit",15.97
"2003-09-04",10,"Gramshit",14.07
"2003-09-04",11,"Librazhdit",12.09
"2003-09-04",12,"Peqinit",19.78
"2003-09-04",13,"Fierit",20.59
"2003-09-04",14,"Lushnjës",20.62
"2003-09-04",15,"Mallakastrës",17.63
"2003-09-04",16,"Gjirokastrës",16.85
"2003-09-04",17,"Përmetit",14.46
"2003-09-04",18,"Tepelenës",15.74
"2003-09-04",19,"Devollit",10.59
"2003-09-04",20,"Kolonjës",12.51
"2003-09-04",21,"Korçës",11.13
"2003-09-04",22,"Pogradecit",10.85
"2003-09-04",23,"Has",10.07
"2003-09-04",24,"Kukësit",7.92
"2003-09-04",25,"Tropojës",7.31
"2003-09-04",26,"Kurbinit",16.64
"2003-09-04",27,"Lezhës",16.51
"2003-09-04",28,"Mirditës",12.25
"2003-09-04",29,"Shkodrës",15.1
"2003-09-04",30,"Malësi e Madhe",10.75
"2003-09-04",31,"Pukës",10.5
"2003-09-04",32,"Shkodrës",12.96
"2003-09-04",33,"Kavajës",20.77
"2003-09-04",34,"Tiranës",16.41
"2003-09-04",35,"Delvinës",19.4
"2003-09-04",36,"Sarandës",20.14
"2003-09-04",37,"Vlorës",19.16
"2003-09-05",1,"Beratit",13.11
"2003-09-05",2,"Kuçovës",13.51
"2003-09-05",3,"Skraparit",9.63
"2003-09-05",4,"Bulqizës",6.45
"2003-09-05",5,"Dibrës",5.29
"2003-09-05",6,"Matit",8.7
"2003-09-05",7,"Durrësit",19.68
"2003-09-05",8,"Krujës",13.22
"2003-09-05",9,"Elbasanit",12.05
"2003-09-05",10,"Gramshit",9.89
"2003-09-05",11,"Librazhdit",8.14
"2003-09-05",12,"Peqinit",16.81
"2003-09-05",13,"Fierit",18.12
"2003-09-05",14,"Lushnjës",18.2
"2003-09-05",15,"Mallakastrës",14.41
"2003-09-05",16,"Gjirokastrës",12.91
"2003-09-05",17,"Përmetit",10.61
"2003-09-05",18,"Tepelenës",12.52
"2003-09-05",19,"Devollit",6.71
"2003-09-05",20,"Kolonjës",7.77
"2003-09-05",21,"Korçës",7.07
"2003-09-05",22,"Pogradecit",7.35
"2003-09-05",23,"Has",9.93
"2003-09-05",24,"Kukësit",6.22
"2003-09-05",25,"Tropojës",5.05
"2003-09-05",26,"Kurbinit",14.44
"2003-09-05",27,"Lezhës",15.15
"2003-09-05",28,"Mirditës",9.94
"2003-09-05",29,"Shkodrës",14.09
"2003-09-05",30,"Malësi e Madhe",9.17
"2003-09-05",31,"Pukës",8.77
"2003-09-05",32,"Shkodrës",11.32
"2003-09-05",33,"Kavajës",18.92
"2003-09-05",34,"Tiranës",13.1
"2003-09-05",35,"Delvinës",16.07
"2003-09-05",36,"Sarandës",17.86
"2003-09-05",37,"Vlorës",16.75
"2003-09-06",1,"Beratit",11.98
"2003-09-06",2,"Kuçovës",11.88
"2003-09-06",3,"Skraparit",9.5
"2003-09-06",4,"Bulqizës",8.64
"2003-09-06",5,"Dibrës",6.66
"2003-09-06",6,"Matit",8.98
"2003-09-06",7,"Durrësit",20.14
"2003-09-06",8,"Krujës",13.52
"2003-09-06",9,"Elbasanit",11.08
"2003-09-06",10,"Gramshit",10.01
"2003-09-06",11,"Librazhdit",10.26
"2003-09-06",12,"Peqinit",15.01
"2003-09-06",13,"Fierit",16.93
"2003-09-06",14,"Lushnjës",16.49
"2003-09-06",15,"Mallakastrës",14.17
"2003-09-06",16,"Gjirokastrës",14
"2003-09-06",17,"Përmetit",10.82
"2003-09-06",18,"Tepelenës",13.39
"2003-09-06",19,"Devollit",9.88
"2003-09-06",20,"Kolonjës",9.51
"2003-09-06",21,"Korçës",9.72
"2003-09-06",22,"Pogradecit",10.64
"2003-09-06",23,"Has",11.75
"2003-09-06",24,"Kukësit",8.2
"2003-09-06",25,"Tropojës",8.64
"2003-09-06",26,"Kurbinit",14.43
"2003-09-06",27,"Lezhës",14.94
"2003-09-06",28,"Mirditës",9.88
"2003-09-06",29,"Shkodrës",13.41
"2003-09-06",30,"Malësi e Madhe",9.89
"2003-09-06",31,"Pukës",9.97
"2003-09-06",32,"Shkodrës",11.71
"2003-09-06",33,"Kavajës",17.92
"2003-09-06",34,"Tiranës",12.53
"2003-09-06",35,"Delvinës",17.37
"2003-09-06",36,"Sarandës",17.63
"2003-09-06",37,"Vlorës",17.28
"2003-09-07",1,"Beratit",13.48
"2003-09-07",2,"Kuçovës",13.37
"2003-09-07",3,"Skraparit",11.12
"2003-09-07",4,"Bulqizës",9.91
"2003-09-07",5,"Dibrës",8.58
"2003-09-07",6,"Matit",10
"2003-09-07",7,"Durrësit",20.58
"2003-09-07",8,"Krujës",14.18
"2003-09-07",9,"Elbasanit",12.12
"2003-09-07",10,"Gramshit",11.19
"2003-09-07",11,"Librazhdit",11.29
"2003-09-07",12,"Peqinit",16.26
"2003-09-07",13,"Fierit",18.96
"2003-09-07",14,"Lushnjës",17.9
"2003-09-07",15,"Mallakastrës",15.99
"2003-09-07",16,"Gjirokastrës",15.26
"2003-09-07",17,"Përmetit",12.93
"2003-09-07",18,"Tepelenës",14.78
"2003-09-07",19,"Devollit",11.8
"2003-09-07",20,"Kolonjës",11.75
"2003-09-07",21,"Korçës",11.52
"2003-09-07",22,"Pogradecit",12.39
"2003-09-07",23,"Has",12.98
"2003-09-07",24,"Kukësit",10.55
"2003-09-07",25,"Tropojës",10.54
"2003-09-07",26,"Kurbinit",14.99
"2003-09-07",27,"Lezhës",15.88
"2003-09-07",28,"Mirditës",11.51
"2003-09-07",29,"Shkodrës",15.35
"2003-09-07",30,"Malësi e Madhe",12.12
"2003-09-07",31,"Pukës",12.37
"2003-09-07",32,"Shkodrës",13.8
"2003-09-07",33,"Kavajës",18.79
"2003-09-07",34,"Tiranës",13.33
"2003-09-07",35,"Delvinës",17.96
"2003-09-07",36,"Sarandës",18.28
"2003-09-07",37,"Vlorës",18.77
"2003-09-08",1,"Beratit",17.52
"2003-09-08",2,"Kuçovës",17.71
"2003-09-08",3,"Skraparit",14.53
"2003-09-08",4,"Bulqizës",14.23
"2003-09-08",5,"Dibrës",12.77
"2003-09-08",6,"Matit",14.08
"2003-09-08",7,"Durrësit",22.22
"2003-09-08",8,"Krujës",17.76
"2003-09-08",9,"Elbasanit",16.69
"2003-09-08",10,"Gramshit",15
"2003-09-08",11,"Librazhdit",15.29
"2003-09-08",12,"Peqinit",20.14
"2003-09-08",13,"Fierit",22.32
"2003-09-08",14,"Lushnjës",21.39
"2003-09-08",15,"Mallakastrës",19.2
"2003-09-08",16,"Gjirokastrës",18.37
"2003-09-08",17,"Përmetit",15.45
"2003-09-08",18,"Tepelenës",17.56
"2003-09-08",19,"Devollit",11.89
"2003-09-08",20,"Kolonjës",12.86
"2003-09-08",21,"Korçës",12.67
"2003-09-08",22,"Pogradecit",14.1
"2003-09-08",23,"Has",14.95
"2003-09-08",24,"Kukësit",13.66
"2003-09-08",25,"Tropojës",12.69
"2003-09-08",26,"Kurbinit",18.23
"2003-09-08",27,"Lezhës",18.59
"2003-09-08",28,"Mirditës",15.36
"2003-09-08",29,"Shkodrës",17.92
"2003-09-08",30,"Malësi e Madhe",15.63
"2003-09-08",31,"Pukës",16.01
"2003-09-08",32,"Shkodrës",16.66
"2003-09-08",33,"Kavajës",21.51
"2003-09-08",34,"Tiranës",17.41
"2003-09-08",35,"Delvinës",20.12
"2003-09-08",36,"Sarandës",21.01
"2003-09-08",37,"Vlorës",20.75
"2003-09-09",1,"Beratit",15.99
"2003-09-09",2,"Kuçovës",16.22
"2003-09-09",3,"Skraparit",13.27
"2003-09-09",4,"Bulqizës",12.16
"2003-09-09",5,"Dibrës",11.85
"2003-09-09",6,"Matit",14.21
"2003-09-09",7,"Durrësit",19.27
"2003-09-09",8,"Krujës",17.1
"2003-09-09",9,"Elbasanit",15.64
"2003-09-09",10,"Gramshit",13.98
"2003-09-09",11,"Librazhdit",13.22
"2003-09-09",12,"Peqinit",17.93
"2003-09-09",13,"Fierit",19.22
"2003-09-09",14,"Lushnjës",18.54
"2003-09-09",15,"Mallakastrës",16.98
"2003-09-09",16,"Gjirokastrës",15.52
"2003-09-09",17,"Përmetit",13.36
"2003-09-09",18,"Tepelenës",15.39
"2003-09-09",19,"Devollit",10.95
"2003-09-09",20,"Kolonjës",11.66
"2003-09-09",21,"Korçës",11.36
"2003-09-09",22,"Pogradecit",12.01
"2003-09-09",23,"Has",15.28
"2003-09-09",24,"Kukësit",13.1
"2003-09-09",25,"Tropojës",13.3
"2003-09-09",26,"Kurbinit",17.83
"2003-09-09",27,"Lezhës",18.47
"2003-09-09",28,"Mirditës",15.63
"2003-09-09",29,"Shkodrës",18.45
"2003-09-09",30,"Malësi e Madhe",15.63
"2003-09-09",31,"Pukës",15.62
"2003-09-09",32,"Shkodrës",17.03
"2003-09-09",33,"Kavajës",18.57
"2003-09-09",34,"Tiranës",16.31
"2003-09-09",35,"Delvinës",17.32
"2003-09-09",36,"Sarandës",18.34
"2003-09-09",37,"Vlorës",18.68
"2003-09-10",1,"Beratit",17.27
"2003-09-10",2,"Kuçovës",17.41
"2003-09-10",3,"Skraparit",14.63
"2003-09-10",4,"Bulqizës",12.56
"2003-09-10",5,"Dibrës",11.36
"2003-09-10",6,"Matit",13.92
"2003-09-10",7,"Durrësit",21.91
"2003-09-10",8,"Krujës",18.52
"2003-09-10",9,"Elbasanit",16.25
"2003-09-10",10,"Gramshit",15.15
"2003-09-10",11,"Librazhdit",14.27
"2003-09-10",12,"Peqinit",19.73
"2003-09-10",13,"Fierit",21.22
"2003-09-10",14,"Lushnjës",20.8
"2003-09-10",15,"Mallakastrës",18.98
"2003-09-10",16,"Gjirokastrës",17.18
"2003-09-10",17,"Përmetit",15.02
"2003-09-10",18,"Tepelenës",17.05
"2003-09-10",19,"Devollit",12.47
"2003-09-10",20,"Kolonjës",13.13
"2003-09-10",21,"Korçës",13.57
"2003-09-10",22,"Pogradecit",14.64
"2003-09-10",23,"Has",13.68
"2003-09-10",24,"Kukësit",11.93
"2003-09-10",25,"Tropojës",12.22
"2003-09-10",26,"Kurbinit",18.58
"2003-09-10",27,"Lezhës",18.45
"2003-09-10",28,"Mirditës",14.37
"2003-09-10",29,"Shkodrës",17.88
"2003-09-10",30,"Malësi e Madhe",15.19
"2003-09-10",31,"Pukës",13.99
"2003-09-10",32,"Shkodrës",16.49
"2003-09-10",33,"Kavajës",21.19
"2003-09-10",34,"Tiranës",17.58
"2003-09-10",35,"Delvinës",19.05
"2003-09-10",36,"Sarandës",19.47
"2003-09-10",37,"Vlorës",19.91
"2003-09-11",1,"Beratit",15.83
"2003-09-11",2,"Kuçovës",16.02
"2003-09-11",3,"Skraparit",13.63
"2003-09-11",4,"Bulqizës",11.09
"2003-09-11",5,"Dibrës",10.9
"2003-09-11",6,"Matit",13.38
"2003-09-11",7,"Durrësit",19.21
"2003-09-11",8,"Krujës",16.56
"2003-09-11",9,"Elbasanit",14.9
"2003-09-11",10,"Gramshit",13.78
"2003-09-11",11,"Librazhdit",12.47
"2003-09-11",12,"Peqinit",17.47
"2003-09-11",13,"Fierit",18.44
"2003-09-11",14,"Lushnjës",18.26
"2003-09-11",15,"Mallakastrës",16.55
"2003-09-11",16,"Gjirokastrës",15.27
"2003-09-11",17,"Përmetit",13.59
"2003-09-11",18,"Tepelenës",15.24
"2003-09-11",19,"Devollit",11.71
"2003-09-11",20,"Kolonjës",12.13
"2003-09-11",21,"Korçës",11.93
"2003-09-11",22,"Pogradecit",12.24
"2003-09-11",23,"Has",13.2
"2003-09-11",24,"Kukësit",11.12
"2003-09-11",25,"Tropojës",11.31
"2003-09-11",26,"Kurbinit",17.1
"2003-09-11",27,"Lezhës",17.34
"2003-09-11",28,"Mirditës",14.23
"2003-09-11",29,"Shkodrës",16.89
"2003-09-11",30,"Malësi e Madhe",13.8
"2003-09-11",31,"Pukës",13.66
"2003-09-11",32,"Shkodrës",15.34
"2003-09-11",33,"Kavajës",18.51
"2003-09-11",34,"Tiranës",15.76
"2003-09-11",35,"Delvinës",16.64
"2003-09-11",36,"Sarandës",17.81
"2003-09-11",37,"Vlorës",17.46
"2003-09-12",1,"Beratit",18.38
"2003-09-12",2,"Kuçovës",18.89
"2003-09-12",3,"Skraparit",15.4
"2003-09-12",4,"Bulqizës",12.44
"2003-09-12",5,"Dibrës",11.81
"2003-09-12",6,"Matit",14.44
"2003-09-12",7,"Durrësit",19.47
"2003-09-12",8,"Krujës",17.48
"2003-09-12",9,"Elbasanit",17.88
"2003-09-12",10,"Gramshit",16.33
"2003-09-12",11,"Librazhdit",14.44
"2003-09-12",12,"Peqinit",20.49
"2003-09-12",13,"Fierit",20.44
"2003-09-12",14,"Lushnjës",20.61
"2003-09-12",15,"Mallakastrës",18.05
"2003-09-12",16,"Gjirokastrës",16.77
"2003-09-12",17,"Përmetit",14.92
"2003-09-12",18,"Tepelenës",17.07
"2003-09-12",19,"Devollit",11.83
"2003-09-12",20,"Kolonjës",12.85
"2003-09-12",21,"Korçës",12.74
"2003-09-12",22,"Pogradecit",13.5
"2003-09-12",23,"Has",14.24
"2003-09-12",24,"Kukësit",12.34
"2003-09-12",25,"Tropojës",12.19
"2003-09-12",26,"Kurbinit",17.8
"2003-09-12",27,"Lezhës",17.42
"2003-09-12",28,"Mirditës",14.96
"2003-09-12",29,"Shkodrës",16.37
"2003-09-12",30,"Malësi e Madhe",14.25
"2003-09-12",31,"Pukës",13.96
"2003-09-12",32,"Shkodrës",15.37
"2003-09-12",33,"Kavajës",19.94
"2003-09-12",34,"Tiranës",17.47
"2003-09-12",35,"Delvinës",18.36
"2003-09-12",36,"Sarandës",19.62
"2003-09-12",37,"Vlorës",19.22
"2003-09-13",1,"Beratit",14.65
"2003-09-13",2,"Kuçovës",14.89
"2003-09-13",3,"Skraparit",12.91
"2003-09-13",4,"Bulqizës",10.64
"2003-09-13",5,"Dibrës",9.8
"2003-09-13",6,"Matit",12.25
"2003-09-13",7,"Durrësit",18.05
"2003-09-13",8,"Krujës",15.29
"2003-09-13",9,"Elbasanit",13.86
"2003-09-13",10,"Gramshit",12.93
"2003-09-13",11,"Librazhdit",11.47
"2003-09-13",12,"Peqinit",15.97
"2003-09-13",13,"Fierit",16.79
"2003-09-13",14,"Lushnjës",16.8
"2003-09-13",15,"Mallakastrës",14.94
"2003-09-13",16,"Gjirokastrës",15.17
"2003-09-13",17,"Përmetit",13.05
"2003-09-13",18,"Tepelenës",14.13
"2003-09-13",19,"Devollit",10.85
"2003-09-13",20,"Kolonjës",11.41
"2003-09-13",21,"Korçës",10.6
"2003-09-13",22,"Pogradecit",10.39
"2003-09-13",23,"Has",11.05
"2003-09-13",24,"Kukësit",9.06
"2003-09-13",25,"Tropojës",9.07
"2003-09-13",26,"Kurbinit",16
"2003-09-13",27,"Lezhës",16.2
"2003-09-13",28,"Mirditës",12.84
"2003-09-13",29,"Shkodrës",15.2
"2003-09-13",30,"Malësi e Madhe",11.05
"2003-09-13",31,"Pukës",11.63
"2003-09-13",32,"Shkodrës",13.37
"2003-09-13",33,"Kavajës",17.18
"2003-09-13",34,"Tiranës",14.5
"2003-09-13",35,"Delvinës",16.83
"2003-09-13",36,"Sarandës",18.22
"2003-09-13",37,"Vlorës",16.04
"2003-09-14",1,"Beratit",13.2
"2003-09-14",2,"Kuçovës",13.33
"2003-09-14",3,"Skraparit",10.06
"2003-09-14",4,"Bulqizës",9.12
"2003-09-14",5,"Dibrës",8.47
"2003-09-14",6,"Matit",11.07
"2003-09-14",7,"Durrësit",18.49
"2003-09-14",8,"Krujës",14.47
"2003-09-14",9,"Elbasanit",12.75
"2003-09-14",10,"Gramshit",10.89
"2003-09-14",11,"Librazhdit",10.26
"2003-09-14",12,"Peqinit",15.57
"2003-09-14",13,"Fierit",16.94
"2003-09-14",14,"Lushnjës",16.55
"2003-09-14",15,"Mallakastrës",14.41
"2003-09-14",16,"Gjirokastrës",12.03
"2003-09-14",17,"Përmetit",9.58
"2003-09-14",18,"Tepelenës",12.96
"2003-09-14",19,"Devollit",8.18
"2003-09-14",20,"Kolonjës",7.81
"2003-09-14",21,"Korçës",8.33
"2003-09-14",22,"Pogradecit",9.15
"2003-09-14",23,"Has",11.22
"2003-09-14",24,"Kukësit",9.02
"2003-09-14",25,"Tropojës",9.45
"2003-09-14",26,"Kurbinit",15.24
"2003-09-14",27,"Lezhës",15.72
"2003-09-14",28,"Mirditës",12.05
"2003-09-14",29,"Shkodrës",15.04
"2003-09-14",30,"Malësi e Madhe",12.3
"2003-09-14",31,"Pukës",11.59
"2003-09-14",32,"Shkodrës",13.56
"2003-09-14",33,"Kavajës",17.32
"2003-09-14",34,"Tiranës",13.69
"2003-09-14",35,"Delvinës",14.73
"2003-09-14",36,"Sarandës",15.92
"2003-09-14",37,"Vlorës",16.22
"2003-09-15",1,"Beratit",14.97
"2003-09-15",2,"Kuçovës",15.3
"2003-09-15",3,"Skraparit",11.41
"2003-09-15",4,"Bulqizës",8.14
"2003-09-15",5,"Dibrës",6.67
"2003-09-15",6,"Matit",10.41
"2003-09-15",7,"Durrësit",18.82
"2003-09-15",8,"Krujës",14.66
"2003-09-15",9,"Elbasanit",14.37
"2003-09-15",10,"Gramshit",12.34
"2003-09-15",11,"Librazhdit",10.66
"2003-09-15",12,"Peqinit",17.95
"2003-09-15",13,"Fierit",19.18
"2003-09-15",14,"Lushnjës",18.68
"2003-09-15",15,"Mallakastrës",16.25
"2003-09-15",16,"Gjirokastrës",14.2
"2003-09-15",17,"Përmetit",11.41
"2003-09-15",18,"Tepelenës",14.21
"2003-09-15",19,"Devollit",8.63
"2003-09-15",20,"Kolonjës",9.17
"2003-09-15",21,"Korçës",9.22
"2003-09-15",22,"Pogradecit",9.76
"2003-09-15",23,"Has",10.14
"2003-09-15",24,"Kukësit",7.21
"2003-09-15",25,"Tropojës",6.88
"2003-09-15",26,"Kurbinit",15.02
"2003-09-15",27,"Lezhës",14.88
"2003-09-15",28,"Mirditës",10.73
"2003-09-15",29,"Shkodrës",13.85
"2003-09-15",30,"Malësi e Madhe",10.66
"2003-09-15",31,"Pukës",9.36
"2003-09-15",32,"Shkodrës",11.94
"2003-09-15",33,"Kavajës",18.71
"2003-09-15",34,"Tiranës",14.84
"2003-09-15",35,"Delvinës",16.98
"2003-09-15",36,"Sarandës",17.81
"2003-09-15",37,"Vlorës",17.87
"2003-09-16",1,"Beratit",14.54
"2003-09-16",2,"Kuçovës",14.55
"2003-09-16",3,"Skraparit",11.14
"2003-09-16",4,"Bulqizës",8.09
"2003-09-16",5,"Dibrës",7.12
"2003-09-16",6,"Matit",10.33
"2003-09-16",7,"Durrësit",19.29
"2003-09-16",8,"Krujës",14.83
"2003-09-16",9,"Elbasanit",13.65
"2003-09-16",10,"Gramshit",11.54
"2003-09-16",11,"Librazhdit",10.06
"2003-09-16",12,"Peqinit",17.28
"2003-09-16",13,"Fierit",19.19
"2003-09-16",14,"Lushnjës",18.32
"2003-09-16",15,"Mallakastrës",16.72
"2003-09-16",16,"Gjirokastrës",15.7
"2003-09-16",17,"Përmetit",12.24
"2003-09-16",18,"Tepelenës",15.32
"2003-09-16",19,"Devollit",9.05
"2003-09-16",20,"Kolonjës",9.7
"2003-09-16",21,"Korçës",9.06
"2003-09-16",22,"Pogradecit",9.34
"2003-09-16",23,"Has",10.68
"2003-09-16",24,"Kukësit",7.81
"2003-09-16",25,"Tropojës",6.83
"2003-09-16",26,"Kurbinit",15.24
"2003-09-16",27,"Lezhës",15
"2003-09-16",28,"Mirditës",10.82
"2003-09-16",29,"Shkodrës",13.61
"2003-09-16",30,"Malësi e Madhe",10.28
"2003-09-16",31,"Pukës",9.35
"2003-09-16",32,"Shkodrës",11.65
"2003-09-16",33,"Kavajës",18.69
"2003-09-16",34,"Tiranës",14.56
"2003-09-16",35,"Delvinës",18.18
"2003-09-16",36,"Sarandës",18.92
"2003-09-16",37,"Vlorës",18.83
"2003-09-17",1,"Beratit",12.44
"2003-09-17",2,"Kuçovës",12.44
"2003-09-17",3,"Skraparit",9.16
"2003-09-17",4,"Bulqizës",7.93
"2003-09-17",5,"Dibrës",6.77
"2003-09-17",6,"Matit",9.01
"2003-09-17",7,"Durrësit",19.48
"2003-09-17",8,"Krujës",13.61
"2003-09-17",9,"Elbasanit",11.53
"2003-09-17",10,"Gramshit",9.83
"2003-09-17",11,"Librazhdit",9.35
"2003-09-17",12,"Peqinit",15.67
"2003-09-17",13,"Fierit",17.13
"2003-09-17",14,"Lushnjës",16.98
"2003-09-17",15,"Mallakastrës",14.82
"2003-09-17",16,"Gjirokastrës",13.31
"2003-09-17",17,"Përmetit",10.1
"2003-09-17",18,"Tepelenës",13.27
"2003-09-17",19,"Devollit",9.08
"2003-09-17",20,"Kolonjës",8.28
"2003-09-17",21,"Korçës",8.97
"2003-09-17",22,"Pogradecit",9.52
"2003-09-17",23,"Has",11.22
"2003-09-17",24,"Kukësit",8.09
"2003-09-17",25,"Tropojës",7.7
"2003-09-17",26,"Kurbinit",14.4
"2003-09-17",27,"Lezhës",14.56
"2003-09-17",28,"Mirditës",10.06
"2003-09-17",29,"Shkodrës",13.11
"2003-09-17",30,"Malësi e Madhe",10.36
"2003-09-17",31,"Pukës",9.5
"2003-09-17",32,"Shkodrës",11.58
"2003-09-17",33,"Kavajës",18.02
"2003-09-17",34,"Tiranës",12.82
"2003-09-17",35,"Delvinës",16.31
"2003-09-17",36,"Sarandës",17.55
"2003-09-17",37,"Vlorës",17.05
"2003-09-18",1,"Beratit",12.15
"2003-09-18",2,"Kuçovës",12.07
"2003-09-18",3,"Skraparit",9.72
"2003-09-18",4,"Bulqizës",8.58
"2003-09-18",5,"Dibrës",7.11
"2003-09-18",6,"Matit",8.84
"2003-09-18",7,"Durrësit",19.2
"2003-09-18",8,"Krujës",12.92
"2003-09-18",9,"Elbasanit",10.91
"2003-09-18",10,"Gramshit",10.4
"2003-09-18",11,"Librazhdit",10.25
"2003-09-18",12,"Peqinit",14.5
"2003-09-18",13,"Fierit",16.45
"2003-09-18",14,"Lushnjës",16
"2003-09-18",15,"Mallakastrës",13.77
"2003-09-18",16,"Gjirokastrës",12.76
"2003-09-18",17,"Përmetit",9.79
"2003-09-18",18,"Tepelenës",13.02
"2003-09-18",19,"Devollit",10.25
"2003-09-18",20,"Kolonjës",8.74
"2003-09-18",21,"Korçës",10.12
"2003-09-18",22,"Pogradecit",11.4
"2003-09-18",23,"Has",12.49
"2003-09-18",24,"Kukësit",9.33
"2003-09-18",25,"Tropojës",9.37
"2003-09-18",26,"Kurbinit",13.72
"2003-09-18",27,"Lezhës",14.07
"2003-09-18",28,"Mirditës",9.75
"2003-09-18",29,"Shkodrës",12.5
"2003-09-18",30,"Malësi e Madhe",9.9
"2003-09-18",31,"Pukës",9.99
"2003-09-18",32,"Shkodrës",11.29
"2003-09-18",33,"Kavajës",17.33
"2003-09-18",34,"Tiranës",12.1
"2003-09-18",35,"Delvinës",16.05
"2003-09-18",36,"Sarandës",16.67
"2003-09-18",37,"Vlorës",16.36
"2003-09-19",1,"Beratit",11.03
"2003-09-19",2,"Kuçovës",11.14
"2003-09-19",3,"Skraparit",8.73
"2003-09-19",4,"Bulqizës",8.84
"2003-09-19",5,"Dibrës",7.33
"2003-09-19",6,"Matit",8.97
"2003-09-19",7,"Durrësit",19.19
"2003-09-19",8,"Krujës",13.13
"2003-09-19",9,"Elbasanit",11.13
"2003-09-19",10,"Gramshit",10.02
"2003-09-19",11,"Librazhdit",10.48
"2003-09-19",12,"Peqinit",14
"2003-09-19",13,"Fierit",15.77
"2003-09-19",14,"Lushnjës",15.71
"2003-09-19",15,"Mallakastrës",12.72
"2003-09-19",16,"Gjirokastrës",12.41
"2003-09-19",17,"Përmetit",9.63
"2003-09-19",18,"Tepelenës",11.5
"2003-09-19",19,"Devollit",10.34
"2003-09-19",20,"Kolonjës",8.59
"2003-09-19",21,"Korçës",9.73
"2003-09-19",22,"Pogradecit",11.32
"2003-09-19",23,"Has",12.78
"2003-09-19",24,"Kukësit",9.46
"2003-09-19",25,"Tropojës",10.05
"2003-09-19",26,"Kurbinit",13.86
"2003-09-19",27,"Lezhës",14.17
"2003-09-19",28,"Mirditës",9.87
"2003-09-19",29,"Shkodrës",12.63
"2003-09-19",30,"Malësi e Madhe",10.31
"2003-09-19",31,"Pukës",10.21
"2003-09-19",32,"Shkodrës",11.55
"2003-09-19",33,"Kavajës",17.12
"2003-09-19",34,"Tiranës",12.12
"2003-09-19",35,"Delvinës",15.75
"2003-09-19",36,"Sarandës",16.49
"2003-09-19",37,"Vlorës",15.1
"2003-09-20",1,"Beratit",12.66
"2003-09-20",2,"Kuçovës",12.68
"2003-09-20",3,"Skraparit",10.5
"2003-09-20",4,"Bulqizës",10.15
"2003-09-20",5,"Dibrës",9.17
"2003-09-20",6,"Matit",10.14
"2003-09-20",7,"Durrësit",19.74
"2003-09-20",8,"Krujës",14.06
"2003-09-20",9,"Elbasanit",12.16
"2003-09-20",10,"Gramshit",11.54
"2003-09-20",11,"Librazhdit",11.76
"2003-09-20",12,"Peqinit",15.08
"2003-09-20",13,"Fierit",17.57
"2003-09-20",14,"Lushnjës",16.98
"2003-09-20",15,"Mallakastrës",14.59
"2003-09-20",16,"Gjirokastrës",14.07
"2003-09-20",17,"Përmetit",11.24
"2003-09-20",18,"Tepelenës",13.37
"2003-09-20",19,"Devollit",11.75
"2003-09-20",20,"Kolonjës",10.11
"2003-09-20",21,"Korçës",11.56
"2003-09-20",22,"Pogradecit",13.01
"2003-09-20",23,"Has",13.04
"2003-09-20",24,"Kukësit",10.87
"2003-09-20",25,"Tropojës",10.8
"2003-09-20",26,"Kurbinit",14.81
"2003-09-20",27,"Lezhës",15.02
"2003-09-20",28,"Mirditës",11.21
"2003-09-20",29,"Shkodrës",13.36
"2003-09-20",30,"Malësi e Madhe",11.55
"2003-09-20",31,"Pukës",11.28
"2003-09-20",32,"Shkodrës",12.36
"2003-09-20",33,"Kavajës",17.98
"2003-09-20",34,"Tiranës",13.03
"2003-09-20",35,"Delvinës",17.09
"2003-09-20",36,"Sarandës",18.03
"2003-09-20",37,"Vlorës",16.9
"2003-09-21",1,"Beratit",11.59
"2003-09-21",2,"Kuçovës",11.63
"2003-09-21",3,"Skraparit",9.3
"2003-09-21",4,"Bulqizës",9.76
"2003-09-21",5,"Dibrës",8.38
"2003-09-21",6,"Matit",9.85
"2003-09-21",7,"Durrësit",19.75
"2003-09-21",8,"Krujës",13.87
"2003-09-21",9,"Elbasanit",11.54
"2003-09-21",10,"Gramshit",10.37
"2003-09-21",11,"Librazhdit",10.95
"2003-09-21",12,"Peqinit",14.44
"2003-09-21",13,"Fierit",16.27
"2003-09-21",14,"Lushnjës",16.17
"2003-09-21",15,"Mallakastrës",13.49
"2003-09-21",16,"Gjirokastrës",12.92
"2003-09-21",17,"Përmetit",10.07
"2003-09-21",18,"Tepelenës",12.37
"2003-09-21",19,"Devollit",10.87
"2003-09-21",20,"Kolonjës",8.94
"2003-09-21",21,"Korçës",10.4
"2003-09-21",22,"Pogradecit",11.61
"2003-09-21",23,"Has",13.48
"2003-09-21",24,"Kukësit",10.74
"2003-09-21",25,"Tropojës",10.97
"2003-09-21",26,"Kurbinit",14.6
"2003-09-21",27,"Lezhës",14.9
"2003-09-21",28,"Mirditës",10.84
"2003-09-21",29,"Shkodrës",13.37
"2003-09-21",30,"Malësi e Madhe",11.15
"2003-09-21",31,"Pukës",11.08
"2003-09-21",32,"Shkodrës",12.27
"2003-09-21",33,"Kavajës",17.63
"2003-09-21",34,"Tiranës",12.72
"2003-09-21",35,"Delvinës",16.24
"2003-09-21",36,"Sarandës",17.15
"2003-09-21",37,"Vlorës",15.9
"2003-09-22",1,"Beratit",11.03
"2003-09-22",2,"Kuçovës",11.02
"2003-09-22",3,"Skraparit",8.22
"2003-09-22",4,"Bulqizës",9.39
"2003-09-22",5,"Dibrës",8.85
"2003-09-22",6,"Matit",9.65
"2003-09-22",7,"Durrësit",19.93
"2003-09-22",8,"Krujës",13.75
"2003-09-22",9,"Elbasanit",10.86
"2003-09-22",10,"Gramshit",9.05
"2003-09-22",11,"Librazhdit",9.54
"2003-09-22",12,"Peqinit",13.96
"2003-09-22",13,"Fierit",16.36
"2003-09-22",14,"Lushnjës",16.02
"2003-09-22",15,"Mallakastrës",13.29
"2003-09-22",16,"Gjirokastrës",11.61
"2003-09-22",17,"Përmetit",8.76
"2003-09-22",18,"Tepelenës",11.75
"2003-09-22",19,"Devollit",10.06
"2003-09-22",20,"Kolonjës",7.49
"2003-09-22",21,"Korçës",8.55
"2003-09-22",22,"Pogradecit",9.36
"2003-09-22",23,"Has",12.57
"2003-09-22",24,"Kukësit",8.36
"2003-09-22",25,"Tropojës",12.18
"2003-09-22",26,"Kurbinit",14.57
"2003-09-22",27,"Lezhës",14.78
"2003-09-22",28,"Mirditës",10.56
"2003-09-22",29,"Shkodrës",12.83
"2003-09-22",30,"Malësi e Madhe",11.64
"2003-09-22",31,"Pukës",11.29
"2003-09-22",32,"Shkodrës",12.32
"2003-09-22",33,"Kavajës",17.6
"2003-09-22",34,"Tiranës",12.34
"2003-09-22",35,"Delvinës",15.11
"2003-09-22",36,"Sarandës",16.07
"2003-09-22",37,"Vlorës",15.92
"2003-09-23",1,"Beratit",11.84
"2003-09-23",2,"Kuçovës",11.86
"2003-09-23",3,"Skraparit",9.06
"2003-09-23",4,"Bulqizës",10.07
"2003-09-23",5,"Dibrës",9.53
"2003-09-23",6,"Matit",10.48
"2003-09-23",7,"Durrësit",19.75
"2003-09-23",8,"Krujës",14.53
"2003-09-23",9,"Elbasanit",11.52
"2003-09-23",10,"Gramshit",9.96
"2003-09-23",11,"Librazhdit",10.56
"2003-09-23",12,"Peqinit",14.69
"2003-09-23",13,"Fierit",16.88
"2003-09-23",14,"Lushnjës",16.44
"2003-09-23",15,"Mallakastrës",13.93
"2003-09-23",16,"Gjirokastrës",12.73
"2003-09-23",17,"Përmetit",9.53
"2003-09-23",18,"Tepelenës",12.61
"2003-09-23",19,"Devollit",10.78
"2003-09-23",20,"Kolonjës",8.46
"2003-09-23",21,"Korçës",9.77
"2003-09-23",22,"Pogradecit",10.6
"2003-09-23",23,"Has",10.42
"2003-09-23",24,"Kukësit",9.24
"2003-09-23",25,"Tropojës",9.99
"2003-09-23",26,"Kurbinit",15.36
"2003-09-23",27,"Lezhës",16.02
"2003-09-23",28,"Mirditës",11.75
"2003-09-23",29,"Shkodrës",15.35
"2003-09-23",30,"Malësi e Madhe",14.08
"2003-09-23",31,"Pukës",11.69
"2003-09-23",32,"Shkodrës",14.21
"2003-09-23",33,"Kavajës",17.75
"2003-09-23",34,"Tiranës",13.08
"2003-09-23",35,"Delvinës",16.4
"2003-09-23",36,"Sarandës",16.51
"2003-09-23",37,"Vlorës",16.61
"2003-09-24",1,"Beratit",14
"2003-09-24",2,"Kuçovës",13.89
"2003-09-24",3,"Skraparit",12.96
"2003-09-24",4,"Bulqizës",11.18
"2003-09-24",5,"Dibrës",10.96
"2003-09-24",6,"Matit",11.99
"2003-09-24",7,"Durrësit",19.51
"2003-09-24",8,"Krujës",13.84
"2003-09-24",9,"Elbasanit",11.62
"2003-09-24",10,"Gramshit",12.18
"2003-09-24",11,"Librazhdit",11.4
"2003-09-24",12,"Peqinit",14.75
"2003-09-24",13,"Fierit",17.07
"2003-09-24",14,"Lushnjës",16.45
"2003-09-24",15,"Mallakastrës",14.69
"2003-09-24",16,"Gjirokastrës",14.49
"2003-09-24",17,"Përmetit",12.98
"2003-09-24",18,"Tepelenës",14.66
"2003-09-24",19,"Devollit",8.71
"2003-09-24",20,"Kolonjës",10.88
"2003-09-24",21,"Korçës",10.67
"2003-09-24",22,"Pogradecit",12.05
"2003-09-24",23,"Has",10.16
"2003-09-24",24,"Kukësit",10.09
"2003-09-24",25,"Tropojës",8.19
"2003-09-24",26,"Kurbinit",14.66
"2003-09-24",27,"Lezhës",16.05
"2003-09-24",28,"Mirditës",12.84
"2003-09-24",29,"Shkodrës",16.5
"2003-09-24",30,"Malësi e Madhe",12.85
"2003-09-24",31,"Pukës",12.3
"2003-09-24",32,"Shkodrës",14.16
"2003-09-24",33,"Kavajës",17.57
"2003-09-24",34,"Tiranës",12.87
"2003-09-24",35,"Delvinës",17.11
"2003-09-24",36,"Sarandës",16.84
"2003-09-24",37,"Vlorës",17.53
"2003-09-25",1,"Beratit",13.17
"2003-09-25",2,"Kuçovës",13.15
"2003-09-25",3,"Skraparit",11.52
"2003-09-25",4,"Bulqizës",11.58
"2003-09-25",5,"Dibrës",11.03
"2003-09-25",6,"Matit",12.42
"2003-09-25",7,"Durrësit",19.98
"2003-09-25",8,"Krujës",15.09
"2003-09-25",9,"Elbasanit",12.93
"2003-09-25",10,"Gramshit",12.41
"2003-09-25",11,"Librazhdit",12.82
"2003-09-25",12,"Peqinit",15.43
"2003-09-25",13,"Fierit",18.15
"2003-09-25",14,"Lushnjës",17.33
"2003-09-25",15,"Mallakastrës",14.95
"2003-09-25",16,"Gjirokastrës",14.15
"2003-09-25",17,"Përmetit",12.27
"2003-09-25",18,"Tepelenës",13.84
"2003-09-25",19,"Devollit",11.91
"2003-09-25",20,"Kolonjës",11.54
"2003-09-25",21,"Korçës",12.57
"2003-09-25",22,"Pogradecit",13.99
"2003-09-25",23,"Has",14.09
"2003-09-25",24,"Kukësit",12.08
"2003-09-25",25,"Tropojës",12.66
"2003-09-25",26,"Kurbinit",16.35
"2003-09-25",27,"Lezhës",17.64
"2003-09-25",28,"Mirditës",14.32
"2003-09-25",29,"Shkodrës",17.55
"2003-09-25",30,"Malësi e Madhe",15.26
"2003-09-25",31,"Pukës",14.69
"2003-09-25",32,"Shkodrës",16.22
"2003-09-25",33,"Kavajës",18.39
"2003-09-25",34,"Tiranës",14.07
"2003-09-25",35,"Delvinës",16.9
"2003-09-25",36,"Sarandës",17.38
"2003-09-25",37,"Vlorës",17.21
"2003-09-26",1,"Beratit",16.09
"2003-09-26",2,"Kuçovës",16.24
"2003-09-26",3,"Skraparit",13.39
"2003-09-26",4,"Bulqizës",11.5
"2003-09-26",5,"Dibrës",10.05
"2003-09-26",6,"Matit",13.39
"2003-09-26",7,"Durrësit",20.2
"2003-09-26",8,"Krujës",17.4
"2003-09-26",9,"Elbasanit",16.29
"2003-09-26",10,"Gramshit",14.23
"2003-09-26",11,"Librazhdit",13.34
"2003-09-26",12,"Peqinit",18.9
"2003-09-26",13,"Fierit",19.53
"2003-09-26",14,"Lushnjës",19.48
"2003-09-26",15,"Mallakastrës",17.3
"2003-09-26",16,"Gjirokastrës",15.67
"2003-09-26",17,"Përmetit",13.6
"2003-09-26",18,"Tepelenës",15.97
"2003-09-26",19,"Devollit",11.26
"2003-09-26",20,"Kolonjës",12.09
"2003-09-26",21,"Korçës",11.65
"2003-09-26",22,"Pogradecit",12.09
"2003-09-26",23,"Has",11.34
"2003-09-26",24,"Kukësit",9.31
"2003-09-26",25,"Tropojës",9.52
"2003-09-26",26,"Kurbinit",17.34
"2003-09-26",27,"Lezhës",16.82
"2003-09-26",28,"Mirditës",13.17
"2003-09-26",29,"Shkodrës",15.97
"2003-09-26",30,"Malësi e Madhe",12.95
"2003-09-26",31,"Pukës",11.84
"2003-09-26",32,"Shkodrës",14.36
"2003-09-26",33,"Kavajës",20.01
"2003-09-26",34,"Tiranës",17.28
"2003-09-26",35,"Delvinës",17.88
"2003-09-26",36,"Sarandës",19.8
"2003-09-26",37,"Vlorës",18.83
"2003-09-27",1,"Beratit",13.07
"2003-09-27",2,"Kuçovës",13.31
"2003-09-27",3,"Skraparit",10.04
"2003-09-27",4,"Bulqizës",9.48
"2003-09-27",5,"Dibrës",8.34
"2003-09-27",6,"Matit",11.08
"2003-09-27",7,"Durrësit",20.22
"2003-09-27",8,"Krujës",15.34
"2003-09-27",9,"Elbasanit",12.99
"2003-09-27",10,"Gramshit",11.34
"2003-09-27",11,"Librazhdit",11.06
"2003-09-27",12,"Peqinit",16.44
"2003-09-27",13,"Fierit",17.33
"2003-09-27",14,"Lushnjës",17.4
"2003-09-27",15,"Mallakastrës",14.35
"2003-09-27",16,"Gjirokastrës",12.9
"2003-09-27",17,"Përmetit",10.19
"2003-09-27",18,"Tepelenës",12.89
"2003-09-27",19,"Devollit",9.46
"2003-09-27",20,"Kolonjës",8.63
"2003-09-27",21,"Korçës",9.67
"2003-09-27",22,"Pogradecit",11
"2003-09-27",23,"Has",11.01
"2003-09-27",24,"Kukësit",7.92
"2003-09-27",25,"Tropojës",8.66
"2003-09-27",26,"Kurbinit",16.12
"2003-09-27",27,"Lezhës",16.2
"2003-09-27",28,"Mirditës",11.73
"2003-09-27",29,"Shkodrës",14.6
"2003-09-27",30,"Malësi e Madhe",11.84
"2003-09-27",31,"Pukës",10.87
"2003-09-27",32,"Shkodrës",12.99
"2003-09-27",33,"Kavajës",18.6
"2003-09-27",34,"Tiranës",14.29
"2003-09-27",35,"Delvinës",16.06
"2003-09-27",36,"Sarandës",16.82
"2003-09-27",37,"Vlorës",16.53
"2003-09-28",1,"Beratit",11.6
"2003-09-28",2,"Kuçovës",11.56
"2003-09-28",3,"Skraparit",9.44
"2003-09-28",4,"Bulqizës",8.09
"2003-09-28",5,"Dibrës",7.24
"2003-09-28",6,"Matit",8.73
"2003-09-28",7,"Durrësit",18.47
"2003-09-28",8,"Krujës",12.39
"2003-09-28",9,"Elbasanit",10.36
"2003-09-28",10,"Gramshit",9.58
"2003-09-28",11,"Librazhdit",9.23
"2003-09-28",12,"Peqinit",14.04
"2003-09-28",13,"Fierit",16.53
"2003-09-28",14,"Lushnjës",15.97
"2003-09-28",15,"Mallakastrës",13.55
"2003-09-28",16,"Gjirokastrës",13.33
"2003-09-28",17,"Përmetit",10.84
"2003-09-28",18,"Tepelenës",12.58
"2003-09-28",19,"Devollit",8.18
"2003-09-28",20,"Kolonjës",9.21
"2003-09-28",21,"Korçës",8.85
"2003-09-28",22,"Pogradecit",9.83
"2003-09-28",23,"Has",8.67
"2003-09-28",24,"Kukësit",7.67
"2003-09-28",25,"Tropojës",6.97
"2003-09-28",26,"Kurbinit",13.29
"2003-09-28",27,"Lezhës",14.25
"2003-09-28",28,"Mirditës",9.88
"2003-09-28",29,"Shkodrës",13.75
"2003-09-28",30,"Malësi e Madhe",10.13
"2003-09-28",31,"Pukës",9.72
"2003-09-28",32,"Shkodrës",11.73
"2003-09-28",33,"Kavajës",16.92
"2003-09-28",34,"Tiranës",11.49
"2003-09-28",35,"Delvinës",16.15
"2003-09-28",36,"Sarandës",16.45
"2003-09-28",37,"Vlorës",16.23
"2003-09-29",1,"Beratit",12.79
"2003-09-29",2,"Kuçovës",12.9
"2003-09-29",3,"Skraparit",10.12
"2003-09-29",4,"Bulqizës",9.64
"2003-09-29",5,"Dibrës",8.82
"2003-09-29",6,"Matit",10.25
"2003-09-29",7,"Durrësit",19.73
"2003-09-29",8,"Krujës",14.5
"2003-09-29",9,"Elbasanit",12.25
"2003-09-29",10,"Gramshit",11.01
"2003-09-29",11,"Librazhdit",11.12
"2003-09-29",12,"Peqinit",15.78
"2003-09-29",13,"Fierit",17.86
"2003-09-29",14,"Lushnjës",17.28
"2003-09-29",15,"Mallakastrës",14.75
"2003-09-29",16,"Gjirokastrës",13.42
"2003-09-29",17,"Përmetit",10.98
"2003-09-29",18,"Tepelenës",13.08
"2003-09-29",19,"Devollit",9.92
"2003-09-29",20,"Kolonjës",9.7
"2003-09-29",21,"Korçës",10.47
"2003-09-29",22,"Pogradecit",11.74
"2003-09-29",23,"Has",10.7
"2003-09-29",24,"Kukësit",9.39
"2003-09-29",25,"Tropojës",10.09
"2003-09-29",26,"Kurbinit",15.22
"2003-09-29",27,"Lezhës",15.83
"2003-09-29",28,"Mirditës",11.69
"2003-09-29",29,"Shkodrës",15.16
"2003-09-29",30,"Malësi e Madhe",13.72
"2003-09-29",31,"Pukës",12.41
"2003-09-29",32,"Shkodrës",14.36
"2003-09-29",33,"Kavajës",18.17
"2003-09-29",34,"Tiranës",13.45
"2003-09-29",35,"Delvinës",16.31
"2003-09-29",36,"Sarandës",16.4
"2003-09-29",37,"Vlorës",16.99
"2003-09-30",1,"Beratit",14.66
"2003-09-30",2,"Kuçovës",14.97
"2003-09-30",3,"Skraparit",12.04
"2003-09-30",4,"Bulqizës",11.36
"2003-09-30",5,"Dibrës",10.6
"2003-09-30",6,"Matit",12.62
"2003-09-30",7,"Durrësit",18.29
"2003-09-30",8,"Krujës",16.02
"2003-09-30",9,"Elbasanit",14.37
"2003-09-30",10,"Gramshit",12.61
"2003-09-30",11,"Librazhdit",12.42
"2003-09-30",12,"Peqinit",17.28
"2003-09-30",13,"Fierit",18.58
"2003-09-30",14,"Lushnjës",17.99
"2003-09-30",15,"Mallakastrës",16.07
"2003-09-30",16,"Gjirokastrës",14.16
"2003-09-30",17,"Përmetit",12.76
"2003-09-30",18,"Tepelenës",13.84
"2003-09-30",19,"Devollit",10.4
"2003-09-30",20,"Kolonjës",11.3
"2003-09-30",21,"Korçës",11.08
"2003-09-30",22,"Pogradecit",11.73
"2003-09-30",23,"Has",13.35
"2003-09-30",24,"Kukësit",11.13
"2003-09-30",25,"Tropojës",11.47
"2003-09-30",26,"Kurbinit",16.26
"2003-09-30",27,"Lezhës",16.34
"2003-09-30",28,"Mirditës",13.31
"2003-09-30",29,"Shkodrës",15.99
"2003-09-30",30,"Malësi e Madhe",13.2
"2003-09-30",31,"Pukës",13.02
"2003-09-30",32,"Shkodrës",14.66
"2003-09-30",33,"Kavajës",17.97
"2003-09-30",34,"Tiranës",15.3
"2003-09-30",35,"Delvinës",15.8
"2003-09-30",36,"Sarandës",16.68
"2003-09-30",37,"Vlorës",17.07
"2003-10-01",1,"Beratit",11.66
"2003-10-01",2,"Kuçovës",11.68
"2003-10-01",3,"Skraparit",9.19
"2003-10-01",4,"Bulqizës",9.43
"2003-10-01",5,"Dibrës",8.9
"2003-10-01",6,"Matit",10.68
"2003-10-01",7,"Durrësit",19.01
"2003-10-01",8,"Krujës",13.8
"2003-10-01",9,"Elbasanit",11.76
"2003-10-01",10,"Gramshit",10.46
"2003-10-01",11,"Librazhdit",10.63
"2003-10-01",12,"Peqinit",14.53
"2003-10-01",13,"Fierit",17.05
"2003-10-01",14,"Lushnjës",16.33
"2003-10-01",15,"Mallakastrës",13.53
"2003-10-01",16,"Gjirokastrës",12.31
"2003-10-01",17,"Përmetit",9.54
"2003-10-01",18,"Tepelenës",11.85
"2003-10-01",19,"Devollit",10.56
"2003-10-01",20,"Kolonjës",9.02
"2003-10-01",21,"Korçës",10.13
"2003-10-01",22,"Pogradecit",11.04
"2003-10-01",23,"Has",11.05
"2003-10-01",24,"Kukësit",9.45
"2003-10-01",25,"Tropojës",9.04
"2003-10-01",26,"Kurbinit",14.68
"2003-10-01",27,"Lezhës",15.31
"2003-10-01",28,"Mirditës",11.66
"2003-10-01",29,"Shkodrës",14.36
"2003-10-01",30,"Malësi e Madhe",11.74
"2003-10-01",31,"Pukës",10.96
"2003-10-01",32,"Shkodrës",12.79
"2003-10-01",33,"Kavajës",17.55
"2003-10-01",34,"Tiranës",13.07
"2003-10-01",35,"Delvinës",15.3
"2003-10-01",36,"Sarandës",16.88
"2003-10-01",37,"Vlorës",16.06
"2003-10-02",1,"Beratit",11
"2003-10-02",2,"Kuçovës",11
"2003-10-02",3,"Skraparit",8.78
"2003-10-02",4,"Bulqizës",9.19
"2003-10-02",5,"Dibrës",8.21
"2003-10-02",6,"Matit",9.36
"2003-10-02",7,"Durrësit",18.78
"2003-10-02",8,"Krujës",13
"2003-10-02",9,"Elbasanit",10.96
"2003-10-02",10,"Gramshit",9.82
"2003-10-02",11,"Librazhdit",10.37
"2003-10-02",12,"Peqinit",13.77
"2003-10-02",13,"Fierit",15.38
"2003-10-02",14,"Lushnjës",15.15
"2003-10-02",15,"Mallakastrës",12.95
"2003-10-02",16,"Gjirokastrës",12.46
"2003-10-02",17,"Përmetit",9.67
"2003-10-02",18,"Tepelenës",11.88
"2003-10-02",19,"Devollit",9.99
"2003-10-02",20,"Kolonjës",8.74
"2003-10-02",21,"Korçës",9.65
"2003-10-02",22,"Pogradecit",10.9
"2003-10-02",23,"Has",10.15
"2003-10-02",24,"Kukësit",8.68
"2003-10-02",25,"Tropojës",8.97
"2003-10-02",26,"Kurbinit",13.88
"2003-10-02",27,"Lezhës",14.8
"2003-10-02",28,"Mirditës",10.68
"2003-10-02",29,"Shkodrës",14.32
"2003-10-02",30,"Malësi e Madhe",12.44
"2003-10-02",31,"Pukës",10.97
"2003-10-02",32,"Shkodrës",13.17
"2003-10-02",33,"Kavajës",16.6
"2003-10-02",34,"Tiranës",12
"2003-10-02",35,"Delvinës",15.73
"2003-10-02",36,"Sarandës",15.94
"2003-10-02",37,"Vlorës",15.47
"2003-10-03",1,"Beratit",13.71
"2003-10-03",2,"Kuçovës",13.68
"2003-10-03",3,"Skraparit",11.71
"2003-10-03",4,"Bulqizës",11.09
"2003-10-03",5,"Dibrës",10.36
"2003-10-03",6,"Matit",11.26
"2003-10-03",7,"Durrësit",19.76
"2003-10-03",8,"Krujës",14.79
"2003-10-03",9,"Elbasanit",13.08
"2003-10-03",10,"Gramshit",12.23
"2003-10-03",11,"Librazhdit",12.25
"2003-10-03",12,"Peqinit",16.02
"2003-10-03",13,"Fierit",18.32
"2003-10-03",14,"Lushnjës",17.57
"2003-10-03",15,"Mallakastrës",15.77
"2003-10-03",16,"Gjirokastrës",14.89
"2003-10-03",17,"Përmetit",12.74
"2003-10-03",18,"Tepelenës",14.5
"2003-10-03",19,"Devollit",9.75
"2003-10-03",20,"Kolonjës",11.22
"2003-10-03",21,"Korçës",11.28
"2003-10-03",22,"Pogradecit",12.44
"2003-10-03",23,"Has",11.66
"2003-10-03",24,"Kukësit",10.54
"2003-10-03",25,"Tropojës",10.14
"2003-10-03",26,"Kurbinit",15.43
"2003-10-03",27,"Lezhës",16.13
"2003-10-03",28,"Mirditës",12.45
"2003-10-03",29,"Shkodrës",15.78
"2003-10-03",30,"Malësi e Madhe",13.6
"2003-10-03",31,"Pukës",12.6
"2003-10-03",32,"Shkodrës",14.26
"2003-10-03",33,"Kavajës",18.4
"2003-10-03",34,"Tiranës",13.96
"2003-10-03",35,"Delvinës",17.46
"2003-10-03",36,"Sarandës",17.14
"2003-10-03",37,"Vlorës",17.84
"2003-10-04",1,"Beratit",14.79
"2003-10-04",2,"Kuçovës",14.87
"2003-10-04",3,"Skraparit",13.13
"2003-10-04",4,"Bulqizës",12.2
"2003-10-04",5,"Dibrës",11.7
"2003-10-04",6,"Matit",13.86
"2003-10-04",7,"Durrësit",20.5
"2003-10-04",8,"Krujës",16.86
"2003-10-04",9,"Elbasanit",14.26
"2003-10-04",10,"Gramshit",13.33
"2003-10-04",11,"Librazhdit",13.2
"2003-10-04",12,"Peqinit",17.36
"2003-10-04",13,"Fierit",19.17
"2003-10-04",14,"Lushnjës",18.51
"2003-10-04",15,"Mallakastrës",16.75
"2003-10-04",16,"Gjirokastrës",15.92
"2003-10-04",17,"Përmetit",14.68
"2003-10-04",18,"Tepelenës",15.12
"2003-10-04",19,"Devollit",11.18
"2003-10-04",20,"Kolonjës",13.39
"2003-10-04",21,"Korçës",12.68
"2003-10-04",22,"Pogradecit",13.63
"2003-10-04",23,"Has",12.7
"2003-10-04",24,"Kukësit",11.04
"2003-10-04",25,"Tropojës",11.03
"2003-10-04",26,"Kurbinit",17.12
"2003-10-04",27,"Lezhës",17.78
"2003-10-04",28,"Mirditës",13.89
"2003-10-04",29,"Shkodrës",17.86
"2003-10-04",30,"Malësi e Madhe",15.49
"2003-10-04",31,"Pukës",13.94
"2003-10-04",32,"Shkodrës",16.43
"2003-10-04",33,"Kavajës",19.25
"2003-10-04",34,"Tiranës",15.89
"2003-10-04",35,"Delvinës",17.91
"2003-10-04",36,"Sarandës",18.08
"2003-10-04",37,"Vlorës",18.41
"2003-10-05",1,"Beratit",19.08
"2003-10-05",2,"Kuçovës",19.33
"2003-10-05",3,"Skraparit",16.17
"2003-10-05",4,"Bulqizës",14.71
"2003-10-05",5,"Dibrës",13.12
"2003-10-05",6,"Matit",16.59
"2003-10-05",7,"Durrësit",22.12
"2003-10-05",8,"Krujës",20.1
"2003-10-05",9,"Elbasanit",17.24
"2003-10-05",10,"Gramshit",15.81
"2003-10-05",11,"Librazhdit",14.48
"2003-10-05",12,"Peqinit",21.12
"2003-10-05",13,"Fierit",22.01
"2003-10-05",14,"Lushnjës",21.73
"2003-10-05",15,"Mallakastrës",20.12
"2003-10-05",16,"Gjirokastrës",17.85
"2003-10-05",17,"Përmetit",16.25
"2003-10-05",18,"Tepelenës",18.17
"2003-10-05",19,"Devollit",13.95
"2003-10-05",20,"Kolonjës",14.75
"2003-10-05",21,"Korçës",13.81
"2003-10-05",22,"Pogradecit",13.4
"2003-10-05",23,"Has",16.3
"2003-10-05",24,"Kukësit",13.98
"2003-10-05",25,"Tropojës",14.82
"2003-10-05",26,"Kurbinit",19.85
"2003-10-05",27,"Lezhës",19.51
"2003-10-05",28,"Mirditës",16.44
"2003-10-05",29,"Shkodrës",19.08
"2003-10-05",30,"Malësi e Madhe",16.51
"2003-10-05",31,"Pukës",16.4
"2003-10-05",32,"Shkodrës",17.83
"2003-10-05",33,"Kavajës",21.69
"2003-10-05",34,"Tiranës",19
"2003-10-05",35,"Delvinës",19.12
"2003-10-05",36,"Sarandës",20.13
"2003-10-05",37,"Vlorës",20.72
"2003-10-06",1,"Beratit",19.69
"2003-10-06",2,"Kuçovës",19.93
"2003-10-06",3,"Skraparit",17.28
"2003-10-06",4,"Bulqizës",14.87
"2003-10-06",5,"Dibrës",14.49
"2003-10-06",6,"Matit",16.63
"2003-10-06",7,"Durrësit",21.43
"2003-10-06",8,"Krujës",19.3
"2003-10-06",9,"Elbasanit",18.81
"2003-10-06",10,"Gramshit",17.51
"2003-10-06",11,"Librazhdit",16.12
"2003-10-06",12,"Peqinit",21.38
"2003-10-06",13,"Fierit",22.39
"2003-10-06",14,"Lushnjës",22.09
"2003-10-06",15,"Mallakastrës",20.47
"2003-10-06",16,"Gjirokastrës",18.86
"2003-10-06",17,"Përmetit",17.47
"2003-10-06",18,"Tepelenës",19.02
"2003-10-06",19,"Devollit",15.82
"2003-10-06",20,"Kolonjës",16.27
"2003-10-06",21,"Korçës",15.7
"2003-10-06",22,"Pogradecit",15.49
"2003-10-06",23,"Has",17.48
"2003-10-06",24,"Kukësit",15.66
"2003-10-06",25,"Tropojës",14.98
"2003-10-06",26,"Kurbinit",19.77
"2003-10-06",27,"Lezhës",19.93
"2003-10-06",28,"Mirditës",17.55
"2003-10-06",29,"Shkodrës",19.46
"2003-10-06",30,"Malësi e Madhe",16.97
"2003-10-06",31,"Pukës",17.1
"2003-10-06",32,"Shkodrës",18.22
"2003-10-06",33,"Kavajës",21.7
"2003-10-06",34,"Tiranës",19.04
"2003-10-06",35,"Delvinës",19.64
"2003-10-06",36,"Sarandës",20.8
"2003-10-06",37,"Vlorës",21.13
"2003-10-07",1,"Beratit",9.26
"2003-10-07",2,"Kuçovës",9.35
"2003-10-07",3,"Skraparit",6.96
"2003-10-07",4,"Bulqizës",4.98
"2003-10-07",5,"Dibrës",3.72
"2003-10-07",6,"Matit",6.11
"2003-10-07",7,"Durrësit",16.38
"2003-10-07",8,"Krujës",10.01
"2003-10-07",9,"Elbasanit",7.64
"2003-10-07",10,"Gramshit",6.67
"2003-10-07",11,"Librazhdit",5.87
"2003-10-07",12,"Peqinit",11.59
"2003-10-07",13,"Fierit",12.89
"2003-10-07",14,"Lushnjës",12.93
"2003-10-07",15,"Mallakastrës",10.43
"2003-10-07",16,"Gjirokastrës",10.28
"2003-10-07",17,"Përmetit",7.82
"2003-10-07",18,"Tepelenës",9.58
"2003-10-07",19,"Devollit",4.08
"2003-10-07",20,"Kolonjës",5.68
"2003-10-07",21,"Korçës",4.85
"2003-10-07",22,"Pogradecit",5.55
"2003-10-07",23,"Has",8.38
"2003-10-07",24,"Kukësit",4.09
"2003-10-07",25,"Tropojës",5.41
"2003-10-07",26,"Kurbinit",10.93
"2003-10-07",27,"Lezhës",12.1
"2003-10-07",28,"Mirditës",7.01
"2003-10-07",29,"Shkodrës",11.8
"2003-10-07",30,"Malësi e Madhe",8.49
"2003-10-07",31,"Pukës",7.6
"2003-10-07",32,"Shkodrës",10.09
"2003-10-07",33,"Kavajës",14.22
"2003-10-07",34,"Tiranës",9.03
"2003-10-07",35,"Delvinës",13.26
"2003-10-07",36,"Sarandës",13.11
"2003-10-07",37,"Vlorës",13.16
"2003-10-08",1,"Beratit",15.74
"2003-10-08",2,"Kuçovës",16.05
"2003-10-08",3,"Skraparit",13.14
"2003-10-08",4,"Bulqizës",10.78
"2003-10-08",5,"Dibrës",10.1
"2003-10-08",6,"Matit",12.28
"2003-10-08",7,"Durrësit",17.8
"2003-10-08",8,"Krujës",15.31
"2003-10-08",9,"Elbasanit",14.67
"2003-10-08",10,"Gramshit",13.57
"2003-10-08",11,"Librazhdit",12.12
"2003-10-08",12,"Peqinit",17.06
"2003-10-08",13,"Fierit",18.82
"2003-10-08",14,"Lushnjës",17.9
"2003-10-08",15,"Mallakastrës",16.42
"2003-10-08",16,"Gjirokastrës",13.75
"2003-10-08",17,"Përmetit",12.46
"2003-10-08",18,"Tepelenës",14.34
"2003-10-08",19,"Devollit",11.59
"2003-10-08",20,"Kolonjës",11.23
"2003-10-08",21,"Korçës",11.42
"2003-10-08",22,"Pogradecit",11.49
"2003-10-08",23,"Has",13.22
"2003-10-08",24,"Kukësit",10.87
"2003-10-08",25,"Tropojës",10.78
"2003-10-08",26,"Kurbinit",15.72
"2003-10-08",27,"Lezhës",16.03
"2003-10-08",28,"Mirditës",13.02
"2003-10-08",29,"Shkodrës",15.74
"2003-10-08",30,"Malësi e Madhe",13.04
"2003-10-08",31,"Pukës",12.56
"2003-10-08",32,"Shkodrës",14.34
"2003-10-08",33,"Kavajës",17.47
"2003-10-08",34,"Tiranës",14.73
"2003-10-08",35,"Delvinës",15.18
"2003-10-08",36,"Sarandës",16.54
"2003-10-08",37,"Vlorës",17.25
"2003-10-09",1,"Beratit",9.22
"2003-10-09",2,"Kuçovës",9.54
"2003-10-09",3,"Skraparit",6.16
"2003-10-09",4,"Bulqizës",3.09
"2003-10-09",5,"Dibrës",1.32
"2003-10-09",6,"Matit",4.49
"2003-10-09",7,"Durrësit",13.95
"2003-10-09",8,"Krujës",8.89
"2003-10-09",9,"Elbasanit",8.06
"2003-10-09",10,"Gramshit",6.59
"2003-10-09",11,"Librazhdit",5.01
"2003-10-09",12,"Peqinit",11.79
"2003-10-09",13,"Fierit",13.12
"2003-10-09",14,"Lushnjës",12.95
"2003-10-09",15,"Mallakastrës",10.24
"2003-10-09",16,"Gjirokastrës",8.89
"2003-10-09",17,"Përmetit",6.49
"2003-10-09",18,"Tepelenës",8.49
"2003-10-09",19,"Devollit",4.29
"2003-10-09",20,"Kolonjës",4.89
"2003-10-09",21,"Korçës",4.25
"2003-10-09",22,"Pogradecit",4.3
"2003-10-09",23,"Has",4.09
"2003-10-09",24,"Kukësit",1.54
"2003-10-09",25,"Tropojës",2.4
"2003-10-09",26,"Kurbinit",9.4
"2003-10-09",27,"Lezhës",9.8
"2003-10-09",28,"Mirditës",4.85
"2003-10-09",29,"Shkodrës",9.1
"2003-10-09",30,"Malësi e Madhe",5.28
"2003-10-09",31,"Pukës",4.71
"2003-10-09",32,"Shkodrës",7.08
"2003-10-09",33,"Kavajës",13.26
"2003-10-09",34,"Tiranës",8.47
"2003-10-09",35,"Delvinës",11.12
"2003-10-09",36,"Sarandës",12.4
"2003-10-09",37,"Vlorës",11.9
"2003-10-10",1,"Beratit",9.78
"2003-10-10",2,"Kuçovës",10.11
"2003-10-10",3,"Skraparit",6.86
"2003-10-10",4,"Bulqizës",6.58
"2003-10-10",5,"Dibrës",5.74
"2003-10-10",6,"Matit",8.24
"2003-10-10",7,"Durrësit",15.65
"2003-10-10",8,"Krujës",11.88
"2003-10-10",9,"Elbasanit",9.89
"2003-10-10",10,"Gramshit",7.84
"2003-10-10",11,"Librazhdit",7.58
"2003-10-10",12,"Peqinit",12.63
"2003-10-10",13,"Fierit",14.04
"2003-10-10",14,"Lushnjës",13.55
"2003-10-10",15,"Mallakastrës",10.92
"2003-10-10",16,"Gjirokastrës",8.96
"2003-10-10",17,"Përmetit",6.85
"2003-10-10",18,"Tepelenës",9
"2003-10-10",19,"Devollit",4.57
"2003-10-10",20,"Kolonjës",4.87
"2003-10-10",21,"Korçës",5.18
"2003-10-10",22,"Pogradecit",6.38
"2003-10-10",23,"Has",8.46
"2003-10-10",24,"Kukësit",5.83
"2003-10-10",25,"Tropojës",4.93
"2003-10-10",26,"Kurbinit",12.57
"2003-10-10",27,"Lezhës",12.87
"2003-10-10",28,"Mirditës",9.13
"2003-10-10",29,"Shkodrës",11.72
"2003-10-10",30,"Malësi e Madhe",6.29
"2003-10-10",31,"Pukës",8.46
"2003-10-10",32,"Shkodrës",9.34
"2003-10-10",33,"Kavajës",14.23
"2003-10-10",34,"Tiranës",10.91
"2003-10-10",35,"Delvinës",12.06
"2003-10-10",36,"Sarandës",12.03
"2003-10-10",37,"Vlorës",12.9
"2003-10-11",1,"Beratit",5.81
"2003-10-11",2,"Kuçovës",5.89
"2003-10-11",3,"Skraparit",2.83
"2003-10-11",4,"Bulqizës",3.24
"2003-10-11",5,"Dibrës",2.03
"2003-10-11",6,"Matit",3.31
"2003-10-11",7,"Durrësit",15.95
"2003-10-11",8,"Krujës",8.02
"2003-10-11",9,"Elbasanit",5.42
"2003-10-11",10,"Gramshit",3.96
"2003-10-11",11,"Librazhdit",4.47
"2003-10-11",12,"Peqinit",9.17
"2003-10-11",13,"Fierit",11.07
"2003-10-11",14,"Lushnjës",10.93
"2003-10-11",15,"Mallakastrës",8.06
"2003-10-11",16,"Gjirokastrës",6.29
"2003-10-11",17,"Përmetit",3.43
"2003-10-11",18,"Tepelenës",6.21
"2003-10-11",19,"Devollit",3.72
"2003-10-11",20,"Kolonjës",2.34
"2003-10-11",21,"Korçës",3.36
"2003-10-11",22,"Pogradecit",4.77
"2003-10-11",23,"Has",3.8
"2003-10-11",24,"Kukësit",2.19
"2003-10-11",25,"Tropojës",2.49
"2003-10-11",26,"Kurbinit",9.01
"2003-10-11",27,"Lezhës",9.58
"2003-10-11",28,"Mirditës",4.36
"2003-10-11",29,"Shkodrës",7.92
"2003-10-11",30,"Malësi e Madhe",5.37
"2003-10-11",31,"Pukës",4.21
"2003-10-11",32,"Shkodrës",6.55
"2003-10-11",33,"Kavajës",12.83
"2003-10-11",34,"Tiranës",6.67
"2003-10-11",35,"Delvinës",10.53
"2003-10-11",36,"Sarandës",11.15
"2003-10-11",37,"Vlorës",11.25
"2003-10-12",1,"Beratit",7.05
"2003-10-12",2,"Kuçovës",6.8
"2003-10-12",3,"Skraparit",5.17
"2003-10-12",4,"Bulqizës",5.58
"2003-10-12",5,"Dibrës",4.73
"2003-10-12",6,"Matit",5.34
"2003-10-12",7,"Durrësit",16.65
"2003-10-12",8,"Krujës",9.3
"2003-10-12",9,"Elbasanit",6.63
"2003-10-12",10,"Gramshit",5.86
"2003-10-12",11,"Librazhdit",6.6
"2003-10-12",12,"Peqinit",9.74
"2003-10-12",13,"Fierit",12.27
"2003-10-12",14,"Lushnjës",11.67
"2003-10-12",15,"Mallakastrës",9.67
"2003-10-12",16,"Gjirokastrës",9.26
"2003-10-12",17,"Përmetit",6.49
"2003-10-12",18,"Tepelenës",8.88
"2003-10-12",19,"Devollit",5.64
"2003-10-12",20,"Kolonjës",5.67
"2003-10-12",21,"Korçës",6.27
"2003-10-12",22,"Pogradecit",7.69
"2003-10-12",23,"Has",7.92
"2003-10-12",24,"Kukësit",7.44
"2003-10-12",25,"Tropojës",5.75
"2003-10-12",26,"Kurbinit",10.32
"2003-10-12",27,"Lezhës",11.04
"2003-10-12",28,"Mirditës",7.18
"2003-10-12",29,"Shkodrës",9.91
"2003-10-12",30,"Malësi e Madhe",7.15
"2003-10-12",31,"Pukës",7.61
"2003-10-12",32,"Shkodrës",8.47
"2003-10-12",33,"Kavajës",13.67
"2003-10-12",34,"Tiranës",7.98
"2003-10-12",35,"Delvinës",13.16
"2003-10-12",36,"Sarandës",12.77
"2003-10-12",37,"Vlorës",13.47
"2003-10-13",1,"Beratit",7.78
"2003-10-13",2,"Kuçovës",7.81
"2003-10-13",3,"Skraparit",5.62
"2003-10-13",4,"Bulqizës",6.83
"2003-10-13",5,"Dibrës",6.14
"2003-10-13",6,"Matit",6.62
"2003-10-13",7,"Durrësit",16.56
"2003-10-13",8,"Krujës",10.25
"2003-10-13",9,"Elbasanit",8.01
"2003-10-13",10,"Gramshit",7
"2003-10-13",11,"Librazhdit",8.04
"2003-10-13",12,"Peqinit",10.84
"2003-10-13",13,"Fierit",13.17
"2003-10-13",14,"Lushnjës",12.63
"2003-10-13",15,"Mallakastrës",9.86
"2003-10-13",16,"Gjirokastrës",8.8
"2003-10-13",17,"Përmetit",6.33
"2003-10-13",18,"Tepelenës",8.35
"2003-10-13",19,"Devollit",7.97
"2003-10-13",20,"Kolonjës",6.03
"2003-10-13",21,"Korçës",7.71
"2003-10-13",22,"Pogradecit",9.24
"2003-10-13",23,"Has",11.01
"2003-10-13",24,"Kukësit",8.46
"2003-10-13",25,"Tropojës",8.73
"2003-10-13",26,"Kurbinit",11.2
"2003-10-13",27,"Lezhës",12.03
"2003-10-13",28,"Mirditës",8.05
"2003-10-13",29,"Shkodrës",11.37
"2003-10-13",30,"Malësi e Madhe",9.23
"2003-10-13",31,"Pukës",8.78
"2003-10-13",32,"Shkodrës",10.29
"2003-10-13",33,"Kavajës",14.2
"2003-10-13",34,"Tiranës",9.14
"2003-10-13",35,"Delvinës",12.64
"2003-10-13",36,"Sarandës",13.69
"2003-10-13",37,"Vlorës",12.77
"2003-10-14",1,"Beratit",9.8
"2003-10-14",2,"Kuçovës",9.77
"2003-10-14",3,"Skraparit",8.22
"2003-10-14",4,"Bulqizës",8.1
"2003-10-14",5,"Dibrës",6.19
"2003-10-14",6,"Matit",8.41
"2003-10-14",7,"Durrësit",17.29
"2003-10-14",8,"Krujës",11.75
"2003-10-14",9,"Elbasanit",10.6
"2003-10-14",10,"Gramshit",9.37
"2003-10-14",11,"Librazhdit",10.08
"2003-10-14",12,"Peqinit",12.49
"2003-10-14",13,"Fierit",14.52
"2003-10-14",14,"Lushnjës",14.15
"2003-10-14",15,"Mallakastrës",11.42
"2003-10-14",16,"Gjirokastrës",11.51
"2003-10-14",17,"Përmetit",9.19
"2003-10-14",18,"Tepelenës",10.88
"2003-10-14",19,"Devollit",9.5
"2003-10-14",20,"Kolonjës",8.51
"2003-10-14",21,"Korçës",9.13
"2003-10-14",22,"Pogradecit",10.18
"2003-10-14",23,"Has",8.22
"2003-10-14",24,"Kukësit",5.8
"2003-10-14",25,"Tropojës",5.75
"2003-10-14",26,"Kurbinit",12.35
"2003-10-14",27,"Lezhës",12.54
"2003-10-14",28,"Mirditës",8.64
"2003-10-14",29,"Shkodrës",11.39
"2003-10-14",30,"Malësi e Madhe",9.07
"2003-10-14",31,"Pukës",7.66
"2003-10-14",32,"Shkodrës",9.95
"2003-10-14",33,"Kavajës",15.58
"2003-10-14",34,"Tiranës",11.26
"2003-10-14",35,"Delvinës",14.55
"2003-10-14",36,"Sarandës",14.45
"2003-10-14",37,"Vlorës",14.44
"2003-10-15",1,"Beratit",12.74
"2003-10-15",2,"Kuçovës",12.83
"2003-10-15",3,"Skraparit",9.83
"2003-10-15",4,"Bulqizës",8.52
"2003-10-15",5,"Dibrës",7.14
"2003-10-15",6,"Matit",9.35
"2003-10-15",7,"Durrësit",17.63
"2003-10-15",8,"Krujës",12.91
"2003-10-15",9,"Elbasanit",11.78
"2003-10-15",10,"Gramshit",10.73
"2003-10-15",11,"Librazhdit",10.43
"2003-10-15",12,"Peqinit",14.84
"2003-10-15",13,"Fierit",17.11
"2003-10-15",14,"Lushnjës",16.19
"2003-10-15",15,"Mallakastrës",14.46
"2003-10-15",16,"Gjirokastrës",12.61
"2003-10-15",17,"Përmetit",9.81
"2003-10-15",18,"Tepelenës",12.68
"2003-10-15",19,"Devollit",8.98
"2003-10-15",20,"Kolonjës",8.22
"2003-10-15",21,"Korçës",9.12
"2003-10-15",22,"Pogradecit",10.51
"2003-10-15",23,"Has",10.45
"2003-10-15",24,"Kukësit",7.34
"2003-10-15",25,"Tropojës",7.55
"2003-10-15",26,"Kurbinit",13.51
"2003-10-15",27,"Lezhës",13.8
"2003-10-15",28,"Mirditës",9.99
"2003-10-15",29,"Shkodrës",12.96
"2003-10-15",30,"Malësi e Madhe",10.47
"2003-10-15",31,"Pukës",9.26
"2003-10-15",32,"Shkodrës",11.45
"2003-10-15",33,"Kavajës",16.56
"2003-10-15",34,"Tiranës",12.32
"2003-10-15",35,"Delvinës",15.51
"2003-10-15",36,"Sarandës",16.02
"2003-10-15",37,"Vlorës",16.56
"2003-10-16",1,"Beratit",12.88
"2003-10-16",2,"Kuçovës",12.97
"2003-10-16",3,"Skraparit",10.92
"2003-10-16",4,"Bulqizës",5.3
"2003-10-16",5,"Dibrës",3.57
"2003-10-16",6,"Matit",7.23
"2003-10-16",7,"Durrësit",14.75
"2003-10-16",8,"Krujës",11.31
"2003-10-16",9,"Elbasanit",10.9
"2003-10-16",10,"Gramshit",10.16
"2003-10-16",11,"Librazhdit",7.56
"2003-10-16",12,"Peqinit",14.02
"2003-10-16",13,"Fierit",15.23
"2003-10-16",14,"Lushnjës",14.85
"2003-10-16",15,"Mallakastrës",13.77
"2003-10-16",16,"Gjirokastrës",13.5
"2003-10-16",17,"Përmetit",11.58
"2003-10-16",18,"Tepelenës",12.94
"2003-10-16",19,"Devollit",7.3
"2003-10-16",20,"Kolonjës",9.65
"2003-10-16",21,"Korçës",7.59
"2003-10-16",22,"Pogradecit",6.98
"2003-10-16",23,"Has",4.35
"2003-10-16",24,"Kukësit",2.46
"2003-10-16",25,"Tropojës",2.91
"2003-10-16",26,"Kurbinit",11.22
"2003-10-16",27,"Lezhës",10.65
"2003-10-16",28,"Mirditës",6.71
"2003-10-16",29,"Shkodrës",9.6
"2003-10-16",30,"Malësi e Madhe",6.65
"2003-10-16",31,"Pukës",5.14
"2003-10-16",32,"Shkodrës",8.03
"2003-10-16",33,"Kavajës",14.8
"2003-10-16",34,"Tiranës",11.23
"2003-10-16",35,"Delvinës",15.01
"2003-10-16",36,"Sarandës",16.07
"2003-10-16",37,"Vlorës",14.96
"2003-10-17",1,"Beratit",11.55
"2003-10-17",2,"Kuçovës",11.68
"2003-10-17",3,"Skraparit",9.43
"2003-10-17",4,"Bulqizës",3.74
"2003-10-17",5,"Dibrës",2.81
"2003-10-17",6,"Matit",6.35
"2003-10-17",7,"Durrësit",14.05
"2003-10-17",8,"Krujës",10.74
"2003-10-17",9,"Elbasanit",9.55
"2003-10-17",10,"Gramshit",8.96
"2003-10-17",11,"Librazhdit",5.99
"2003-10-17",12,"Peqinit",12.82
"2003-10-17",13,"Fierit",13.54
"2003-10-17",14,"Lushnjës",13.56
"2003-10-17",15,"Mallakastrës",12.19
"2003-10-17",16,"Gjirokastrës",12.01
"2003-10-17",17,"Përmetit",9.68
"2003-10-17",18,"Tepelenës",11.57
"2003-10-17",19,"Devollit",5.46
"2003-10-17",20,"Kolonjës",7.45
"2003-10-17",21,"Korçës",6.2
"2003-10-17",22,"Pogradecit",5.68
"2003-10-17",23,"Has",4.43
"2003-10-17",24,"Kukësit",2.12
"2003-10-17",25,"Tropojës",2.66
"2003-10-17",26,"Kurbinit",10.85
"2003-10-17",27,"Lezhës",10.3
"2003-10-17",28,"Mirditës",6.47
"2003-10-17",29,"Shkodrës",8.97
"2003-10-17",30,"Malësi e Madhe",5.88
"2003-10-17",31,"Pukës",4.91
"2003-10-17",32,"Shkodrës",7.28
"2003-10-17",33,"Kavajës",13.74
"2003-10-17",34,"Tiranës",10.2
"2003-10-17",35,"Delvinës",14.1
"2003-10-17",36,"Sarandës",14.73
"2003-10-17",37,"Vlorës",13.47
"2003-10-18",1,"Beratit",10.16
"2003-10-18",2,"Kuçovës",10.46
"2003-10-18",3,"Skraparit",7.4
"2003-10-18",4,"Bulqizës",1.9
"2003-10-18",5,"Dibrës",0.99
"2003-10-18",6,"Matit",4.37
"2003-10-18",7,"Durrësit",12.95
"2003-10-18",8,"Krujës",8.78
"2003-10-18",9,"Elbasanit",8.36
"2003-10-18",10,"Gramshit",7.13
"2003-10-18",11,"Librazhdit",4.29
"2003-10-18",12,"Peqinit",12.16
"2003-10-18",13,"Fierit",13.51
"2003-10-18",14,"Lushnjës",13.03
"2003-10-18",15,"Mallakastrës",11.05
"2003-10-18",16,"Gjirokastrës",10.65
"2003-10-18",17,"Përmetit",7.92
"2003-10-18",18,"Tepelenës",9.58
"2003-10-18",19,"Devollit",4.24
"2003-10-18",20,"Kolonjës",5.84
"2003-10-18",21,"Korçës",4.47
"2003-10-18",22,"Pogradecit",3.83
"2003-10-18",23,"Has",2.93
"2003-10-18",24,"Kukësit",0.68
"2003-10-18",25,"Tropojës",1.16
"2003-10-18",26,"Kurbinit",9.01
"2003-10-18",27,"Lezhës",8.8
"2003-10-18",28,"Mirditës",4.74
"2003-10-18",29,"Shkodrës",7.93
"2003-10-18",30,"Malësi e Madhe",4.78
"2003-10-18",31,"Pukës",3.64
"2003-10-18",32,"Shkodrës",6.21
"2003-10-18",33,"Kavajës",12.89
"2003-10-18",34,"Tiranës",8.72
"2003-10-18",35,"Delvinës",13.5
"2003-10-18",36,"Sarandës",15.39
"2003-10-18",37,"Vlorës",12.89
"2003-10-19",1,"Beratit",10.36
"2003-10-19",2,"Kuçovës",10.47
"2003-10-19",3,"Skraparit",7.67
"2003-10-19",4,"Bulqizës",3.14
"2003-10-19",5,"Dibrës",2.66
"2003-10-19",6,"Matit",5.55
"2003-10-19",7,"Durrësit",14.1
"2003-10-19",8,"Krujës",9.58
"2003-10-19",9,"Elbasanit",8.36
"2003-10-19",10,"Gramshit",7.79
"2003-10-19",11,"Librazhdit",5.19
"2003-10-19",12,"Peqinit",11.81
"2003-10-19",13,"Fierit",12.91
"2003-10-19",14,"Lushnjës",12.68
"2003-10-19",15,"Mallakastrës",11.48
"2003-10-19",16,"Gjirokastrës",10.07
"2003-10-19",17,"Përmetit",7.66
"2003-10-19",18,"Tepelenës",10.14
"2003-10-19",19,"Devollit",4.73
"2003-10-19",20,"Kolonjës",5.79
"2003-10-19",21,"Korçës",5.2
"2003-10-19",22,"Pogradecit",5.25
"2003-10-19",23,"Has",5.26
"2003-10-19",24,"Kukësit",3.19
"2003-10-19",25,"Tropojës",3.65
"2003-10-19",26,"Kurbinit",10.15
"2003-10-19",27,"Lezhës",10.15
"2003-10-19",28,"Mirditës",6.52
"2003-10-19",29,"Shkodrës",8.95
"2003-10-19",30,"Malësi e Madhe",6.49
"2003-10-19",31,"Pukës",5.7
"2003-10-19",32,"Shkodrës",7.71
"2003-10-19",33,"Kavajës",13.03
"2003-10-19",34,"Tiranës",8.76
"2003-10-19",35,"Delvinës",12.43
"2003-10-19",36,"Sarandës",13.46
"2003-10-19",37,"Vlorës",13.4
"2003-10-20",1,"Beratit",12.84
"2003-10-20",2,"Kuçovës",12.92
"2003-10-20",3,"Skraparit",11.31
"2003-10-20",4,"Bulqizës",8.56
"2003-10-20",5,"Dibrës",8.05
"2003-10-20",6,"Matit",10.13
"2003-10-20",7,"Durrësit",17.17
"2003-10-20",8,"Krujës",13.39
"2003-10-20",9,"Elbasanit",11.62
"2003-10-20",10,"Gramshit",11.13
"2003-10-20",11,"Librazhdit",9.92
"2003-10-20",12,"Peqinit",13.81
"2003-10-20",13,"Fierit",15.22
"2003-10-20",14,"Lushnjës",14.73
"2003-10-20",15,"Mallakastrës",13.76
"2003-10-20",16,"Gjirokastrës",13.2
"2003-10-20",17,"Përmetit",11.72
"2003-10-20",18,"Tepelenës",12.72
"2003-10-20",19,"Devollit",9.66
"2003-10-20",20,"Kolonjës",10.79
"2003-10-20",21,"Korçës",9.73
"2003-10-20",22,"Pogradecit",9.71
"2003-10-20",23,"Has",7.29
"2003-10-20",24,"Kukësit",7.32
"2003-10-20",25,"Tropojës",5.97
"2003-10-20",26,"Kurbinit",13.86
"2003-10-20",27,"Lezhës",13.46
"2003-10-20",28,"Mirditës",10.39
"2003-10-20",29,"Shkodrës",11.47
"2003-10-20",30,"Malësi e Madhe",8.97
"2003-10-20",31,"Pukës",8.33
"2003-10-20",32,"Shkodrës",10.08
"2003-10-20",33,"Kavajës",15.35
"2003-10-20",34,"Tiranës",12.21
"2003-10-20",35,"Delvinës",14.79
"2003-10-20",36,"Sarandës",15.81
"2003-10-20",37,"Vlorës",15.35
"2003-10-21",1,"Beratit",16.14
"2003-10-21",2,"Kuçovës",16.3
"2003-10-21",3,"Skraparit",13.63
"2003-10-21",4,"Bulqizës",11.03
"2003-10-21",5,"Dibrës",11.45
"2003-10-21",6,"Matit",13.6
"2003-10-21",7,"Durrësit",19.1
"2003-10-21",8,"Krujës",17.11
"2003-10-21",9,"Elbasanit",14.01
"2003-10-21",10,"Gramshit",13.04
"2003-10-21",11,"Librazhdit",11.01
"2003-10-21",12,"Peqinit",17.56
"2003-10-21",13,"Fierit",19.07
"2003-10-21",14,"Lushnjës",18.53
"2003-10-21",15,"Mallakastrës",17.26
"2003-10-21",16,"Gjirokastrës",14.9
"2003-10-21",17,"Përmetit",13.77
"2003-10-21",18,"Tepelenës",15.45
"2003-10-21",19,"Devollit",11.08
"2003-10-21",20,"Kolonjës",12.47
"2003-10-21",21,"Korçës",11.27
"2003-10-21",22,"Pogradecit",10.61
"2003-10-21",23,"Has",14.69
"2003-10-21",24,"Kukësit",12.46
"2003-10-21",25,"Tropojës",12.62
"2003-10-21",26,"Kurbinit",17.78
"2003-10-21",27,"Lezhës",18
"2003-10-21",28,"Mirditës",15.1
"2003-10-21",29,"Shkodrës",17.34
"2003-10-21",30,"Malësi e Madhe",14.34
"2003-10-21",31,"Pukës",14.57
"2003-10-21",32,"Shkodrës",15.96
"2003-10-21",33,"Kavajës",18.49
"2003-10-21",34,"Tiranës",15.47
"2003-10-21",35,"Delvinës",15.99
"2003-10-21",36,"Sarandës",16.62
"2003-10-21",37,"Vlorës",18.08
"2003-10-22",1,"Beratit",19.16
"2003-10-22",2,"Kuçovës",19.51
"2003-10-22",3,"Skraparit",16.77
"2003-10-22",4,"Bulqizës",14.43
"2003-10-22",5,"Dibrës",14.06
"2003-10-22",6,"Matit",16.7
"2003-10-22",7,"Durrësit",20.68
"2003-10-22",8,"Krujës",19.83
"2003-10-22",9,"Elbasanit",18.26
"2003-10-22",10,"Gramshit",17.12
"2003-10-22",11,"Librazhdit",15.59
"2003-10-22",12,"Peqinit",20.88
"2003-10-22",13,"Fierit",21.47
"2003-10-22",14,"Lushnjës",21.26
"2003-10-22",15,"Mallakastrës",19.53
"2003-10-22",16,"Gjirokastrës",17.35
"2003-10-22",17,"Përmetit",16.42
"2003-10-22",18,"Tepelenës",17.84
"2003-10-22",19,"Devollit",14.82
"2003-10-22",20,"Kolonjës",15.41
"2003-10-22",21,"Korçës",15.09
"2003-10-22",22,"Pogradecit",14.99
"2003-10-22",23,"Has",16.22
"2003-10-22",24,"Kukësit",14.81
"2003-10-22",25,"Tropojës",14.39
"2003-10-22",26,"Kurbinit",20.04
"2003-10-22",27,"Lezhës",19.72
"2003-10-22",28,"Mirditës",17.51
"2003-10-22",29,"Shkodrës",19.02
"2003-10-22",30,"Malësi e Madhe",16.03
"2003-10-22",31,"Pukës",16.82
"2003-10-22",32,"Shkodrës",17.81
"2003-10-22",33,"Kavajës",20.82
"2003-10-22",34,"Tiranës",19
"2003-10-22",35,"Delvinës",17.99
"2003-10-22",36,"Sarandës",19.18
"2003-10-22",37,"Vlorës",19.81
"2003-10-23",1,"Beratit",20.09
"2003-10-23",2,"Kuçovës",20.26
"2003-10-23",3,"Skraparit",17.17
"2003-10-23",4,"Bulqizës",12.91
"2003-10-23",5,"Dibrës",11.81
"2003-10-23",6,"Matit",16.15
"2003-10-23",7,"Durrësit",21.34
"2003-10-23",8,"Krujës",19.89
"2003-10-23",9,"Elbasanit",18.46
"2003-10-23",10,"Gramshit",17.04
"2003-10-23",11,"Librazhdit",14.59
"2003-10-23",12,"Peqinit",21.54
"2003-10-23",13,"Fierit",22.42
"2003-10-23",14,"Lushnjës",22.08
"2003-10-23",15,"Mallakastrës",21.29
"2003-10-23",16,"Gjirokastrës",19.13
"2003-10-23",17,"Përmetit",17.36
"2003-10-23",18,"Tepelenës",19.43
"2003-10-23",19,"Devollit",14.17
"2003-10-23",20,"Kolonjës",15.61
"2003-10-23",21,"Korçës",14.49
"2003-10-23",22,"Pogradecit",14.08
"2003-10-23",23,"Has",14.01
"2003-10-23",24,"Kukësit",12.64
"2003-10-23",25,"Tropojës",13.27
"2003-10-23",26,"Kurbinit",19.51
"2003-10-23",27,"Lezhës",19
"2003-10-23",28,"Mirditës",15.82
"2003-10-23",29,"Shkodrës",18.41
"2003-10-23",30,"Malësi e Madhe",14.63
"2003-10-23",31,"Pukës",15.57
"2003-10-23",32,"Shkodrës",16.68
"2003-10-23",33,"Kavajës",21.5
"2003-10-23",34,"Tiranës",19.24
"2003-10-23",35,"Delvinës",19.88
"2003-10-23",36,"Sarandës",21.01
"2003-10-23",37,"Vlorës",21.22
"2003-10-24",1,"Beratit",17.33
"2003-10-24",2,"Kuçovës",17.6
"2003-10-24",3,"Skraparit",14.52
"2003-10-24",4,"Bulqizës",11.37
"2003-10-24",5,"Dibrës",10.86
"2003-10-24",6,"Matit",13.43
"2003-10-24",7,"Durrësit",19.64
"2003-10-24",8,"Krujës",17.05
"2003-10-24",9,"Elbasanit",15.94
"2003-10-24",10,"Gramshit",14.48
"2003-10-24",11,"Librazhdit",12.84
"2003-10-24",12,"Peqinit",19.26
"2003-10-24",13,"Fierit",20.64
"2003-10-24",14,"Lushnjës",20.04
"2003-10-24",15,"Mallakastrës",18.29
"2003-10-24",16,"Gjirokastrës",15.92
"2003-10-24",17,"Përmetit",14.64
"2003-10-24",18,"Tepelenës",16.38
"2003-10-24",19,"Devollit",12.98
"2003-10-24",20,"Kolonjës",13.47
"2003-10-24",21,"Korçës",12.7
"2003-10-24",22,"Pogradecit",12.27
"2003-10-24",23,"Has",14.76
"2003-10-24",24,"Kukësit",11.88
"2003-10-24",25,"Tropojës",12.52
"2003-10-24",26,"Kurbinit",17.5
"2003-10-24",27,"Lezhës",17.57
"2003-10-24",28,"Mirditës",14.28
"2003-10-24",29,"Shkodrës",16.82
"2003-10-24",30,"Malësi e Madhe",13.72
"2003-10-24",31,"Pukës",13.88
"2003-10-24",32,"Shkodrës",15.51
"2003-10-24",33,"Kavajës",19.58
"2003-10-24",34,"Tiranës",16.52
"2003-10-24",35,"Delvinës",16.88
"2003-10-24",36,"Sarandës",18.07
"2003-10-24",37,"Vlorës",19.02
"2003-10-25",1,"Beratit",12.71
"2003-10-25",2,"Kuçovës",13.03
"2003-10-25",3,"Skraparit",10.19
"2003-10-25",4,"Bulqizës",8.29
"2003-10-25",5,"Dibrës",7.57
"2003-10-25",6,"Matit",9.98
"2003-10-25",7,"Durrësit",15.99
"2003-10-25",8,"Krujës",13.45
"2003-10-25",9,"Elbasanit",11.99
"2003-10-25",10,"Gramshit",10.73
"2003-10-25",11,"Librazhdit",9.4
"2003-10-25",12,"Peqinit",14.7
"2003-10-25",13,"Fierit",15.19
"2003-10-25",14,"Lushnjës",15.23
"2003-10-25",15,"Mallakastrës",13.14
"2003-10-25",16,"Gjirokastrës",11.28
"2003-10-25",17,"Përmetit",9.73
"2003-10-25",18,"Tepelenës",11.57
"2003-10-25",19,"Devollit",8.13
"2003-10-25",20,"Kolonjës",8.4
"2003-10-25",21,"Korçës",8.44
"2003-10-25",22,"Pogradecit",8.75
"2003-10-25",23,"Has",9.19
"2003-10-25",24,"Kukësit",7.84
"2003-10-25",25,"Tropojës",6.31
"2003-10-25",26,"Kurbinit",13.7
"2003-10-25",27,"Lezhës",13.34
"2003-10-25",28,"Mirditës",10.42
"2003-10-25",29,"Shkodrës",12.03
"2003-10-25",30,"Malësi e Madhe",8.6
"2003-10-25",31,"Pukës",9.07
"2003-10-25",32,"Shkodrës",10.5
"2003-10-25",33,"Kavajës",15.43
"2003-10-25",34,"Tiranës",12.78
"2003-10-25",35,"Delvinës",12.91
"2003-10-25",36,"Sarandës",13.62
"2003-10-25",37,"Vlorës",14.16
"2003-10-26",1,"Beratit",6.93
"2003-10-26",2,"Kuçovës",7.27
"2003-10-26",3,"Skraparit",4.64
"2003-10-26",4,"Bulqizës",2.76
"2003-10-26",5,"Dibrës",1.9
"2003-10-26",6,"Matit",4.2
"2003-10-26",7,"Durrësit",14.33
"2003-10-26",8,"Krujës",8.08
"2003-10-26",9,"Elbasanit",5.96
"2003-10-26",10,"Gramshit",4.55
"2003-10-26",11,"Librazhdit",3.65
"2003-10-26",12,"Peqinit",9.2
"2003-10-26",13,"Fierit",10.11
"2003-10-26",14,"Lushnjës",10.33
"2003-10-26",15,"Mallakastrës",7.29
"2003-10-26",16,"Gjirokastrës",7.81
"2003-10-26",17,"Përmetit",5.19
"2003-10-26",18,"Tepelenës",6.38
"2003-10-26",19,"Devollit",1.97
"2003-10-26",20,"Kolonjës",3.09
"2003-10-26",21,"Korçës",2.4
"2003-10-26",22,"Pogradecit",2.78
"2003-10-26",23,"Has",3.83
"2003-10-26",24,"Kukësit",2.13
"2003-10-26",25,"Tropojës",1.84
"2003-10-26",26,"Kurbinit",9.16
"2003-10-26",27,"Lezhës",9.84
"2003-10-26",28,"Mirditës",5.19
"2003-10-26",29,"Shkodrës",8.49
"2003-10-26",30,"Malësi e Madhe",5.68
"2003-10-26",31,"Pukës",4.33
"2003-10-26",32,"Shkodrës",7.02
"2003-10-26",33,"Kavajës",11.85
"2003-10-26",34,"Tiranës",6.78
"2003-10-26",35,"Delvinës",10.54
"2003-10-26",36,"Sarandës",11.31
"2003-10-26",37,"Vlorës",9.92
"2003-10-27",1,"Beratit",6.16
"2003-10-27",2,"Kuçovës",6.25
"2003-10-27",3,"Skraparit",3.66
"2003-10-27",4,"Bulqizës",0.81
"2003-10-27",5,"Dibrës",-0.2
"2003-10-27",6,"Matit",2.84
"2003-10-27",7,"Durrësit",12.98
"2003-10-27",8,"Krujës",7.69
"2003-10-27",9,"Elbasanit",5.05
"2003-10-27",10,"Gramshit",3.58
"2003-10-27",11,"Librazhdit",2.18
"2003-10-27",12,"Peqinit",8.5
"2003-10-27",13,"Fierit",10.46
"2003-10-27",14,"Lushnjës",9.82
"2003-10-27",15,"Mallakastrës",7.91
"2003-10-27",16,"Gjirokastrës",7.22
"2003-10-27",17,"Përmetit",4.72
"2003-10-27",18,"Tepelenës",6.46
"2003-10-27",19,"Devollit",0.56
"2003-10-27",20,"Kolonjës",2.48
"2003-10-27",21,"Korçës",1.38
"2003-10-27",22,"Pogradecit",1.57
"2003-10-27",23,"Has",1.75
"2003-10-27",24,"Kukësit",0.31
"2003-10-27",25,"Tropojës",0.5
"2003-10-27",26,"Kurbinit",8.04
"2003-10-27",27,"Lezhës",7.96
"2003-10-27",28,"Mirditës",3.35
"2003-10-27",29,"Shkodrës",6.41
"2003-10-27",30,"Malësi e Madhe",3.94
"2003-10-27",31,"Pukës",2.49
"2003-10-27",32,"Shkodrës",4.94
"2003-10-27",33,"Kavajës",10.89
"2003-10-27",34,"Tiranës",6.44
"2003-10-27",35,"Delvinës",10.42
"2003-10-27",36,"Sarandës",10.4
"2003-10-27",37,"Vlorës",10.39
"2003-10-28",1,"Beratit",12.03
"2003-10-28",2,"Kuçovës",12.22
"2003-10-28",3,"Skraparit",10.04
"2003-10-28",4,"Bulqizës",5.33
"2003-10-28",5,"Dibrës",2.39
"2003-10-28",6,"Matit",7.1
"2003-10-28",7,"Durrësit",14.01
"2003-10-28",8,"Krujës",11.51
"2003-10-28",9,"Elbasanit",11.44
"2003-10-28",10,"Gramshit",10.45
"2003-10-28",11,"Librazhdit",8.7
"2003-10-28",12,"Peqinit",13.61
"2003-10-28",13,"Fierit",14.63
"2003-10-28",14,"Lushnjës",14.38
"2003-10-28",15,"Mallakastrës",12.69
"2003-10-28",16,"Gjirokastrës",11.73
"2003-10-28",17,"Përmetit",10.11
"2003-10-28",18,"Tepelenës",11.58
"2003-10-28",19,"Devollit",8.18
"2003-10-28",20,"Kolonjës",8.98
"2003-10-28",21,"Korçës",8.58
"2003-10-28",22,"Pogradecit",8.35
"2003-10-28",23,"Has",2.91
"2003-10-28",24,"Kukësit",0.95
"2003-10-28",25,"Tropojës",0.99
"2003-10-28",26,"Kurbinit",11.08
"2003-10-28",27,"Lezhës",10
"2003-10-28",28,"Mirditës",6.04
"2003-10-28",29,"Shkodrës",8.72
"2003-10-28",30,"Malësi e Madhe",4.29
"2003-10-28",31,"Pukës",4.24
"2003-10-28",32,"Shkodrës",6.76
"2003-10-28",33,"Kavajës",14.35
"2003-10-28",34,"Tiranës",11.51
"2003-10-28",35,"Delvinës",13.05
"2003-10-28",36,"Sarandës",14.11
"2003-10-28",37,"Vlorës",13.79
"2003-10-29",1,"Beratit",7.4
"2003-10-29",2,"Kuçovës",7.53
"2003-10-29",3,"Skraparit",5.17
"2003-10-29",4,"Bulqizës",0.61
"2003-10-29",5,"Dibrës",-0.85
"2003-10-29",6,"Matit",2.99
"2003-10-29",7,"Durrësit",13.07
"2003-10-29",8,"Krujës",8
"2003-10-29",9,"Elbasanit",5.86
"2003-10-29",10,"Gramshit",4.58
"2003-10-29",11,"Librazhdit",2.33
"2003-10-29",12,"Peqinit",9.49
"2003-10-29",13,"Fierit",10.89
"2003-10-29",14,"Lushnjës",10.64
"2003-10-29",15,"Mallakastrës",8.62
"2003-10-29",16,"Gjirokastrës",8.94
"2003-10-29",17,"Përmetit",6.25
"2003-10-29",18,"Tepelenës",7.87
"2003-10-29",19,"Devollit",2.86
"2003-10-29",20,"Kolonjës",3.98
"2003-10-29",21,"Korçës",2.71
"2003-10-29",22,"Pogradecit",1.87
"2003-10-29",23,"Has",0.71
"2003-10-29",24,"Kukësit",-1.44
"2003-10-29",25,"Tropojës",-2.53
"2003-10-29",26,"Kurbinit",8.25
"2003-10-29",27,"Lezhës",7.78
"2003-10-29",28,"Mirditës",3.1
"2003-10-29",29,"Shkodrës",6.21
"2003-10-29",30,"Malësi e Madhe",3.46
"2003-10-29",31,"Pukës",1.46
"2003-10-29",32,"Shkodrës",4.54
"2003-10-29",33,"Kavajës",11.57
"2003-10-29",34,"Tiranës",7.02
"2003-10-29",35,"Delvinës",11.7
"2003-10-29",36,"Sarandës",12.52
"2003-10-29",37,"Vlorës",11.25
"2003-10-30",1,"Beratit",11.65
"2003-10-30",2,"Kuçovës",11.96
"2003-10-30",3,"Skraparit",8.89
"2003-10-30",4,"Bulqizës",6.07
"2003-10-30",5,"Dibrës",5.63
"2003-10-30",6,"Matit",8.85
"2003-10-30",7,"Durrësit",15.9
"2003-10-30",8,"Krujës",12.87
"2003-10-30",9,"Elbasanit",10.48
"2003-10-30",10,"Gramshit",9.2
"2003-10-30",11,"Librazhdit",7.38
"2003-10-30",12,"Peqinit",13.71
"2003-10-30",13,"Fierit",14.57
"2003-10-30",14,"Lushnjës",14.46
"2003-10-30",15,"Mallakastrës",12.47
"2003-10-30",16,"Gjirokastrës",10.43
"2003-10-30",17,"Përmetit",8.81
"2003-10-30",18,"Tepelenës",10.63
"2003-10-30",19,"Devollit",5.69
"2003-10-30",20,"Kolonjës",7.13
"2003-10-30",21,"Korçës",6.48
"2003-10-30",22,"Pogradecit",6.71
"2003-10-30",23,"Has",7.49
"2003-10-30",24,"Kukësit",5.91
"2003-10-30",25,"Tropojës",6.19
"2003-10-30",26,"Kurbinit",13.54
"2003-10-30",27,"Lezhës",13.6
"2003-10-30",28,"Mirditës",9.79
"2003-10-30",29,"Shkodrës",12.41
"2003-10-30",30,"Malësi e Madhe",9.99
"2003-10-30",31,"Pukës",8.69
"2003-10-30",32,"Shkodrës",11.14
"2003-10-30",33,"Kavajës",14.77
"2003-10-30",34,"Tiranës",11.52
"2003-10-30",35,"Delvinës",11.97
"2003-10-30",36,"Sarandës",13.08
"2003-10-30",37,"Vlorës",13.51
"2003-10-31",1,"Beratit",12.82
"2003-10-31",2,"Kuçovës",12.95
"2003-10-31",3,"Skraparit",11.69
"2003-10-31",4,"Bulqizës",8.31
"2003-10-31",5,"Dibrës",7.33
"2003-10-31",6,"Matit",9
"2003-10-31",7,"Durrësit",16.07
"2003-10-31",8,"Krujës",11.66
"2003-10-31",9,"Elbasanit",11.46
"2003-10-31",10,"Gramshit",11.27
"2003-10-31",11,"Librazhdit",9.68
"2003-10-31",12,"Peqinit",13.69
"2003-10-31",13,"Fierit",15.46
"2003-10-31",14,"Lushnjës",15
"2003-10-31",15,"Mallakastrës",13.27
"2003-10-31",16,"Gjirokastrës",13.35
"2003-10-31",17,"Përmetit",12.06
"2003-10-31",18,"Tepelenës",12.58
"2003-10-31",19,"Devollit",10.75
"2003-10-31",20,"Kolonjës",11.35
"2003-10-31",21,"Korçës",10.57
"2003-10-31",22,"Pogradecit",9.96
"2003-10-31",23,"Has",10.24
"2003-10-31",24,"Kukësit",7.84
"2003-10-31",25,"Tropojës",7.2
"2003-10-31",26,"Kurbinit",12.49
"2003-10-31",27,"Lezhës",12.65
"2003-10-31",28,"Mirditës",9.72
"2003-10-31",29,"Shkodrës",11.12
"2003-10-31",30,"Malësi e Madhe",8.25
"2003-10-31",31,"Pukës",9
"2003-10-31",32,"Shkodrës",9.75
"2003-10-31",33,"Kavajës",15.38
"2003-10-31",34,"Tiranës",11.44
"2003-10-31",35,"Delvinës",14.61
"2003-10-31",36,"Sarandës",15.57
"2003-10-31",37,"Vlorës",14.5
"2003-11-01",1,"Beratit",12.35
"2003-11-01",2,"Kuçovës",12.5
"2003-11-01",3,"Skraparit",8.84
"2003-11-01",4,"Bulqizës",6.84
"2003-11-01",5,"Dibrës",6.07
"2003-11-01",6,"Matit",8.94
"2003-11-01",7,"Durrësit",17.01
"2003-11-01",8,"Krujës",13.78
"2003-11-01",9,"Elbasanit",10.5
"2003-11-01",10,"Gramshit",9.12
"2003-11-01",11,"Librazhdit",7.76
"2003-11-01",12,"Peqinit",14.55
"2003-11-01",13,"Fierit",15.79
"2003-11-01",14,"Lushnjës",15.35
"2003-11-01",15,"Mallakastrës",13.79
"2003-11-01",16,"Gjirokastrës",11.06
"2003-11-01",17,"Përmetit",8.5
"2003-11-01",18,"Tepelenës",11.66
"2003-11-01",19,"Devollit",4.62
"2003-11-01",20,"Kolonjës",6.15
"2003-11-01",21,"Korçës",5.78
"2003-11-01",22,"Pogradecit",6.76
"2003-11-01",23,"Has",9.41
"2003-11-01",24,"Kukësit",6.81
"2003-11-01",25,"Tropojës",8.4
"2003-11-01",26,"Kurbinit",13.93
"2003-11-01",27,"Lezhës",13.75
"2003-11-01",28,"Mirditës",9.75
"2003-11-01",29,"Shkodrës",12.96
"2003-11-01",30,"Malësi e Madhe",10.5
"2003-11-01",31,"Pukës",9.64
"2003-11-01",32,"Shkodrës",11.86
"2003-11-01",33,"Kavajës",15.76
"2003-11-01",34,"Tiranës",12.29
"2003-11-01",35,"Delvinës",13.15
"2003-11-01",36,"Sarandës",14.56
"2003-11-01",37,"Vlorës",15.11
"2003-11-02",1,"Beratit",17.86
"2003-11-02",2,"Kuçovës",18.34
"2003-11-02",3,"Skraparit",13.83
"2003-11-02",4,"Bulqizës",12.87
"2003-11-02",5,"Dibrës",13.14
"2003-11-02",6,"Matit",16.33
"2003-11-02",7,"Durrësit",21
"2003-11-02",8,"Krujës",20.49
"2003-11-02",9,"Elbasanit",17.56
"2003-11-02",10,"Gramshit",15.27
"2003-11-02",11,"Librazhdit",13.85
"2003-11-02",12,"Peqinit",20.71
"2003-11-02",13,"Fierit",21.05
"2003-11-02",14,"Lushnjës",20.85
"2003-11-02",15,"Mallakastrës",18.76
"2003-11-02",16,"Gjirokastrës",14.48
"2003-11-02",17,"Përmetit",12.59
"2003-11-02",18,"Tepelenës",15.81
"2003-11-02",19,"Devollit",10.1
"2003-11-02",20,"Kolonjës",10.76
"2003-11-02",21,"Korçës",11.04
"2003-11-02",22,"Pogradecit",12.19
"2003-11-02",23,"Has",14.45
"2003-11-02",24,"Kukësit",13.57
"2003-11-02",25,"Tropojës",13.52
"2003-11-02",26,"Kurbinit",20.19
"2003-11-02",27,"Lezhës",19.14
"2003-11-02",28,"Mirditës",16.78
"2003-11-02",29,"Shkodrës",17.95
"2003-11-02",30,"Malësi e Madhe",15.59
"2003-11-02",31,"Pukës",15.37
"2003-11-02",32,"Shkodrës",16.81
"2003-11-02",33,"Kavajës",20.71
"2003-11-02",34,"Tiranës",19.2
"2003-11-02",35,"Delvinës",16.69
"2003-11-02",36,"Sarandës",17.64
"2003-11-02",37,"Vlorës",19.33
"2003-11-03",1,"Beratit",16.32
"2003-11-03",2,"Kuçovës",16.56
"2003-11-03",3,"Skraparit",14.6
"2003-11-03",4,"Bulqizës",11.36
"2003-11-03",5,"Dibrës",11.05
"2003-11-03",6,"Matit",13.22
"2003-11-03",7,"Durrësit",17.65
"2003-11-03",8,"Krujës",15.97
"2003-11-03",9,"Elbasanit",15.64
"2003-11-03",10,"Gramshit",14.75
"2003-11-03",11,"Librazhdit",13.29
"2003-11-03",12,"Peqinit",17.5
"2003-11-03",13,"Fierit",17.6
"2003-11-03",14,"Lushnjës",17.73
"2003-11-03",15,"Mallakastrës",16.31
"2003-11-03",16,"Gjirokastrës",15.64
"2003-11-03",17,"Përmetit",14.27
"2003-11-03",18,"Tepelenës",15.73
"2003-11-03",19,"Devollit",12.24
"2003-11-03",20,"Kolonjës",12.81
"2003-11-03",21,"Korçës",12.65
"2003-11-03",22,"Pogradecit",12.69
"2003-11-03",23,"Has",12.97
"2003-11-03",24,"Kukësit",11.35
"2003-11-03",25,"Tropojës",11.75
"2003-11-03",26,"Kurbinit",16.34
"2003-11-03",27,"Lezhës",16.42
"2003-11-03",28,"Mirditës",13.9
"2003-11-03",29,"Shkodrës",15.86
"2003-11-03",30,"Malësi e Madhe",13.16
"2003-11-03",31,"Pukës",13.45
"2003-11-03",32,"Shkodrës",14.69
"2003-11-03",33,"Kavajës",17.57
"2003-11-03",34,"Tiranës",15.8
"2003-11-03",35,"Delvinës",16.81
"2003-11-03",36,"Sarandës",17.31
"2003-11-03",37,"Vlorës",16.99
"2003-11-04",1,"Beratit",13.48
"2003-11-04",2,"Kuçovës",13.8
"2003-11-04",3,"Skraparit",12.12
"2003-11-04",4,"Bulqizës",10.54
"2003-11-04",5,"Dibrës",9.71
"2003-11-04",6,"Matit",11.35
"2003-11-04",7,"Durrësit",17.47
"2003-11-04",8,"Krujës",13.74
"2003-11-04",9,"Elbasanit",13.46
"2003-11-04",10,"Gramshit",12.67
"2003-11-04",11,"Librazhdit",11.85
"2003-11-04",12,"Peqinit",15.25
"2003-11-04",13,"Fierit",15.49
"2003-11-04",14,"Lushnjës",16.03
"2003-11-04",15,"Mallakastrës",13.42
"2003-11-04",16,"Gjirokastrës",12.97
"2003-11-04",17,"Përmetit",11.98
"2003-11-04",18,"Tepelenës",12.64
"2003-11-04",19,"Devollit",11.51
"2003-11-04",20,"Kolonjës",11.38
"2003-11-04",21,"Korçës",11.52
"2003-11-04",22,"Pogradecit",11.59
"2003-11-04",23,"Has",11.16
"2003-11-04",24,"Kukësit",9.72
"2003-11-04",25,"Tropojës",9.43
"2003-11-04",26,"Kurbinit",14.12
"2003-11-04",27,"Lezhës",14.13
"2003-11-04",28,"Mirditës",11.62
"2003-11-04",29,"Shkodrës",12.99
"2003-11-04",30,"Malësi e Madhe",11
"2003-11-04",31,"Pukës",11.14
"2003-11-04",32,"Shkodrës",12.01
"2003-11-04",33,"Kavajës",16.65
"2003-11-04",34,"Tiranës",13.58
"2003-11-04",35,"Delvinës",14.56
"2003-11-04",36,"Sarandës",14.88
"2003-11-04",37,"Vlorës",14.45
"2003-11-05",1,"Beratit",14.81
"2003-11-05",2,"Kuçovës",15.13
"2003-11-05",3,"Skraparit",12.25
"2003-11-05",4,"Bulqizës",8.2
"2003-11-05",5,"Dibrës",7.13
"2003-11-05",6,"Matit",10.6
"2003-11-05",7,"Durrësit",17.35
"2003-11-05",8,"Krujës",14.74
"2003-11-05",9,"Elbasanit",13.67
"2003-11-05",10,"Gramshit",12.2
"2003-11-05",11,"Librazhdit",10.07
"2003-11-05",12,"Peqinit",16.98
"2003-11-05",13,"Fierit",17.69
"2003-11-05",14,"Lushnjës",17.56
"2003-11-05",15,"Mallakastrës",15.42
"2003-11-05",16,"Gjirokastrës",14.61
"2003-11-05",17,"Përmetit",12.6
"2003-11-05",18,"Tepelenës",14.16
"2003-11-05",19,"Devollit",9.79
"2003-11-05",20,"Kolonjës",10.82
"2003-11-05",21,"Korçës",9.8
"2003-11-05",22,"Pogradecit",9.3
"2003-11-05",23,"Has",8.39
"2003-11-05",24,"Kukësit",6.54
"2003-11-05",25,"Tropojës",6.77
"2003-11-05",26,"Kurbinit",15
"2003-11-05",27,"Lezhës",14.65
"2003-11-05",28,"Mirditës",10.78
"2003-11-05",29,"Shkodrës",13.62
"2003-11-05",30,"Malësi e Madhe",9.84
"2003-11-05",31,"Pukës",9.3
"2003-11-05",32,"Shkodrës",11.82
"2003-11-05",33,"Kavajës",17.49
"2003-11-05",34,"Tiranës",14.43
"2003-11-05",35,"Delvinës",16.7
"2003-11-05",36,"Sarandës",17.39
"2003-11-05",37,"Vlorës",16.55
"2003-11-06",1,"Beratit",9.67
"2003-11-06",2,"Kuçovës",9.88
"2003-11-06",3,"Skraparit",6.94
"2003-11-06",4,"Bulqizës",2.32
"2003-11-06",5,"Dibrës",2.1
"2003-11-06",6,"Matit",4.75
"2003-11-06",7,"Durrësit",13.28
"2003-11-06",8,"Krujës",8.11
"2003-11-06",9,"Elbasanit",8.06
"2003-11-06",10,"Gramshit",6.69
"2003-11-06",11,"Librazhdit",4.3
"2003-11-06",12,"Peqinit",11.76
"2003-11-06",13,"Fierit",13.39
"2003-11-06",14,"Lushnjës",12.87
"2003-11-06",15,"Mallakastrës",10.92
"2003-11-06",16,"Gjirokastrës",10.57
"2003-11-06",17,"Përmetit",7.81
"2003-11-06",18,"Tepelenës",9.44
"2003-11-06",19,"Devollit",4.87
"2003-11-06",20,"Kolonjës",6.11
"2003-11-06",21,"Korçës",4.59
"2003-11-06",22,"Pogradecit",3.75
"2003-11-06",23,"Has",5.36
"2003-11-06",24,"Kukësit",2.86
"2003-11-06",25,"Tropojës",3.13
"2003-11-06",26,"Kurbinit",9.55
"2003-11-06",27,"Lezhës",10.54
"2003-11-06",28,"Mirditës",6.39
"2003-11-06",29,"Shkodrës",9.87
"2003-11-06",30,"Malësi e Madhe",6.02
"2003-11-06",31,"Pukës",5.71
"2003-11-06",32,"Shkodrës",7.94
"2003-11-06",33,"Kavajës",12.92
"2003-11-06",34,"Tiranës",8.28
"2003-11-06",35,"Delvinës",13.16
"2003-11-06",36,"Sarandës",14.41
"2003-11-06",37,"Vlorës",13.18
"2003-11-07",1,"Beratit",8.83
"2003-11-07",2,"Kuçovës",9.05
"2003-11-07",3,"Skraparit",5.8
"2003-11-07",4,"Bulqizës",3.11
"2003-11-07",5,"Dibrës",2.78
"2003-11-07",6,"Matit",4.76
"2003-11-07",7,"Durrësit",12.61
"2003-11-07",8,"Krujës",7.94
"2003-11-07",9,"Elbasanit",7.49
"2003-11-07",10,"Gramshit",6.11
"2003-11-07",11,"Librazhdit",4.42
"2003-11-07",12,"Peqinit",10.96
"2003-11-07",13,"Fierit",12.64
"2003-11-07",14,"Lushnjës",11.92
"2003-11-07",15,"Mallakastrës",10.16
"2003-11-07",16,"Gjirokastrës",8.09
"2003-11-07",17,"Përmetit",5.77
"2003-11-07",18,"Tepelenës",8.03
"2003-11-07",19,"Devollit",3.58
"2003-11-07",20,"Kolonjës",4.04
"2003-11-07",21,"Korçës",3.71
"2003-11-07",22,"Pogradecit",3.69
"2003-11-07",23,"Has",4.09
"2003-11-07",24,"Kukësit",2.43
"2003-11-07",25,"Tropojës",2.42
"2003-11-07",26,"Kurbinit",8.81
"2003-11-07",27,"Lezhës",9.28
"2003-11-07",28,"Mirditës",5.62
"2003-11-07",29,"Shkodrës",8.62
"2003-11-07",30,"Malësi e Madhe",5.32
"2003-11-07",31,"Pukës",4.66
"2003-11-07",32,"Shkodrës",6.89
"2003-11-07",33,"Kavajës",12.03
"2003-11-07",34,"Tiranës",7.97
"2003-11-07",35,"Delvinës",10.26
"2003-11-07",36,"Sarandës",11.58
"2003-11-07",37,"Vlorës",11.58
"2003-11-08",1,"Beratit",7.88
"2003-11-08",2,"Kuçovës",7.95
"2003-11-08",3,"Skraparit",4.81
"2003-11-08",4,"Bulqizës",1.14
"2003-11-08",5,"Dibrës",0.79
"2003-11-08",6,"Matit",3.91
"2003-11-08",7,"Durrësit",14.3
"2003-11-08",8,"Krujës",8.63
"2003-11-08",9,"Elbasanit",6.41
"2003-11-08",10,"Gramshit",4.57
"2003-11-08",11,"Librazhdit",2.48
"2003-11-08",12,"Peqinit",10.42
"2003-11-08",13,"Fierit",11.83
"2003-11-08",14,"Lushnjës",11.58
"2003-11-08",15,"Mallakastrës",9.71
"2003-11-08",16,"Gjirokastrës",8.27
"2003-11-08",17,"Përmetit",5.59
"2003-11-08",18,"Tepelenës",8.22
"2003-11-08",19,"Devollit",3.12
"2003-11-08",20,"Kolonjës",3.39
"2003-11-08",21,"Korçës",2.4
"2003-11-08",22,"Pogradecit",1.89
"2003-11-08",23,"Has",2.77
"2003-11-08",24,"Kukësit",0.78
"2003-11-08",25,"Tropojës",0.61
"2003-11-08",26,"Kurbinit",9.19
"2003-11-08",27,"Lezhës",9.04
"2003-11-08",28,"Mirditës",4.6
"2003-11-08",29,"Shkodrës",7.33
"2003-11-08",30,"Malësi e Madhe",4.45
"2003-11-08",31,"Pukës",3.12
"2003-11-08",32,"Shkodrës",5.74
"2003-11-08",33,"Kavajës",12.58
"2003-11-08",34,"Tiranës",7.7
"2003-11-08",35,"Delvinës",11.07
"2003-11-08",36,"Sarandës",12.31
"2003-11-08",37,"Vlorës",11.95
"2003-11-09",1,"Beratit",4.56
"2003-11-09",2,"Kuçovës",4.4
"2003-11-09",3,"Skraparit",1.13
"2003-11-09",4,"Bulqizës",1.62
"2003-11-09",5,"Dibrës",0.12
"2003-11-09",6,"Matit",2.11
"2003-11-09",7,"Durrësit",14.42
"2003-11-09",8,"Krujës",6.49
"2003-11-09",9,"Elbasanit",4.07
"2003-11-09",10,"Gramshit",2.43
"2003-11-09",11,"Librazhdit",2.9
"2003-11-09",12,"Peqinit",7.82
"2003-11-09",13,"Fierit",10.76
"2003-11-09",14,"Lushnjës",10.35
"2003-11-09",15,"Mallakastrës",7.26
"2003-11-09",16,"Gjirokastrës",4.63
"2003-11-09",17,"Përmetit",1.27
"2003-11-09",18,"Tepelenës",5.46
"2003-11-09",19,"Devollit",2.57
"2003-11-09",20,"Kolonjës",0.35
"2003-11-09",21,"Korçës",1.76
"2003-11-09",22,"Pogradecit",2.85
"2003-11-09",23,"Has",4.19
"2003-11-09",24,"Kukësit",1.88
"2003-11-09",25,"Tropojës",1.71
"2003-11-09",26,"Kurbinit",7.51
"2003-11-09",27,"Lezhës",7.94
"2003-11-09",28,"Mirditës",3.23
"2003-11-09",29,"Shkodrës",6.45
"2003-11-09",30,"Malësi e Madhe",4.27
"2003-11-09",31,"Pukës",3
"2003-11-09",32,"Shkodrës",5.35
"2003-11-09",33,"Kavajës",12.27
"2003-11-09",34,"Tiranës",5.41
"2003-11-09",35,"Delvinës",8.95
"2003-11-09",36,"Sarandës",10.15
"2003-11-09",37,"Vlorës",10.65
"2003-11-10",1,"Beratit",6.83
"2003-11-10",2,"Kuçovës",6.94
"2003-11-10",3,"Skraparit",3.57
"2003-11-10",4,"Bulqizës",1.64
"2003-11-10",5,"Dibrës",1.16
"2003-11-10",6,"Matit",4.17
"2003-11-10",7,"Durrësit",13.9
"2003-11-10",8,"Krujës",8.34
"2003-11-10",9,"Elbasanit",6.75
"2003-11-10",10,"Gramshit",4.73
"2003-11-10",11,"Librazhdit",3.6
"2003-11-10",12,"Peqinit",9.76
"2003-11-10",13,"Fierit",11.67
"2003-11-10",14,"Lushnjës",11.05
"2003-11-10",15,"Mallakastrës",8.75
"2003-11-10",16,"Gjirokastrës",5.62
"2003-11-10",17,"Përmetit",3.12
"2003-11-10",18,"Tepelenës",6.3
"2003-11-10",19,"Devollit",2.52
"2003-11-10",20,"Kolonjës",2.04
"2003-11-10",21,"Korçës",2.52
"2003-11-10",22,"Pogradecit",2.93
"2003-11-10",23,"Has",3.23
"2003-11-10",24,"Kukësit",1.21
"2003-11-10",25,"Tropojës",2.14
"2003-11-10",26,"Kurbinit",9.02
"2003-11-10",27,"Lezhës",9.25
"2003-11-10",28,"Mirditës",5.09
"2003-11-10",29,"Shkodrës",8.27
"2003-11-10",30,"Malësi e Madhe",5.53
"2003-11-10",31,"Pukës",4.25
"2003-11-10",32,"Shkodrës",6.75
"2003-11-10",33,"Kavajës",12.24
"2003-11-10",34,"Tiranës",7.8
"2003-11-10",35,"Delvinës",9.62
"2003-11-10",36,"Sarandës",11.47
"2003-11-10",37,"Vlorës",11.58
"2003-11-11",1,"Beratit",7.48
"2003-11-11",2,"Kuçovës",7.56
"2003-11-11",3,"Skraparit",3.16
"2003-11-11",4,"Bulqizës",-0.72
"2003-11-11",5,"Dibrës",-0.99
"2003-11-11",6,"Matit",2.04
"2003-11-11",7,"Durrësit",11.15
"2003-11-11",8,"Krujës",6.43
"2003-11-11",9,"Elbasanit",5.68
"2003-11-11",10,"Gramshit",3.52
"2003-11-11",11,"Librazhdit",1.11
"2003-11-11",12,"Peqinit",9.82
"2003-11-11",13,"Fierit",11.47
"2003-11-11",14,"Lushnjës",10.83
"2003-11-11",15,"Mallakastrës",9.63
"2003-11-11",16,"Gjirokastrës",5.51
"2003-11-11",17,"Përmetit",2.55
"2003-11-11",18,"Tepelenës",7.16
"2003-11-11",19,"Devollit",-1.27
"2003-11-11",20,"Kolonjës",-0.48
"2003-11-11",21,"Korçës",-0.55
"2003-11-11",22,"Pogradecit",-0.26
"2003-11-11",23,"Has",0.32
"2003-11-11",24,"Kukësit",-1
"2003-11-11",25,"Tropojës",-0.01
"2003-11-11",26,"Kurbinit",7.09
"2003-11-11",27,"Lezhës",7.36
"2003-11-11",28,"Mirditës",3.08
"2003-11-11",29,"Shkodrës",6.76
"2003-11-11",30,"Malësi e Madhe",3.87
"2003-11-11",31,"Pukës",2.3
"2003-11-11",32,"Shkodrës",4.99
"2003-11-11",33,"Kavajës",10.78
"2003-11-11",34,"Tiranës",6.33
"2003-11-11",35,"Delvinës",8.43
"2003-11-11",36,"Sarandës",9.22
"2003-11-11",37,"Vlorës",11.18
"2003-11-12",1,"Beratit",6.55
"2003-11-12",2,"Kuçovës",6.92
"2003-11-12",3,"Skraparit",3.25
"2003-11-12",4,"Bulqizës",-0.11
"2003-11-12",5,"Dibrës",-0.77
"2003-11-12",6,"Matit",2.47
"2003-11-12",7,"Durrësit",11.14
"2003-11-12",8,"Krujës",7.34
"2003-11-12",9,"Elbasanit",5.27
"2003-11-12",10,"Gramshit",3.68
"2003-11-12",11,"Librazhdit",1.54
"2003-11-12",12,"Peqinit",9.19
"2003-11-12",13,"Fierit",9.74
"2003-11-12",14,"Lushnjës",9.86
"2003-11-12",15,"Mallakastrës",7.4
"2003-11-12",16,"Gjirokastrës",5.27
"2003-11-12",17,"Përmetit",3.17
"2003-11-12",18,"Tepelenës",5.46
"2003-11-12",19,"Devollit",0.41
"2003-11-12",20,"Kolonjës",1.28
"2003-11-12",21,"Korçës",0.86
"2003-11-12",22,"Pogradecit",0.85
"2003-11-12",23,"Has",-0.21
"2003-11-12",24,"Kukësit",-1.6
"2003-11-12",25,"Tropojës",-2.58
"2003-11-12",26,"Kurbinit",7.29
"2003-11-12",27,"Lezhës",6.28
"2003-11-12",28,"Mirditës",2.33
"2003-11-12",29,"Shkodrës",4.11
"2003-11-12",30,"Malësi e Madhe",0.45
"2003-11-12",31,"Pukës",-0.04
"2003-11-12",32,"Shkodrës",2.06
"2003-11-12",33,"Kavajës",10.16
"2003-11-12",34,"Tiranës",6.35
"2003-11-12",35,"Delvinës",7.38
"2003-11-12",36,"Sarandës",8.04
"2003-11-12",37,"Vlorës",8.81
"2003-11-13",1,"Beratit",7.06
"2003-11-13",2,"Kuçovës",7.38
"2003-11-13",3,"Skraparit",3.89
"2003-11-13",4,"Bulqizës",2.44
"2003-11-13",5,"Dibrës",2.2
"2003-11-13",6,"Matit",5.08
"2003-11-13",7,"Durrësit",12.11
"2003-11-13",8,"Krujës",9.09
"2003-11-13",9,"Elbasanit",6.72
"2003-11-13",10,"Gramshit",4.9
"2003-11-13",11,"Librazhdit",3.77
"2003-11-13",12,"Peqinit",9.76
"2003-11-13",13,"Fierit",9.9
"2003-11-13",14,"Lushnjës",10.26
"2003-11-13",15,"Mallakastrës",7.88
"2003-11-13",16,"Gjirokastrës",5.66
"2003-11-13",17,"Përmetit",3.5
"2003-11-13",18,"Tepelenës",6.07
"2003-11-13",19,"Devollit",0.89
"2003-11-13",20,"Kolonjës",1.57
"2003-11-13",21,"Korçës",1.66
"2003-11-13",22,"Pogradecit",2.65
"2003-11-13",23,"Has",3.89
"2003-11-13",24,"Kukësit",2.4
"2003-11-13",25,"Tropojës",1.83
"2003-11-13",26,"Kurbinit",9.63
"2003-11-13",27,"Lezhës",9.51
"2003-11-13",28,"Mirditës",5.86
"2003-11-13",29,"Shkodrës",8.01
"2003-11-13",30,"Malësi e Madhe",4.55
"2003-11-13",31,"Pukës",4.44
"2003-11-13",32,"Shkodrës",6.26
"2003-11-13",33,"Kavajës",10.91
"2003-11-13",34,"Tiranës",7.96
"2003-11-13",35,"Delvinës",7.97
"2003-11-13",36,"Sarandës",8.85
"2003-11-13",37,"Vlorës",9.41
"2003-11-14",1,"Beratit",6.99
"2003-11-14",2,"Kuçovës",7.21
"2003-11-14",3,"Skraparit",4.6
"2003-11-14",4,"Bulqizës",3.66
"2003-11-14",5,"Dibrës",3.28
"2003-11-14",6,"Matit",5.13
"2003-11-14",7,"Durrësit",13.51
"2003-11-14",8,"Krujës",8.67
"2003-11-14",9,"Elbasanit",6.86
"2003-11-14",10,"Gramshit",5.35
"2003-11-14",11,"Librazhdit",4.69
"2003-11-14",12,"Peqinit",9.43
"2003-11-14",13,"Fierit",9.64
"2003-11-14",14,"Lushnjës",10.24
"2003-11-14",15,"Mallakastrës",7.81
"2003-11-14",16,"Gjirokastrës",6.26
"2003-11-14",17,"Përmetit",4.42
"2003-11-14",18,"Tepelenës",6.37
"2003-11-14",19,"Devollit",2.59
"2003-11-14",20,"Kolonjës",2.93
"2003-11-14",21,"Korçës",2.75
"2003-11-14",22,"Pogradecit",3.65
"2003-11-14",23,"Has",5.08
"2003-11-14",24,"Kukësit",3.4
"2003-11-14",25,"Tropojës",2.39
"2003-11-14",26,"Kurbinit",9.33
"2003-11-14",27,"Lezhës",9.23
"2003-11-14",28,"Mirditës",5.91
"2003-11-14",29,"Shkodrës",7.45
"2003-11-14",30,"Malësi e Madhe",4.03
"2003-11-14",31,"Pukës",4.68
"2003-11-14",32,"Shkodrës",5.78
"2003-11-14",33,"Kavajës",11.54
"2003-11-14",34,"Tiranës",7.84
"2003-11-14",35,"Delvinës",8.98
"2003-11-14",36,"Sarandës",10.05
"2003-11-14",37,"Vlorës",10.15
"2003-11-15",1,"Beratit",6.62
"2003-11-15",2,"Kuçovës",6.76
"2003-11-15",3,"Skraparit",4.05
"2003-11-15",4,"Bulqizës",4.17
"2003-11-15",5,"Dibrës",3.57
"2003-11-15",6,"Matit",4.64
"2003-11-15",7,"Durrësit",13.8
"2003-11-15",8,"Krujës",8.26
"2003-11-15",9,"Elbasanit",5.96
"2003-11-15",10,"Gramshit",4.24
"2003-11-15",11,"Librazhdit",4.42
"2003-11-15",12,"Peqinit",9.31
"2003-11-15",13,"Fierit",10.79
"2003-11-15",14,"Lushnjës",10.48
"2003-11-15",15,"Mallakastrës",8.39
"2003-11-15",16,"Gjirokastrës",6.71
"2003-11-15",17,"Përmetit",4.92
"2003-11-15",18,"Tepelenës",6.64
"2003-11-15",19,"Devollit",3.69
"2003-11-15",20,"Kolonjës",3.48
"2003-11-15",21,"Korçës",2.99
"2003-11-15",22,"Pogradecit",3.29
"2003-11-15",23,"Has",4.11
"2003-11-15",24,"Kukësit",3.5
"2003-11-15",25,"Tropojës",2.65
"2003-11-15",26,"Kurbinit",9.09
"2003-11-15",27,"Lezhës",9.3
"2003-11-15",28,"Mirditës",5.66
"2003-11-15",29,"Shkodrës",7.74
"2003-11-15",30,"Malësi e Madhe",5.86
"2003-11-15",31,"Pukës",4.62
"2003-11-15",32,"Shkodrës",6.5
"2003-11-15",33,"Kavajës",11.52
"2003-11-15",34,"Tiranës",7.16
"2003-11-15",35,"Delvinës",9.31
"2003-11-15",36,"Sarandës",10.46
"2003-11-15",37,"Vlorës",10.78
"2003-11-16",1,"Beratit",6.93
"2003-11-16",2,"Kuçovës",7.01
"2003-11-16",3,"Skraparit",4.7
"2003-11-16",4,"Bulqizës",5.02
"2003-11-16",5,"Dibrës",3.99
"2003-11-16",6,"Matit",6.04
"2003-11-16",7,"Durrësit",13.58
"2003-11-16",8,"Krujës",9.91
"2003-11-16",9,"Elbasanit",6.84
"2003-11-16",10,"Gramshit",5.38
"2003-11-16",11,"Librazhdit",5.79
"2003-11-16",12,"Peqinit",10.16
"2003-11-16",13,"Fierit",11.59
"2003-11-16",14,"Lushnjës",11.19
"2003-11-16",15,"Mallakastrës",8.72
"2003-11-16",16,"Gjirokastrës",8.06
"2003-11-16",17,"Përmetit",6.16
"2003-11-16",18,"Tepelenës",7.63
"2003-11-16",19,"Devollit",3.53
"2003-11-16",20,"Kolonjës",4.67
"2003-11-16",21,"Korçës",4.71
"2003-11-16",22,"Pogradecit",6.04
"2003-11-16",23,"Has",4.75
"2003-11-16",24,"Kukësit",3.68
"2003-11-16",25,"Tropojës",3.33
"2003-11-16",26,"Kurbinit",10.41
"2003-11-16",27,"Lezhës",10.25
"2003-11-16",28,"Mirditës",6.82
"2003-11-16",29,"Shkodrës",8.83
"2003-11-16",30,"Malësi e Madhe",6.08
"2003-11-16",31,"Pukës",5.83
"2003-11-16",32,"Shkodrës",7.37
"2003-11-16",33,"Kavajës",12.23
"2003-11-16",34,"Tiranës",8.66
"2003-11-16",35,"Delvinës",10.7
"2003-11-16",36,"Sarandës",10.33
"2003-11-16",37,"Vlorës",11.08
"2003-11-17",1,"Beratit",5.7
"2003-11-17",2,"Kuçovës",5.61
"2003-11-17",3,"Skraparit",3.31
"2003-11-17",4,"Bulqizës",4
"2003-11-17",5,"Dibrës",2.89
"2003-11-17",6,"Matit",4.07
"2003-11-17",7,"Durrësit",14.41
"2003-11-17",8,"Krujës",8.16
"2003-11-17",9,"Elbasanit",5.19
"2003-11-17",10,"Gramshit",3.99
"2003-11-17",11,"Librazhdit",4.67
"2003-11-17",12,"Peqinit",8.49
"2003-11-17",13,"Fierit",10.63
"2003-11-17",14,"Lushnjës",10.03
"2003-11-17",15,"Mallakastrës",8.21
"2003-11-17",16,"Gjirokastrës",6.65
"2003-11-17",17,"Përmetit",4.17
"2003-11-17",18,"Tepelenës",6.63
"2003-11-17",19,"Devollit",1.93
"2003-11-17",20,"Kolonjës",2.69
"2003-11-17",21,"Korçës",3.25
"2003-11-17",22,"Pogradecit",4.8
"2003-11-17",23,"Has",4.88
"2003-11-17",24,"Kukësit",3.16
"2003-11-17",25,"Tropojës",4.2
"2003-11-17",26,"Kurbinit",8.84
"2003-11-17",27,"Lezhës",9.12
"2003-11-17",28,"Mirditës",5.22
"2003-11-17",29,"Shkodrës",8.02
"2003-11-17",30,"Malësi e Madhe",6.55
"2003-11-17",31,"Pukës",5.47
"2003-11-17",32,"Shkodrës",7.12
"2003-11-17",33,"Kavajës",11.59
"2003-11-17",34,"Tiranës",6.81
"2003-11-17",35,"Delvinës",10.08
"2003-11-17",36,"Sarandës",10.38
"2003-11-17",37,"Vlorës",11.07
"2003-11-18",1,"Beratit",10.61
"2003-11-18",2,"Kuçovës",10.69
"2003-11-18",3,"Skraparit",7.89
"2003-11-18",4,"Bulqizës",6.6
"2003-11-18",5,"Dibrës",6.77
"2003-11-18",6,"Matit",9.03
"2003-11-18",7,"Durrësit",15.6
"2003-11-18",8,"Krujës",12.62
"2003-11-18",9,"Elbasanit",9.48
"2003-11-18",10,"Gramshit",8.03
"2003-11-18",11,"Librazhdit",6.92
"2003-11-18",12,"Peqinit",12.6
"2003-11-18",13,"Fierit",14.44
"2003-11-18",14,"Lushnjës",13.67
"2003-11-18",15,"Mallakastrës",12.27
"2003-11-18",16,"Gjirokastrës",9.62
"2003-11-18",17,"Përmetit",7.96
"2003-11-18",18,"Tepelenës",10.14
"2003-11-18",19,"Devollit",5.97
"2003-11-18",20,"Kolonjës",6.76
"2003-11-18",21,"Korçës",6.19
"2003-11-18",22,"Pogradecit",6.35
"2003-11-18",23,"Has",9.78
"2003-11-18",24,"Kukësit",7.62
"2003-11-18",25,"Tropojës",8.54
"2003-11-18",26,"Kurbinit",13.2
"2003-11-18",27,"Lezhës",13.29
"2003-11-18",28,"Mirditës",10.15
"2003-11-18",29,"Shkodrës",12.18
"2003-11-18",30,"Malësi e Madhe",9.86
"2003-11-18",31,"Pukës",9.75
"2003-11-18",32,"Shkodrës",11.15
"2003-11-18",33,"Kavajës",14.24
"2003-11-18",34,"Tiranës",11.19
"2003-11-18",35,"Delvinës",11.67
"2003-11-18",36,"Sarandës",12.69
"2003-11-18",37,"Vlorës",13.92
"2003-11-19",1,"Beratit",9.87
"2003-11-19",2,"Kuçovës",10.21
"2003-11-19",3,"Skraparit",7
"2003-11-19",4,"Bulqizës",7.81
"2003-11-19",5,"Dibrës",6.47
"2003-11-19",6,"Matit",8.7
"2003-11-19",7,"Durrësit",15.67
"2003-11-19",8,"Krujës",11.95
"2003-11-19",9,"Elbasanit",10.5
"2003-11-19",10,"Gramshit",8.64
"2003-11-19",11,"Librazhdit",8.75
"2003-11-19",12,"Peqinit",12.7
"2003-11-19",13,"Fierit",13.17
"2003-11-19",14,"Lushnjës",13.34
"2003-11-19",15,"Mallakastrës",10.49
"2003-11-19",16,"Gjirokastrës",7.66
"2003-11-19",17,"Përmetit",5.93
"2003-11-19",18,"Tepelenës",8.49
"2003-11-19",19,"Devollit",5.5
"2003-11-19",20,"Kolonjës",4.83
"2003-11-19",21,"Korçës",6.13
"2003-11-19",22,"Pogradecit",7.56
"2003-11-19",23,"Has",4.47
"2003-11-19",24,"Kukësit",5.22
"2003-11-19",25,"Tropojës",1.77
"2003-11-19",26,"Kurbinit",11.75
"2003-11-19",27,"Lezhës",10.36
"2003-11-19",28,"Mirditës",7.83
"2003-11-19",29,"Shkodrës",7.59
"2003-11-19",30,"Malësi e Madhe",3.87
"2003-11-19",31,"Pukës",4.91
"2003-11-19",32,"Shkodrës",5.86
"2003-11-19",33,"Kavajës",14.34
"2003-11-19",34,"Tiranës",11.47
"2003-11-19",35,"Delvinës",10.05
"2003-11-19",36,"Sarandës",11.14
"2003-11-19",37,"Vlorës",12.06
"2003-11-20",1,"Beratit",5.25
"2003-11-20",2,"Kuçovës",5.28
"2003-11-20",3,"Skraparit",2.99
"2003-11-20",4,"Bulqizës",2.37
"2003-11-20",5,"Dibrës",3.16
"2003-11-20",6,"Matit",3.96
"2003-11-20",7,"Durrësit",14.01
"2003-11-20",8,"Krujës",8.02
"2003-11-20",9,"Elbasanit",5
"2003-11-20",10,"Gramshit",3.49
"2003-11-20",11,"Librazhdit",3.51
"2003-11-20",12,"Peqinit",8.24
"2003-11-20",13,"Fierit",10.39
"2003-11-20",14,"Lushnjës",10.07
"2003-11-20",15,"Mallakastrës",6.97
"2003-11-20",16,"Gjirokastrës",6.41
"2003-11-20",17,"Përmetit",3.82
"2003-11-20",18,"Tepelenës",5.87
"2003-11-20",19,"Devollit",1.82
"2003-11-20",20,"Kolonjës",2.77
"2003-11-20",21,"Korçës",2.18
"2003-11-20",22,"Pogradecit",3.41
"2003-11-20",23,"Has",3.89
"2003-11-20",24,"Kukësit",3.76
"2003-11-20",25,"Tropojës",2.61
"2003-11-20",26,"Kurbinit",8.77
"2003-11-20",27,"Lezhës",9.81
"2003-11-20",28,"Mirditës",5.59
"2003-11-20",29,"Shkodrës",9.91
"2003-11-20",30,"Malësi e Madhe",5.74
"2003-11-20",31,"Pukës",5.74
"2003-11-20",32,"Shkodrës",7.66
"2003-11-20",33,"Kavajës",11.93
"2003-11-20",34,"Tiranës",6.81
"2003-11-20",35,"Delvinës",9.96
"2003-11-20",36,"Sarandës",10.4
"2003-11-20",37,"Vlorës",10
"2003-11-21",1,"Beratit",4.11
"2003-11-21",2,"Kuçovës",3.95
"2003-11-21",3,"Skraparit",2.06
"2003-11-21",4,"Bulqizës",1.64
"2003-11-21",5,"Dibrës",2.38
"2003-11-21",6,"Matit",2.91
"2003-11-21",7,"Durrësit",13.72
"2003-11-21",8,"Krujës",7.01
"2003-11-21",9,"Elbasanit",3.55
"2003-11-21",10,"Gramshit",2.41
"2003-11-21",11,"Librazhdit",2.42
"2003-11-21",12,"Peqinit",6.63
"2003-11-21",13,"Fierit",9.5
"2003-11-21",14,"Lushnjës",9.05
"2003-11-21",15,"Mallakastrës",6.22
"2003-11-21",16,"Gjirokastrës",4.72
"2003-11-21",17,"Përmetit",2.53
"2003-11-21",18,"Tepelenës",5.12
"2003-11-21",19,"Devollit",4.5
"2003-11-21",20,"Kolonjës",2.57
"2003-11-21",21,"Korçës",3
"2003-11-21",22,"Pogradecit",3.12
"2003-11-21",23,"Has",2.65
"2003-11-21",24,"Kukësit",2.3
"2003-11-21",25,"Tropojës",3.19
"2003-11-21",26,"Kurbinit",7.88
"2003-11-21",27,"Lezhës",8.33
"2003-11-21",28,"Mirditës",3.85
"2003-11-21",29,"Shkodrës",6.67
"2003-11-21",30,"Malësi e Madhe",4.79
"2003-11-21",31,"Pukës",3.24
"2003-11-21",32,"Shkodrës",5.73
"2003-11-21",33,"Kavajës",11.14
"2003-11-21",34,"Tiranës",5.39
"2003-11-21",35,"Delvinës",8.05
"2003-11-21",36,"Sarandës",9.13
"2003-11-21",37,"Vlorës",9.53
"2003-11-22",1,"Beratit",6.88
"2003-11-22",2,"Kuçovës",6.61
"2003-11-22",3,"Skraparit",5.67
"2003-11-22",4,"Bulqizës",4.78
"2003-11-22",5,"Dibrës",4.07
"2003-11-22",6,"Matit",4.63
"2003-11-22",7,"Durrësit",13.96
"2003-11-22",8,"Krujës",8.41
"2003-11-22",9,"Elbasanit",6.2
"2003-11-22",10,"Gramshit",6
"2003-11-22",11,"Librazhdit",6.1
"2003-11-22",12,"Peqinit",8.58
"2003-11-22",13,"Fierit",11.58
"2003-11-22",14,"Lushnjës",10.6
"2003-11-22",15,"Mallakastrës",9.07
"2003-11-22",16,"Gjirokastrës",8.79
"2003-11-22",17,"Përmetit",6.54
"2003-11-22",18,"Tepelenës",8.54
"2003-11-22",19,"Devollit",5.73
"2003-11-22",20,"Kolonjës",5.76
"2003-11-22",21,"Korçës",6.44
"2003-11-22",22,"Pogradecit",7.25
"2003-11-22",23,"Has",4.18
"2003-11-22",24,"Kukësit",4.02
"2003-11-22",25,"Tropojës",3.27
"2003-11-22",26,"Kurbinit",8.98
"2003-11-22",27,"Lezhës",8.93
"2003-11-22",28,"Mirditës",5.74
"2003-11-22",29,"Shkodrës",7.09
"2003-11-22",30,"Malësi e Madhe",6.08
"2003-11-22",31,"Pukës",5.37
"2003-11-22",32,"Shkodrës",6.15
"2003-11-22",33,"Kavajës",11.97
"2003-11-22",34,"Tiranës",7.3
"2003-11-22",35,"Delvinës",11.29
"2003-11-22",36,"Sarandës",11.68
"2003-11-22",37,"Vlorës",11.94
"2003-11-23",1,"Beratit",7.75
"2003-11-23",2,"Kuçovës",7.63
"2003-11-23",3,"Skraparit",5.7
"2003-11-23",4,"Bulqizës",3.32
"2003-11-23",5,"Dibrës",3.1
"2003-11-23",6,"Matit",4.81
"2003-11-23",7,"Durrësit",14.81
"2003-11-23",8,"Krujës",9.28
"2003-11-23",9,"Elbasanit",6.74
"2003-11-23",10,"Gramshit",5.88
"2003-11-23",11,"Librazhdit",5.56
"2003-11-23",12,"Peqinit",10.02
"2003-11-23",13,"Fierit",12.62
"2003-11-23",14,"Lushnjës",11.66
"2003-11-23",15,"Mallakastrës",10.31
"2003-11-23",16,"Gjirokastrës",8.96
"2003-11-23",17,"Përmetit",7.01
"2003-11-23",18,"Tepelenës",8.78
"2003-11-23",19,"Devollit",3.43
"2003-11-23",20,"Kolonjës",5.51
"2003-11-23",21,"Korçës",5.11
"2003-11-23",22,"Pogradecit",6.5
"2003-11-23",23,"Has",3.99
"2003-11-23",24,"Kukësit",3.26
"2003-11-23",25,"Tropojës",2.23
"2003-11-23",26,"Kurbinit",9.8
"2003-11-23",27,"Lezhës",9.42
"2003-11-23",28,"Mirditës",5.89
"2003-11-23",29,"Shkodrës",7.46
"2003-11-23",30,"Malësi e Madhe",4.2
"2003-11-23",31,"Pukës",4.62
"2003-11-23",32,"Shkodrës",5.91
"2003-11-23",33,"Kavajës",12.66
"2003-11-23",34,"Tiranës",7.95
"2003-11-23",35,"Delvinës",11.71
"2003-11-23",36,"Sarandës",11.76
"2003-11-23",37,"Vlorës",12.65
"2003-11-24",1,"Beratit",7.11
"2003-11-24",2,"Kuçovës",7.14
"2003-11-24",3,"Skraparit",3.96
"2003-11-24",4,"Bulqizës",2.73
"2003-11-24",5,"Dibrës",2.31
"2003-11-24",6,"Matit",4.84
"2003-11-24",7,"Durrësit",15.3
"2003-11-24",8,"Krujës",9.42
"2003-11-24",9,"Elbasanit",6.03
"2003-11-24",10,"Gramshit",4.56
"2003-11-24",11,"Librazhdit",4.06
"2003-11-24",12,"Peqinit",9.71
"2003-11-24",13,"Fierit",12.07
"2003-11-24",14,"Lushnjës",11.35
"2003-11-24",15,"Mallakastrës",9.29
"2003-11-24",16,"Gjirokastrës",5.95
"2003-11-24",17,"Përmetit",3.83
"2003-11-24",18,"Tepelenës",6.72
"2003-11-24",19,"Devollit",2.52
"2003-11-24",20,"Kolonjës",2.64
"2003-11-24",21,"Korçës",2.95
"2003-11-24",22,"Pogradecit",4.18
"2003-11-24",23,"Has",4.03
"2003-11-24",24,"Kukësit",3.16
"2003-11-24",25,"Tropojës",3.09
"2003-11-24",26,"Kurbinit",9.88
"2003-11-24",27,"Lezhës",9.7
"2003-11-24",28,"Mirditës",5.64
"2003-11-24",29,"Shkodrës",8.05
"2003-11-24",30,"Malësi e Madhe",5.94
"2003-11-24",31,"Pukës",4.72
"2003-11-24",32,"Shkodrës",6.87
"2003-11-24",33,"Kavajës",12.7
"2003-11-24",34,"Tiranës",7.83
"2003-11-24",35,"Delvinës",9.19
"2003-11-24",36,"Sarandës",10.14
"2003-11-24",37,"Vlorës",11.69
"2003-11-25",1,"Beratit",10.31
"2003-11-25",2,"Kuçovës",10.36
"2003-11-25",3,"Skraparit",7.86
"2003-11-25",4,"Bulqizës",7.88
"2003-11-25",5,"Dibrës",7.28
"2003-11-25",6,"Matit",9.23
"2003-11-25",7,"Durrësit",16.26
"2003-11-25",8,"Krujës",12.99
"2003-11-25",9,"Elbasanit",9.89
"2003-11-25",10,"Gramshit",8.43
"2003-11-25",11,"Librazhdit",8.34
"2003-11-25",12,"Peqinit",12.43
"2003-11-25",13,"Fierit",14.51
"2003-11-25",14,"Lushnjës",13.67
"2003-11-25",15,"Mallakastrës",12.25
"2003-11-25",16,"Gjirokastrës",9.27
"2003-11-25",17,"Përmetit",7.52
"2003-11-25",18,"Tepelenës",10.2
"2003-11-25",19,"Devollit",4.85
"2003-11-25",20,"Kolonjës",5.64
"2003-11-25",21,"Korçës",6.56
"2003-11-25",22,"Pogradecit",7.71
"2003-11-25",23,"Has",7.99
"2003-11-25",24,"Kukësit",7.05
"2003-11-25",25,"Tropojës",7.62
"2003-11-25",26,"Kurbinit",13.22
"2003-11-25",27,"Lezhës",13.17
"2003-11-25",28,"Mirditës",9.97
"2003-11-25",29,"Shkodrës",12.58
"2003-11-25",30,"Malësi e Madhe",10.09
"2003-11-25",31,"Pukës",9.59
"2003-11-25",32,"Shkodrës",11.31
"2003-11-25",33,"Kavajës",14.57
"2003-11-25",34,"Tiranës",11.55
"2003-11-25",35,"Delvinës",11.74
"2003-11-25",36,"Sarandës",12.15
"2003-11-25",37,"Vlorës",13.98
"2003-11-26",1,"Beratit",12.13
"2003-11-26",2,"Kuçovës",12.13
"2003-11-26",3,"Skraparit",8.29
"2003-11-26",4,"Bulqizës",5.51
"2003-11-26",5,"Dibrës",5.13
"2003-11-26",6,"Matit",8.08
"2003-11-26",7,"Durrësit",17
"2003-11-26",8,"Krujës",13.16
"2003-11-26",9,"Elbasanit",10.35
"2003-11-26",10,"Gramshit",8.69
"2003-11-26",11,"Librazhdit",6.89
"2003-11-26",12,"Peqinit",14.13
"2003-11-26",13,"Fierit",15.94
"2003-11-26",14,"Lushnjës",15.25
"2003-11-26",15,"Mallakastrës",14.27
"2003-11-26",16,"Gjirokastrës",9.48
"2003-11-26",17,"Përmetit",7.27
"2003-11-26",18,"Tepelenës",11.61
"2003-11-26",19,"Devollit",4.12
"2003-11-26",20,"Kolonjës",4.78
"2003-11-26",21,"Korçës",4.95
"2003-11-26",22,"Pogradecit",5.83
"2003-11-26",23,"Has",7.85
"2003-11-26",24,"Kukësit",6.11
"2003-11-26",25,"Tropojës",8.79
"2003-11-26",26,"Kurbinit",13.03
"2003-11-26",27,"Lezhës",12.66
"2003-11-26",28,"Mirditës",8.67
"2003-11-26",29,"Shkodrës",12.02
"2003-11-26",30,"Malësi e Madhe",11.4
"2003-11-26",31,"Pukës",9.24
"2003-11-26",32,"Shkodrës",11.79
"2003-11-26",33,"Kavajës",15.73
"2003-11-26",34,"Tiranës",11.96
"2003-11-26",35,"Delvinës",11.89
"2003-11-26",36,"Sarandës",13.24
"2003-11-26",37,"Vlorës",15.53
"2003-11-27",1,"Beratit",11.61
"2003-11-27",2,"Kuçovës",11.81
"2003-11-27",3,"Skraparit",8.2
"2003-11-27",4,"Bulqizës",7.1
"2003-11-27",5,"Dibrës",6.93
"2003-11-27",6,"Matit",9.78
"2003-11-27",7,"Durrësit",16.77
"2003-11-27",8,"Krujës",14
"2003-11-27",9,"Elbasanit",11.2
"2003-11-27",10,"Gramshit",9.07
"2003-11-27",11,"Librazhdit",8.09
"2003-11-27",12,"Peqinit",14.5
"2003-11-27",13,"Fierit",14.53
"2003-11-27",14,"Lushnjës",14.86
"2003-11-27",15,"Mallakastrës",12.78
"2003-11-27",16,"Gjirokastrës",10.01
"2003-11-27",17,"Përmetit",7.66
"2003-11-27",18,"Tepelenës",10.81
"2003-11-27",19,"Devollit",5.69
"2003-11-27",20,"Kolonjës",5.81
"2003-11-27",21,"Korçës",6.03
"2003-11-27",22,"Pogradecit",6.76
"2003-11-27",23,"Has",8.83
"2003-11-27",24,"Kukësit",7.53
"2003-11-27",25,"Tropojës",8.23
"2003-11-27",26,"Kurbinit",14.17
"2003-11-27",27,"Lezhës",13.97
"2003-11-27",28,"Mirditës",10.55
"2003-11-27",29,"Shkodrës",13.07
"2003-11-27",30,"Malësi e Madhe",10.26
"2003-11-27",31,"Pukës",10.03
"2003-11-27",32,"Shkodrës",11.82
"2003-11-27",33,"Kavajës",15.58
"2003-11-27",34,"Tiranës",13.01
"2003-11-27",35,"Delvinës",12.33
"2003-11-27",36,"Sarandës",13.84
"2003-11-27",37,"Vlorës",14.14
"2003-11-28",1,"Beratit",12.6
"2003-11-28",2,"Kuçovës",12.77
"2003-11-28",3,"Skraparit",10.19
"2003-11-28",4,"Bulqizës",6.98
"2003-11-28",5,"Dibrës",7.22
"2003-11-28",6,"Matit",9.18
"2003-11-28",7,"Durrësit",16.04
"2003-11-28",8,"Krujës",12.93
"2003-11-28",9,"Elbasanit",10.86
"2003-11-28",10,"Gramshit",9.94
"2003-11-28",11,"Librazhdit",7.9
"2003-11-28",12,"Peqinit",14.12
"2003-11-28",13,"Fierit",14.94
"2003-11-28",14,"Lushnjës",14.86
"2003-11-28",15,"Mallakastrës",13.48
"2003-11-28",16,"Gjirokastrës",11.35
"2003-11-28",17,"Përmetit",10.03
"2003-11-28",18,"Tepelenës",11.88
"2003-11-28",19,"Devollit",7.49
"2003-11-28",20,"Kolonjës",8.42
"2003-11-28",21,"Korçës",7.73
"2003-11-28",22,"Pogradecit",7.47
"2003-11-28",23,"Has",9.58
"2003-11-28",24,"Kukësit",7.68
"2003-11-28",25,"Tropojës",8.15
"2003-11-28",26,"Kurbinit",12.98
"2003-11-28",27,"Lezhës",12.96
"2003-11-28",28,"Mirditës",9.84
"2003-11-28",29,"Shkodrës",12.48
"2003-11-28",30,"Malësi e Madhe",10.21
"2003-11-28",31,"Pukës",9.54
"2003-11-28",32,"Shkodrës",11.39
"2003-11-28",33,"Kavajës",15.07
"2003-11-28",34,"Tiranës",11.97
"2003-11-28",35,"Delvinës",12.34
"2003-11-28",36,"Sarandës",12.95
"2003-11-28",37,"Vlorës",13.98
"2003-11-29",1,"Beratit",8.68
"2003-11-29",2,"Kuçovës",8.88
"2003-11-29",3,"Skraparit",7.32
"2003-11-29",4,"Bulqizës",4.93
"2003-11-29",5,"Dibrës",3.83
"2003-11-29",6,"Matit",6.01
"2003-11-29",7,"Durrësit",13.03
"2003-11-29",8,"Krujës",9.55
"2003-11-29",9,"Elbasanit",7.42
"2003-11-29",10,"Gramshit",7.17
"2003-11-29",11,"Librazhdit",6.08
"2003-11-29",12,"Peqinit",10.42
"2003-11-29",13,"Fierit",11
"2003-11-29",14,"Lushnjës",11.19
"2003-11-29",15,"Mallakastrës",9.17
"2003-11-29",16,"Gjirokastrës",8.88
"2003-11-29",17,"Përmetit",7.74
"2003-11-29",18,"Tepelenës",8.16
"2003-11-29",19,"Devollit",7.04
"2003-11-29",20,"Kolonjës",7.3
"2003-11-29",21,"Korçës",6.85
"2003-11-29",22,"Pogradecit",6.79
"2003-11-29",23,"Has",6.38
"2003-11-29",24,"Kukësit",4.54
"2003-11-29",25,"Tropojës",4.97
"2003-11-29",26,"Kurbinit",9.72
"2003-11-29",27,"Lezhës",10.12
"2003-11-29",28,"Mirditës",6.7
"2003-11-29",29,"Shkodrës",10.26
"2003-11-29",30,"Malësi e Madhe",7.27
"2003-11-29",31,"Pukës",6.92
"2003-11-29",32,"Shkodrës",8.84
"2003-11-29",33,"Kavajës",11.94
"2003-11-29",34,"Tiranës",8.6
"2003-11-29",35,"Delvinës",10.31
"2003-11-29",36,"Sarandës",11.59
"2003-11-29",37,"Vlorës",10.57
"2003-11-30",1,"Beratit",7.24
"2003-11-30",2,"Kuçovës",7.3
"2003-11-30",3,"Skraparit",5.41
"2003-11-30",4,"Bulqizës",4.91
"2003-11-30",5,"Dibrës",3.45
"2003-11-30",6,"Matit",4.39
"2003-11-30",7,"Durrësit",11.9
"2003-11-30",8,"Krujës",7.76
"2003-11-30",9,"Elbasanit",6.55
"2003-11-30",10,"Gramshit",5.8
"2003-11-30",11,"Librazhdit",5.95
"2003-11-30",12,"Peqinit",8.87
"2003-11-30",13,"Fierit",10.23
"2003-11-30",14,"Lushnjës",9.86
"2003-11-30",15,"Mallakastrës",8.62
"2003-11-30",16,"Gjirokastrës",7.76
"2003-11-30",17,"Përmetit",5.91
"2003-11-30",18,"Tepelenës",7.43
"2003-11-30",19,"Devollit",4.59
"2003-11-30",20,"Kolonjës",4.59
"2003-11-30",21,"Korçës",4.98
"2003-11-30",22,"Pogradecit",5.91
"2003-11-30",23,"Has",6.11
"2003-11-30",24,"Kukësit",3.5
"2003-11-30",25,"Tropojës",4.21
"2003-11-30",26,"Kurbinit",8.23
"2003-11-30",27,"Lezhës",8.56
"2003-11-30",28,"Mirditës",5.13
"2003-11-30",29,"Shkodrës",8.05
"2003-11-30",30,"Malësi e Madhe",5.59
"2003-11-30",31,"Pukës",5.42
"2003-11-30",32,"Shkodrës",6.95
"2003-11-30",33,"Kavajës",10.49
"2003-11-30",34,"Tiranës",7.01
"2003-11-30",35,"Delvinës",9.66
"2003-11-30",36,"Sarandës",10.29
"2003-11-30",37,"Vlorës",10.12
"2003-12-01",1,"Beratit",4.71
"2003-12-01",2,"Kuçovës",5
"2003-12-01",3,"Skraparit",2.44
"2003-12-01",4,"Bulqizës",3.08
"2003-12-01",5,"Dibrës",3.19
"2003-12-01",6,"Matit",3.62
"2003-12-01",7,"Durrësit",13.02
"2003-12-01",8,"Krujës",6.72
"2003-12-01",9,"Elbasanit",4.45
"2003-12-01",10,"Gramshit",3.14
"2003-12-01",11,"Librazhdit",3.05
"2003-12-01",12,"Peqinit",7.68
"2003-12-01",13,"Fierit",8.97
"2003-12-01",14,"Lushnjës",9.17
"2003-12-01",15,"Mallakastrës",5.84
"2003-12-01",16,"Gjirokastrës",4.08
"2003-12-01",17,"Përmetit",2.63
"2003-12-01",18,"Tepelenës",4
"2003-12-01",19,"Devollit",3.79
"2003-12-01",20,"Kolonjës",2.34
"2003-12-01",21,"Korçës",3.01
"2003-12-01",22,"Pogradecit",3.04
"2003-12-01",23,"Has",6.2
"2003-12-01",24,"Kukësit",4.15
"2003-12-01",25,"Tropojës",3.76
"2003-12-01",26,"Kurbinit",7.63
"2003-12-01",27,"Lezhës",8.14
"2003-12-01",28,"Mirditës",4.93
"2003-12-01",29,"Shkodrës",6.79
"2003-12-01",30,"Malësi e Madhe",4.83
"2003-12-01",31,"Pukës",4.72
"2003-12-01",32,"Shkodrës",5.72
"2003-12-01",33,"Kavajës",10.65
"2003-12-01",34,"Tiranës",5.55
"2003-12-01",35,"Delvinës",7.13
"2003-12-01",36,"Sarandës",7.83
"2003-12-01",37,"Vlorës",7.97
"2003-12-02",1,"Beratit",6.51
"2003-12-02",2,"Kuçovës",6.47
"2003-12-02",3,"Skraparit",4.99
"2003-12-02",4,"Bulqizës",3.75
"2003-12-02",5,"Dibrës",3.49
"2003-12-02",6,"Matit",4.67
"2003-12-02",7,"Durrësit",14.28
"2003-12-02",8,"Krujës",8.13
"2003-12-02",9,"Elbasanit",6.63
"2003-12-02",10,"Gramshit",5.46
"2003-12-02",11,"Librazhdit",4.99
"2003-12-02",12,"Peqinit",8.87
"2003-12-02",13,"Fierit",9.43
"2003-12-02",14,"Lushnjës",9.74
"2003-12-02",15,"Mallakastrës",7.87
"2003-12-02",16,"Gjirokastrës",6.64
"2003-12-02",17,"Përmetit",5.39
"2003-12-02",18,"Tepelenës",7.14
"2003-12-02",19,"Devollit",5.76
"2003-12-02",20,"Kolonjës",4.86
"2003-12-02",21,"Korçës",5
"2003-12-02",22,"Pogradecit",4.86
"2003-12-02",23,"Has",5.06
"2003-12-02",24,"Kukësit",3.53
"2003-12-02",25,"Tropojës",2.28
"2003-12-02",26,"Kurbinit",8.54
"2003-12-02",27,"Lezhës",8.39
"2003-12-02",28,"Mirditës",5.1
"2003-12-02",29,"Shkodrës",6.8
"2003-12-02",30,"Malësi e Madhe",4.11
"2003-12-02",31,"Pukës",4.05
"2003-12-02",32,"Shkodrës",5.48
"2003-12-02",33,"Kavajës",11.49
"2003-12-02",34,"Tiranës",7.57
"2003-12-02",35,"Delvinës",9.3
"2003-12-02",36,"Sarandës",10.06
"2003-12-02",37,"Vlorës",10.43
"2003-12-03",1,"Beratit",6
"2003-12-03",2,"Kuçovës",5.89
"2003-12-03",3,"Skraparit",3.5
"2003-12-03",4,"Bulqizës",3.66
"2003-12-03",5,"Dibrës",2.55
"2003-12-03",6,"Matit",3.56
"2003-12-03",7,"Durrësit",13.93
"2003-12-03",8,"Krujës",7.55
"2003-12-03",9,"Elbasanit",5.62
"2003-12-03",10,"Gramshit",4.32
"2003-12-03",11,"Librazhdit",4.55
"2003-12-03",12,"Peqinit",8.38
"2003-12-03",13,"Fierit",10.35
"2003-12-03",14,"Lushnjës",9.79
"2003-12-03",15,"Mallakastrës",8.01
"2003-12-03",16,"Gjirokastrës",5.33
"2003-12-03",17,"Përmetit",3.46
"2003-12-03",18,"Tepelenës",6.5
"2003-12-03",19,"Devollit",4.23
"2003-12-03",20,"Kolonjës",2.6
"2003-12-03",21,"Korçës",3.51
"2003-12-03",22,"Pogradecit",4.28
"2003-12-03",23,"Has",5.26
"2003-12-03",24,"Kukësit",2.41
"2003-12-03",25,"Tropojës",3.1
"2003-12-03",26,"Kurbinit",8.23
"2003-12-03",27,"Lezhës",8.41
"2003-12-03",28,"Mirditës",4.33
"2003-12-03",29,"Shkodrës",7.11
"2003-12-03",30,"Malësi e Madhe",4.48
"2003-12-03",31,"Pukës",4.05
"2003-12-03",32,"Shkodrës",5.88
"2003-12-03",33,"Kavajës",11.39
"2003-12-03",34,"Tiranës",6.59
"2003-12-03",35,"Delvinës",8.49
"2003-12-03",36,"Sarandës",9.36
"2003-12-03",37,"Vlorës",11.19
"2003-12-04",1,"Beratit",2.74
"2003-12-04",2,"Kuçovës",2.61
"2003-12-04",3,"Skraparit",-0.43
"2003-12-04",4,"Bulqizës",-1.06
"2003-12-04",5,"Dibrës",-1.18
"2003-12-04",6,"Matit",0.85
"2003-12-04",7,"Durrësit",12.71
"2003-12-04",8,"Krujës",5.64
"2003-12-04",9,"Elbasanit",2.36
"2003-12-04",10,"Gramshit",0.71
"2003-12-04",11,"Librazhdit",0.08
"2003-12-04",12,"Peqinit",5.46
"2003-12-04",13,"Fierit",7.83
"2003-12-04",14,"Lushnjës",7.13
"2003-12-04",15,"Mallakastrës",5.33
"2003-12-04",16,"Gjirokastrës",0.87
"2003-12-04",17,"Përmetit",-1.24
"2003-12-04",18,"Tepelenës",2.75
"2003-12-04",19,"Devollit",1.11
"2003-12-04",20,"Kolonjës",-1.69
"2003-12-04",21,"Korçës",-0.44
"2003-12-04",22,"Pogradecit",-0.07
"2003-12-04",23,"Has",1.88
"2003-12-04",24,"Kukësit",-0.55
"2003-12-04",25,"Tropojës",1.33
"2003-12-04",26,"Kurbinit",6.15
"2003-12-04",27,"Lezhës",6.1
"2003-12-04",28,"Mirditës",1.65
"2003-12-04",29,"Shkodrës",4.5
"2003-12-04",30,"Malësi e Madhe",2.58
"2003-12-04",31,"Pukës",1.46
"2003-12-04",32,"Shkodrës",3.56
"2003-12-04",33,"Kavajës",9.28
"2003-12-04",34,"Tiranës",4.17
"2003-12-04",35,"Delvinës",4.84
"2003-12-04",36,"Sarandës",6.24
"2003-12-04",37,"Vlorës",8.66
"2003-12-05",1,"Beratit",1.02
"2003-12-05",2,"Kuçovës",0.82
"2003-12-05",3,"Skraparit",-2.04
"2003-12-05",4,"Bulqizës",-2.63
"2003-12-05",5,"Dibrës",-0.36
"2003-12-05",6,"Matit",-0.84
"2003-12-05",7,"Durrësit",11.75
"2003-12-05",8,"Krujës",3.66
"2003-12-05",9,"Elbasanit",0.01
"2003-12-05",10,"Gramshit",-1.32
"2003-12-05",11,"Librazhdit",-1.53
"2003-12-05",12,"Peqinit",3.83
"2003-12-05",13,"Fierit",7.09
"2003-12-05",14,"Lushnjës",5.93
"2003-12-05",15,"Mallakastrës",3.8
"2003-12-05",16,"Gjirokastrës",1.05
"2003-12-05",17,"Përmetit",-1.86
"2003-12-05",18,"Tepelenës",1.85
"2003-12-05",19,"Devollit",-2.07
"2003-12-05",20,"Kolonjës",-2.34
"2003-12-05",21,"Korçës",-2.3
"2003-12-05",22,"Pogradecit",-0.87
"2003-12-05",23,"Has",0.47
"2003-12-05",24,"Kukësit",2.29
"2003-12-05",25,"Tropojës",-0.41
"2003-12-05",26,"Kurbinit",4.77
"2003-12-05",27,"Lezhës",5.05
"2003-12-05",28,"Mirditës",1.33
"2003-12-05",29,"Shkodrës",2.82
"2003-12-05",30,"Malësi e Madhe",1.79
"2003-12-05",31,"Pukës",1.09
"2003-12-05",32,"Shkodrës",2.14
"2003-12-05",33,"Kavajës",8.13
"2003-12-05",34,"Tiranës",1.92
"2003-12-05",35,"Delvinës",5.55
"2003-12-05",36,"Sarandës",6.52
"2003-12-05",37,"Vlorës",8.38
"2003-12-06",1,"Beratit",4.15
"2003-12-06",2,"Kuçovës",4.29
"2003-12-06",3,"Skraparit",1.63
"2003-12-06",4,"Bulqizës",0.29
"2003-12-06",5,"Dibrës",0.5
"2003-12-06",6,"Matit",2.17
"2003-12-06",7,"Durrësit",12.64
"2003-12-06",8,"Krujës",7.02
"2003-12-06",9,"Elbasanit",2.96
"2003-12-06",10,"Gramshit",1.92
"2003-12-06",11,"Librazhdit",1.24
"2003-12-06",12,"Peqinit",6.89
"2003-12-06",13,"Fierit",9.12
"2003-12-06",14,"Lushnjës",8.65
"2003-12-06",15,"Mallakastrës",5.78
"2003-12-06",16,"Gjirokastrës",3.82
"2003-12-06",17,"Përmetit",1.6
"2003-12-06",18,"Tepelenës",3.96
"2003-12-06",19,"Devollit",-0.64
"2003-12-06",20,"Kolonjës",0.16
"2003-12-06",21,"Korçës",0.47
"2003-12-06",22,"Pogradecit",1.52
"2003-12-06",23,"Has",-0.2
"2003-12-06",24,"Kukësit",0.01
"2003-12-06",25,"Tropojës",-0.73
"2003-12-06",26,"Kurbinit",7.85
"2003-12-06",27,"Lezhës",7.86
"2003-12-06",28,"Mirditës",3.21
"2003-12-06",29,"Shkodrës",5.83
"2003-12-06",30,"Malësi e Madhe",2.31
"2003-12-06",31,"Pukës",1.92
"2003-12-06",32,"Shkodrës",3.92
"2003-12-06",33,"Kavajës",10.17
"2003-12-06",34,"Tiranës",5.09
"2003-12-06",35,"Delvinës",7.42
"2003-12-06",36,"Sarandës",8.34
"2003-12-06",37,"Vlorës",8.53
"2003-12-07",1,"Beratit",8.42
"2003-12-07",2,"Kuçovës",8.71
"2003-12-07",3,"Skraparit",5.74
"2003-12-07",4,"Bulqizës",5.24
"2003-12-07",5,"Dibrës",4.76
"2003-12-07",6,"Matit",7.1
"2003-12-07",7,"Durrësit",13.69
"2003-12-07",8,"Krujës",10.42
"2003-12-07",9,"Elbasanit",8.24
"2003-12-07",10,"Gramshit",6.8
"2003-12-07",11,"Librazhdit",6.1
"2003-12-07",12,"Peqinit",10.77
"2003-12-07",13,"Fierit",11.93
"2003-12-07",14,"Lushnjës",11.64
"2003-12-07",15,"Mallakastrës",9.23
"2003-12-07",16,"Gjirokastrës",7.4
"2003-12-07",17,"Përmetit",5.28
"2003-12-07",18,"Tepelenës",7.51
"2003-12-07",19,"Devollit",3.84
"2003-12-07",20,"Kolonjës",4.11
"2003-12-07",21,"Korçës",4.54
"2003-12-07",22,"Pogradecit",5.25
"2003-12-07",23,"Has",5.6
"2003-12-07",24,"Kukësit",4.96
"2003-12-07",25,"Tropojës",3.17
"2003-12-07",26,"Kurbinit",11.01
"2003-12-07",27,"Lezhës",10.98
"2003-12-07",28,"Mirditës",7.87
"2003-12-07",29,"Shkodrës",9.53
"2003-12-07",30,"Malësi e Madhe",5.8
"2003-12-07",31,"Pukës",6.28
"2003-12-07",32,"Shkodrës",7.83
"2003-12-07",33,"Kavajës",12.34
"2003-12-07",34,"Tiranës",9.25
"2003-12-07",35,"Delvinës",9.73
"2003-12-07",36,"Sarandës",10.49
"2003-12-07",37,"Vlorës",10.75
"2003-12-08",1,"Beratit",1.82
"2003-12-08",2,"Kuçovës",2.25
"2003-12-08",3,"Skraparit",-1.69
"2003-12-08",4,"Bulqizës",-5
"2003-12-08",5,"Dibrës",-6
"2003-12-08",6,"Matit",-2.46
"2003-12-08",7,"Durrësit",6
"2003-12-08",8,"Krujës",2.39
"2003-12-08",9,"Elbasanit",0.65
"2003-12-08",10,"Gramshit",-1.08
"2003-12-08",11,"Librazhdit",-3.24
"2003-12-08",12,"Peqinit",4.6
"2003-12-08",13,"Fierit",4.95
"2003-12-08",14,"Lushnjës",5.17
"2003-12-08",15,"Mallakastrës",2.42
"2003-12-08",16,"Gjirokastrës",0.83
"2003-12-08",17,"Përmetit",-1.81
"2003-12-08",18,"Tepelenës",0.73
"2003-12-08",19,"Devollit",-4.78
"2003-12-08",20,"Kolonjës",-4.01
"2003-12-08",21,"Korçës",-4.38
"2003-12-08",22,"Pogradecit",-4.19
"2003-12-08",23,"Has",-3.29
"2003-12-08",24,"Kukësit",-6.31
"2003-12-08",25,"Tropojës",-5.84
"2003-12-08",26,"Kurbinit",2.7
"2003-12-08",27,"Lezhës",2.5
"2003-12-08",28,"Mirditës",-1.98
"2003-12-08",29,"Shkodrës",1.38
"2003-12-08",30,"Malësi e Madhe",-2.41
"2003-12-08",31,"Pukës",-3.18
"2003-12-08",32,"Shkodrës",-0.45
"2003-12-08",33,"Kavajës",5.42
"2003-12-08",34,"Tiranës",1.54
"2003-12-08",35,"Delvinës",3.21
"2003-12-08",36,"Sarandës",4.25
"2003-12-08",37,"Vlorës",4.4
"2003-12-09",1,"Beratit",3.16
"2003-12-09",2,"Kuçovës",3.49
"2003-12-09",3,"Skraparit",0.06
"2003-12-09",4,"Bulqizës",-8.75
"2003-12-09",5,"Dibrës",-9.65
"2003-12-09",6,"Matit",-4.81
"2003-12-09",7,"Durrësit",6.75
"2003-12-09",8,"Krujës",1.65
"2003-12-09",9,"Elbasanit",0.96
"2003-12-09",10,"Gramshit",-0.1
"2003-12-09",11,"Librazhdit",-4
"2003-12-09",12,"Peqinit",5.41
"2003-12-09",13,"Fierit",6.4
"2003-12-09",14,"Lushnjës",6.28
"2003-12-09",15,"Mallakastrës",3.89
"2003-12-09",16,"Gjirokastrës",2.34
"2003-12-09",17,"Përmetit",0.25
"2003-12-09",18,"Tepelenës",2.36
"2003-12-09",19,"Devollit",-3.75
"2003-12-09",20,"Kolonjës",-1.76
"2003-12-09",21,"Korçës",-3.33
"2003-12-09",22,"Pogradecit",-4.29
"2003-12-09",23,"Has",-5.14
"2003-12-09",24,"Kukësit",-9.66
"2003-12-09",25,"Tropojës",-7.63
"2003-12-09",26,"Kurbinit",1.96
"2003-12-09",27,"Lezhës",1.8
"2003-12-09",28,"Mirditës",-3.82
"2003-12-09",29,"Shkodrës",0.76
"2003-12-09",30,"Malësi e Madhe",-3.05
"2003-12-09",31,"Pukës",-4.79
"2003-12-09",32,"Shkodrës",-1.29
"2003-12-09",33,"Kavajës",6.28
"2003-12-09",34,"Tiranës",1.25
"2003-12-09",35,"Delvinës",4.64
"2003-12-09",36,"Sarandës",5.09
"2003-12-09",37,"Vlorës",5.89
"2003-12-10",1,"Beratit",4.71
"2003-12-10",2,"Kuçovës",4.94
"2003-12-10",3,"Skraparit",1.44
"2003-12-10",4,"Bulqizës",-3.11
"2003-12-10",5,"Dibrës",-4.38
"2003-12-10",6,"Matit",-0.56
"2003-12-10",7,"Durrësit",9.57
"2003-12-10",8,"Krujës",4.4
"2003-12-10",9,"Elbasanit",3.5
"2003-12-10",10,"Gramshit",2.06
"2003-12-10",11,"Librazhdit",-0.26
"2003-12-10",12,"Peqinit",7.02
"2003-12-10",13,"Fierit",7.78
"2003-12-10",14,"Lushnjës",7.81
"2003-12-10",15,"Mallakastrës",5.81
"2003-12-10",16,"Gjirokastrës",3
"2003-12-10",17,"Përmetit",0.97
"2003-12-10",18,"Tepelenës",3.96
"2003-12-10",19,"Devollit",-1.67
"2003-12-10",20,"Kolonjës",-0.93
"2003-12-10",21,"Korçës",-1.11
"2003-12-10",22,"Pogradecit",-0.88
"2003-12-10",23,"Has",-1.57
"2003-12-10",24,"Kukësit",-5.14
"2003-12-10",25,"Tropojës",-2.69
"2003-12-10",26,"Kurbinit",4.88
"2003-12-10",27,"Lezhës",4.84
"2003-12-10",28,"Mirditës",-0.02
"2003-12-10",29,"Shkodrës",3.57
"2003-12-10",30,"Malësi e Madhe",0.72
"2003-12-10",31,"Pukës",-0.74
"2003-12-10",32,"Shkodrës",2.23
"2003-12-10",33,"Kavajës",8.27
"2003-12-10",34,"Tiranës",3.89
"2003-12-10",35,"Delvinës",5.54
"2003-12-10",36,"Sarandës",6.14
"2003-12-10",37,"Vlorës",7.89
"2003-12-11",1,"Beratit",7.32
"2003-12-11",2,"Kuçovës",7.62
"2003-12-11",3,"Skraparit",3.88
"2003-12-11",4,"Bulqizës",-0.78
"2003-12-11",5,"Dibrës",-1.69
"2003-12-11",6,"Matit",2.29
"2003-12-11",7,"Durrësit",11.29
"2003-12-11",8,"Krujës",7.42
"2003-12-11",9,"Elbasanit",5.97
"2003-12-11",10,"Gramshit",4.43
"2003-12-11",11,"Librazhdit",1.93
"2003-12-11",12,"Peqinit",9.63
"2003-12-11",13,"Fierit",10.31
"2003-12-11",14,"Lushnjës",10.18
"2003-12-11",15,"Mallakastrës",8.29
"2003-12-11",16,"Gjirokastrës",5.62
"2003-12-11",17,"Përmetit",3.44
"2003-12-11",18,"Tepelenës",6.34
"2003-12-11",19,"Devollit",0.16
"2003-12-11",20,"Kolonjës",1.22
"2003-12-11",21,"Korçës",0.92
"2003-12-11",22,"Pogradecit",1.21
"2003-12-11",23,"Has",0.8
"2003-12-11",24,"Kukësit",-1.72
"2003-12-11",25,"Tropojës",0.15
"2003-12-11",26,"Kurbinit",7.76
"2003-12-11",27,"Lezhës",7.29
"2003-12-11",28,"Mirditës",2.95
"2003-12-11",29,"Shkodrës",5.67
"2003-12-11",30,"Malësi e Madhe",3.3
"2003-12-11",31,"Pukës",1.87
"2003-12-11",32,"Shkodrës",4.44
"2003-12-11",33,"Kavajës",10.34
"2003-12-11",34,"Tiranës",6.66
"2003-12-11",35,"Delvinës",7.62
"2003-12-11",36,"Sarandës",8.51
"2003-12-11",37,"Vlorës",9.71
"2003-12-12",1,"Beratit",8.54
"2003-12-12",2,"Kuçovës",8.71
"2003-12-12",3,"Skraparit",5.07
"2003-12-12",4,"Bulqizës",-1.03
"2003-12-12",5,"Dibrës",-2.4
"2003-12-12",6,"Matit",1.85
"2003-12-12",7,"Durrësit",12.46
"2003-12-12",8,"Krujës",7.59
"2003-12-12",9,"Elbasanit",6.96
"2003-12-12",10,"Gramshit",5.58
"2003-12-12",11,"Librazhdit",2.77
"2003-12-12",12,"Peqinit",10.6
"2003-12-12",13,"Fierit",11.61
"2003-12-12",14,"Lushnjës",11.35
"2003-12-12",15,"Mallakastrës",9.9
"2003-12-12",16,"Gjirokastrës",6.83
"2003-12-12",17,"Përmetit",4.68
"2003-12-12",18,"Tepelenës",7.9
"2003-12-12",19,"Devollit",1.76
"2003-12-12",20,"Kolonjës",2.55
"2003-12-12",21,"Korçës",2.21
"2003-12-12",22,"Pogradecit",2.43
"2003-12-12",23,"Has",-1.29
"2003-12-12",24,"Kukësit",-2.58
"2003-12-12",25,"Tropojës",-2.15
"2003-12-12",26,"Kurbinit",7.54
"2003-12-12",27,"Lezhës",6.6
"2003-12-12",28,"Mirditës",1.84
"2003-12-12",29,"Shkodrës",4.59
"2003-12-12",30,"Malësi e Madhe",0.89
"2003-12-12",31,"Pukës",0.12
"2003-12-12",32,"Shkodrës",2.79
"2003-12-12",33,"Kavajës",11.49
"2003-12-12",34,"Tiranës",7.19
"2003-12-12",35,"Delvinës",9.08
"2003-12-12",36,"Sarandës",9.47
"2003-12-12",37,"Vlorës",11.62
"2003-12-13",1,"Beratit",9.26
"2003-12-13",2,"Kuçovës",9.46
"2003-12-13",3,"Skraparit",6.58
"2003-12-13",4,"Bulqizës",4
"2003-12-13",5,"Dibrës",3.33
"2003-12-13",6,"Matit",6.1
"2003-12-13",7,"Durrësit",13.76
"2003-12-13",8,"Krujës",9.86
"2003-12-13",9,"Elbasanit",8.87
"2003-12-13",10,"Gramshit",7.47
"2003-12-13",11,"Librazhdit",6.06
"2003-12-13",12,"Peqinit",11.54
"2003-12-13",13,"Fierit",11.58
"2003-12-13",14,"Lushnjës",12.14
"2003-12-13",15,"Mallakastrës",9.92
"2003-12-13",16,"Gjirokastrës",7.9
"2003-12-13",17,"Përmetit",6
"2003-12-13",18,"Tepelenës",8.71
"2003-12-13",19,"Devollit",4.26
"2003-12-13",20,"Kolonjës",4.48
"2003-12-13",21,"Korçës",4.83
"2003-12-13",22,"Pogradecit",5.38
"2003-12-13",23,"Has",5.7
"2003-12-13",24,"Kukësit",3.67
"2003-12-13",25,"Tropojës",3.89
"2003-12-13",26,"Kurbinit",10.25
"2003-12-13",27,"Lezhës",10.18
"2003-12-13",28,"Mirditës",6.79
"2003-12-13",29,"Shkodrës",9.22
"2003-12-13",30,"Malësi e Madhe",5.81
"2003-12-13",31,"Pukës",6.07
"2003-12-13",32,"Shkodrës",7.63
"2003-12-13",33,"Kavajës",12.87
"2003-12-13",34,"Tiranës",9.52
"2003-12-13",35,"Delvinës",10.28
"2003-12-13",36,"Sarandës",10.47
"2003-12-13",37,"Vlorës",11.92
"2003-12-14",1,"Beratit",6.6
"2003-12-14",2,"Kuçovës",6.98
"2003-12-14",3,"Skraparit",4.64
"2003-12-14",4,"Bulqizës",2.28
"2003-12-14",5,"Dibrës",1.2
"2003-12-14",6,"Matit",3.66
"2003-12-14",7,"Durrësit",11.95
"2003-12-14",8,"Krujës",7.02
"2003-12-14",9,"Elbasanit",6.36
"2003-12-14",10,"Gramshit",5.17
"2003-12-14",11,"Librazhdit",3.84
"2003-12-14",12,"Peqinit",8.93
"2003-12-14",13,"Fierit",9.58
"2003-12-14",14,"Lushnjës",9.83
"2003-12-14",15,"Mallakastrës",7.17
"2003-12-14",16,"Gjirokastrës",5.31
"2003-12-14",17,"Përmetit",4.45
"2003-12-14",18,"Tepelenës",5.34
"2003-12-14",19,"Devollit",4.31
"2003-12-14",20,"Kolonjës",4.05
"2003-12-14",21,"Korçës",3.79
"2003-12-14",22,"Pogradecit",3.44
"2003-12-14",23,"Has",1.7
"2003-12-14",24,"Kukësit",-0.26
"2003-12-14",25,"Tropojës",-1.33
"2003-12-14",26,"Kurbinit",7.37
"2003-12-14",27,"Lezhës",6.86
"2003-12-14",28,"Mirditës",3.6
"2003-12-14",29,"Shkodrës",4.98
"2003-12-14",30,"Malësi e Madhe",1.05
"2003-12-14",31,"Pukës",2.02
"2003-12-14",32,"Shkodrës",3.41
"2003-12-14",33,"Kavajës",10.71
"2003-12-14",34,"Tiranës",6.78
"2003-12-14",35,"Delvinës",7.91
"2003-12-14",36,"Sarandës",8.61
"2003-12-14",37,"Vlorës",9.3
"2003-12-15",1,"Beratit",9.49
"2003-12-15",2,"Kuçovës",9.69
"2003-12-15",3,"Skraparit",8.19
"2003-12-15",4,"Bulqizës",4.96
"2003-12-15",5,"Dibrës",4.49
"2003-12-15",6,"Matit",6.38
"2003-12-15",7,"Durrësit",12.88
"2003-12-15",8,"Krujës",9.78
"2003-12-15",9,"Elbasanit",9.24
"2003-12-15",10,"Gramshit",8.69
"2003-12-15",11,"Librazhdit",7.25
"2003-12-15",12,"Peqinit",10.47
"2003-12-15",13,"Fierit",11.42
"2003-12-15",14,"Lushnjës",11.09
"2003-12-15",15,"Mallakastrës",9.54
"2003-12-15",16,"Gjirokastrës",9.09
"2003-12-15",17,"Përmetit",7.74
"2003-12-15",18,"Tepelenës",8.96
"2003-12-15",19,"Devollit",4.66
"2003-12-15",20,"Kolonjës",5.99
"2003-12-15",21,"Korçës",5.82
"2003-12-15",22,"Pogradecit",6.62
"2003-12-15",23,"Has",7.31
"2003-12-15",24,"Kukësit",5.95
"2003-12-15",25,"Tropojës",4.15
"2003-12-15",26,"Kurbinit",10.22
"2003-12-15",27,"Lezhës",9.89
"2003-12-15",28,"Mirditës",7.25
"2003-12-15",29,"Shkodrës",8.22
"2003-12-15",30,"Malësi e Madhe",4.13
"2003-12-15",31,"Pukës",6.53
"2003-12-15",32,"Shkodrës",6.58
"2003-12-15",33,"Kavajës",11.63
"2003-12-15",34,"Tiranës",9.29
"2003-12-15",35,"Delvinës",10.6
"2003-12-15",36,"Sarandës",11.51
"2003-12-15",37,"Vlorës",11.06
"2003-12-16",1,"Beratit",2.97
"2003-12-16",2,"Kuçovës",2.96
"2003-12-16",3,"Skraparit",1.38
"2003-12-16",4,"Bulqizës",-3.49
"2003-12-16",5,"Dibrës",-4.29
"2003-12-16",6,"Matit",-2.81
"2003-12-16",7,"Durrësit",7.89
"2003-12-16",8,"Krujës",1.83
"2003-12-16",9,"Elbasanit",0.75
"2003-12-16",10,"Gramshit",0.19
"2003-12-16",11,"Librazhdit",-2.09
"2003-12-16",12,"Peqinit",4.09
"2003-12-16",13,"Fierit",5.45
"2003-12-16",14,"Lushnjës",5.83
"2003-12-16",15,"Mallakastrës",3.95
"2003-12-16",16,"Gjirokastrës",4.28
"2003-12-16",17,"Përmetit",2.29
"2003-12-16",18,"Tepelenës",3.58
"2003-12-16",19,"Devollit",-0.25
"2003-12-16",20,"Kolonjës",0.58
"2003-12-16",21,"Korçës",-0.87
"2003-12-16",22,"Pogradecit",-2.29
"2003-12-16",23,"Has",-2.05
"2003-12-16",24,"Kukësit",-3.63
"2003-12-16",25,"Tropojës",-5.85
"2003-12-16",26,"Kurbinit",2.8
"2003-12-16",27,"Lezhës",3.13
"2003-12-16",28,"Mirditës",-0.85
"2003-12-16",29,"Shkodrës",1.83
"2003-12-16",30,"Malësi e Madhe",-2.63
"2003-12-16",31,"Pukës",-2.06
"2003-12-16",32,"Shkodrës",-0.15
"2003-12-16",33,"Kavajës",6.73
"2003-12-16",34,"Tiranës",1.11
"2003-12-16",35,"Delvinës",6.01
"2003-12-16",36,"Sarandës",6.5
"2003-12-16",37,"Vlorës",5.55
"2003-12-17",1,"Beratit",-0.5
"2003-12-17",2,"Kuçovës",0.11
"2003-12-17",3,"Skraparit",-3.97
"2003-12-17",4,"Bulqizës",-8.29
"2003-12-17",5,"Dibrës",-12.02
"2003-12-17",6,"Matit",-6.72
"2003-12-17",7,"Durrësit",4.8
"2003-12-17",8,"Krujës",-1.61
"2003-12-17",9,"Elbasanit",-1.88
"2003-12-17",10,"Gramshit",-2.91
"2003-12-17",11,"Librazhdit",-5.28
"2003-12-17",12,"Peqinit",2.41
"2003-12-17",13,"Fierit",4.36
"2003-12-17",14,"Lushnjës",3.9
"2003-12-17",15,"Mallakastrës",0.57
"2003-12-17",16,"Gjirokastrës",-1.58
"2003-12-17",17,"Përmetit",-3.93
"2003-12-17",18,"Tepelenës",-2.43
"2003-12-17",19,"Devollit",-5.37
"2003-12-17",20,"Kolonjës",-5.61
"2003-12-17",21,"Korçës",-5.52
"2003-12-17",22,"Pogradecit",-5.14
"2003-12-17",23,"Has",-3.44
"2003-12-17",24,"Kukësit",-8.64
"2003-12-17",25,"Tropojës",-7.84
"2003-12-17",26,"Kurbinit",-0.6
"2003-12-17",27,"Lezhës",-0.08
"2003-12-17",28,"Mirditës",-5.47
"2003-12-17",29,"Shkodrës",-1.28
"2003-12-17",30,"Malësi e Madhe",-4.62
"2003-12-17",31,"Pukës",-5.15
"2003-12-17",32,"Shkodrës",-2.97
"2003-12-17",33,"Kavajës",3.96
"2003-12-17",34,"Tiranës",-2.13
"2003-12-17",35,"Delvinës",1.13
"2003-12-17",36,"Sarandës",4.09
"2003-12-17",37,"Vlorës",2.11
"2003-12-18",1,"Beratit",-2.35
"2003-12-18",2,"Kuçovës",-2.48
"2003-12-18",3,"Skraparit",-3.74
"2003-12-18",4,"Bulqizës",-9.58
"2003-12-18",5,"Dibrës",-15.56
"2003-12-18",6,"Matit",-8.13
"2003-12-18",7,"Durrësit",4.35
"2003-12-18",8,"Krujës",-2.42
"2003-12-18",9,"Elbasanit",-4.26
"2003-12-18",10,"Gramshit",-4.69
"2003-12-18",11,"Librazhdit",-6.58
"2003-12-18",12,"Peqinit",-0.8
"2003-12-18",13,"Fierit",1.43
"2003-12-18",14,"Lushnjës",0.7
"2003-12-18",15,"Mallakastrës",-1.11
"2003-12-18",16,"Gjirokastrës",-0.27
"2003-12-18",17,"Përmetit",-2.88
"2003-12-18",18,"Tepelenës",-1.34
"2003-12-18",19,"Devollit",-6.38
"2003-12-18",20,"Kolonjës",-4.95
"2003-12-18",21,"Korçës",-5.82
"2003-12-18",22,"Pogradecit",-6.15
"2003-12-18",23,"Has",-7.74
"2003-12-18",24,"Kukësit",-15.18
"2003-12-18",25,"Tropojës",-12.27
"2003-12-18",26,"Kurbinit",-1.25
"2003-12-18",27,"Lezhës",-0.7
"2003-12-18",28,"Mirditës",-7.96
"2003-12-18",29,"Shkodrës",-2.11
"2003-12-18",30,"Malësi e Madhe",-8.85
"2003-12-18",31,"Pukës",-8.18
"2003-12-18",32,"Shkodrës",-6
"2003-12-18",33,"Kavajës",2.25
"2003-12-18",34,"Tiranës",-3.05
"2003-12-18",35,"Delvinës",2.43
"2003-12-18",36,"Sarandës",3.51
"2003-12-18",37,"Vlorës",1.88
"2003-12-19",1,"Beratit",-3.66
"2003-12-19",2,"Kuçovës",-3.76
"2003-12-19",3,"Skraparit",-5.48
"2003-12-19",4,"Bulqizës",-9.72
"2003-12-19",5,"Dibrës",-11.99
"2003-12-19",6,"Matit",-9.08
"2003-12-19",7,"Durrësit",6.71
"2003-12-19",8,"Krujës",-1.47
"2003-12-19",9,"Elbasanit",-3.53
"2003-12-19",10,"Gramshit",-4.32
"2003-12-19",11,"Librazhdit",-4.97
"2003-12-19",12,"Peqinit",-0.83
"2003-12-19",13,"Fierit",1.18
"2003-12-19",14,"Lushnjës",0.91
"2003-12-19",15,"Mallakastrës",-1.78
"2003-12-19",16,"Gjirokastrës",-2.76
"2003-12-19",17,"Përmetit",-5.39
"2003-12-19",18,"Tepelenës",-2.79
"2003-12-19",19,"Devollit",-3.39
"2003-12-19",20,"Kolonjës",-5.56
"2003-12-19",21,"Korçës",-3.87
"2003-12-19",22,"Pogradecit",-3.55
"2003-12-19",23,"Has",-6.81
"2003-12-19",24,"Kukësit",-11.37
"2003-12-19",25,"Tropojës",-9.21
"2003-12-19",26,"Kurbinit",-0.47
"2003-12-19",27,"Lezhës",0.35
"2003-12-19",28,"Mirditës",-7.44
"2003-12-19",29,"Shkodrës",-0.54
"2003-12-19",30,"Malësi e Madhe",-5.61
"2003-12-19",31,"Pukës",-6.94
"2003-12-19",32,"Shkodrës",-3.36
"2003-12-19",33,"Kavajës",3.34
"2003-12-19",34,"Tiranës",-2.65
"2003-12-19",35,"Delvinës",1.65
"2003-12-19",36,"Sarandës",2.23
"2003-12-19",37,"Vlorës",2.05
"2003-12-20",1,"Beratit",-5.45
"2003-12-20",2,"Kuçovës",-5.74
"2003-12-20",3,"Skraparit",-5.75
"2003-12-20",4,"Bulqizës",-11.31
"2003-12-20",5,"Dibrës",-10.51
"2003-12-20",6,"Matit",-9.84
"2003-12-20",7,"Durrësit",6.7
"2003-12-20",8,"Krujës",-2.9
"2003-12-20",9,"Elbasanit",-6.57
"2003-12-20",10,"Gramshit",-6.8
"2003-12-20",11,"Librazhdit",-7.72
"2003-12-20",12,"Peqinit",-3.38
"2003-12-20",13,"Fierit",-0.08
"2003-12-20",14,"Lushnjës",-0.92
"2003-12-20",15,"Mallakastrës",-3.34
"2003-12-20",16,"Gjirokastrës",-0.49
"2003-12-20",17,"Përmetit",-2.84
"2003-12-20",18,"Tepelenës",-2.9
"2003-12-20",19,"Devollit",-6.01
"2003-12-20",20,"Kolonjës",-3.95
"2003-12-20",21,"Korçës",-6.07
"2003-12-20",22,"Pogradecit",-5.9
"2003-12-20",23,"Has",-5.24
"2003-12-20",24,"Kukësit",-5.68
"2003-12-20",25,"Tropojës",-8.19
"2003-12-20",26,"Kurbinit",-1.21
"2003-12-20",27,"Lezhës",-0.13
"2003-12-20",28,"Mirditës",-5.87
"2003-12-20",29,"Shkodrës",-1.97
"2003-12-20",30,"Malësi e Madhe",-6.19
"2003-12-20",31,"Pukës",-4.96
"2003-12-20",32,"Shkodrës",-4.26
"2003-12-20",33,"Kavajës",2.01
"2003-12-20",34,"Tiranës",-5.01
"2003-12-20",35,"Delvinës",3.65
"2003-12-20",36,"Sarandës",2.55
"2003-12-20",37,"Vlorës",2.13
"2003-12-21",1,"Beratit",-5.13
"2003-12-21",2,"Kuçovës",-5.54
"2003-12-21",3,"Skraparit",-5.17
"2003-12-21",4,"Bulqizës",-7.37
"2003-12-21",5,"Dibrës",-8.55
"2003-12-21",6,"Matit",-7.18
"2003-12-21",7,"Durrësit",7.46
"2003-12-21",8,"Krujës",-1.91
"2003-12-21",9,"Elbasanit",-5.44
"2003-12-21",10,"Gramshit",-5.03
"2003-12-21",11,"Librazhdit",-4.88
"2003-12-21",12,"Peqinit",-3.2
"2003-12-21",13,"Fierit",0.38
"2003-12-21",14,"Lushnjës",-0.54
"2003-12-21",15,"Mallakastrës",-2.87
"2003-12-21",16,"Gjirokastrës",-3.72
"2003-12-21",17,"Përmetit",-4.54
"2003-12-21",18,"Tepelenës",-3.28
"2003-12-21",19,"Devollit",-4.23
"2003-12-21",20,"Kolonjës",-4.09
"2003-12-21",21,"Korçës",-3.31
"2003-12-21",22,"Pogradecit",-2.34
"2003-12-21",23,"Has",-5.83
"2003-12-21",24,"Kukësit",-7.88
"2003-12-21",25,"Tropojës",-7.57
"2003-12-21",26,"Kurbinit",-0.61
"2003-12-21",27,"Lezhës",0.22
"2003-12-21",28,"Mirditës",-5.91
"2003-12-21",29,"Shkodrës",-1.53
"2003-12-21",30,"Malësi e Madhe",-4.7
"2003-12-21",31,"Pukës",-5.78
"2003-12-21",32,"Shkodrës",-3.39
"2003-12-21",33,"Kavajës",2.75
"2003-12-21",34,"Tiranës",-3.84
"2003-12-21",35,"Delvinës",0.43
"2003-12-21",36,"Sarandës",1.37
"2003-12-21",37,"Vlorës",2.8
"2003-12-22",1,"Beratit",3.38
"2003-12-22",2,"Kuçovës",3.14
"2003-12-22",3,"Skraparit",1.78
"2003-12-22",4,"Bulqizës",-1.91
"2003-12-22",5,"Dibrës",-3.26
"2003-12-22",6,"Matit",0.04
"2003-12-22",7,"Durrësit",10.26
"2003-12-22",8,"Krujës",5.92
"2003-12-22",9,"Elbasanit",1.32
"2003-12-22",10,"Gramshit",0.94
"2003-12-22",11,"Librazhdit",-0.38
"2003-12-22",12,"Peqinit",4.41
"2003-12-22",13,"Fierit",7.14
"2003-12-22",14,"Lushnjës",5.95
"2003-12-22",15,"Mallakastrës",5.24
"2003-12-22",16,"Gjirokastrës",3.33
"2003-12-22",17,"Përmetit",1.96
"2003-12-22",18,"Tepelenës",4.05
"2003-12-22",19,"Devollit",-0.57
"2003-12-22",20,"Kolonjës",0.73
"2003-12-22",21,"Korçës",-0.32
"2003-12-22",22,"Pogradecit",-0.24
"2003-12-22",23,"Has",1.1
"2003-12-22",24,"Kukësit",-2.3
"2003-12-22",25,"Tropojës",1.49
"2003-12-22",26,"Kurbinit",6.54
"2003-12-22",27,"Lezhës",6.68
"2003-12-22",28,"Mirditës",1.51
"2003-12-22",29,"Shkodrës",5.49
"2003-12-22",30,"Malësi e Madhe",3.5
"2003-12-22",31,"Pukës",2.08
"2003-12-22",32,"Shkodrës",4.53
"2003-12-22",33,"Kavajës",7.45
"2003-12-22",34,"Tiranës",3.58
"2003-12-22",35,"Delvinës",5.64
"2003-12-22",36,"Sarandës",6.07
"2003-12-22",37,"Vlorës",8.33
"2003-12-23",1,"Beratit",6.02
"2003-12-23",2,"Kuçovës",6.27
"2003-12-23",3,"Skraparit",3.78
"2003-12-23",4,"Bulqizës",1.64
"2003-12-23",5,"Dibrës",1.31
"2003-12-23",6,"Matit",3.7
"2003-12-23",7,"Durrësit",11.08
"2003-12-23",8,"Krujës",7.36
"2003-12-23",9,"Elbasanit",5.3
"2003-12-23",10,"Gramshit",4.2
"2003-12-23",11,"Librazhdit",2.82
"2003-12-23",12,"Peqinit",8.08
"2003-12-23",13,"Fierit",9.33
"2003-12-23",14,"Lushnjës",9.25
"2003-12-23",15,"Mallakastrës",6.81
"2003-12-23",16,"Gjirokastrës",5.61
"2003-12-23",17,"Përmetit",3.8
"2003-12-23",18,"Tepelenës",5.27
"2003-12-23",19,"Devollit",2.48
"2003-12-23",20,"Kolonjës",2.83
"2003-12-23",21,"Korçës",2.46
"2003-12-23",22,"Pogradecit",2.42
"2003-12-23",23,"Has",3.28
"2003-12-23",24,"Kukësit",1.67
"2003-12-23",25,"Tropojës",1.78
"2003-12-23",26,"Kurbinit",7.84
"2003-12-23",27,"Lezhës",7.63
"2003-12-23",28,"Mirditës",4.35
"2003-12-23",29,"Shkodrës",6.17
"2003-12-23",30,"Malësi e Madhe",3.2
"2003-12-23",31,"Pukës",3.35
"2003-12-23",32,"Shkodrës",4.73
"2003-12-23",33,"Kavajës",9.92
"2003-12-23",34,"Tiranës",6.28
"2003-12-23",35,"Delvinës",7.59
"2003-12-23",36,"Sarandës",8.97
"2003-12-23",37,"Vlorës",8.48
"2003-12-24",1,"Beratit",3.32
"2003-12-24",2,"Kuçovës",3.56
"2003-12-24",3,"Skraparit",-0.25
"2003-12-24",4,"Bulqizës",-3.47
"2003-12-24",5,"Dibrës",-4.53
"2003-12-24",6,"Matit",-1.45
"2003-12-24",7,"Durrësit",6.65
"2003-12-24",8,"Krujës",2.79
"2003-12-24",9,"Elbasanit",2.31
"2003-12-24",10,"Gramshit",0.53
"2003-12-24",11,"Librazhdit",-1.15
"2003-12-24",12,"Peqinit",5.85
"2003-12-24",13,"Fierit",7.05
"2003-12-24",14,"Lushnjës",6.61
"2003-12-24",15,"Mallakastrës",4.73
"2003-12-24",16,"Gjirokastrës",2.38
"2003-12-24",17,"Përmetit",-0.34
"2003-12-24",18,"Tepelenës",2.59
"2003-12-24",19,"Devollit",-2.51
"2003-12-24",20,"Kolonjës",-2.11
"2003-12-24",21,"Korçës",-2.31
"2003-12-24",22,"Pogradecit",-2.14
"2003-12-24",23,"Has",-2.79
"2003-12-24",24,"Kukësit",-4.7
"2003-12-24",25,"Tropojës",-4.84
"2003-12-24",26,"Kurbinit",3.51
"2003-12-24",27,"Lezhës",3.75
"2003-12-24",28,"Mirditës",-0.63
"2003-12-24",29,"Shkodrës",2.85
"2003-12-24",30,"Malësi e Madhe",-1.55
"2003-12-24",31,"Pukës",-1.89
"2003-12-24",32,"Shkodrës",0.72
"2003-12-24",33,"Kavajës",6.47
"2003-12-24",34,"Tiranës",2.64
"2003-12-24",35,"Delvinës",5.04
"2003-12-24",36,"Sarandës",6.5
"2003-12-24",37,"Vlorës",6.66
"2003-12-25",1,"Beratit",3.57
"2003-12-25",2,"Kuçovës",3.99
"2003-12-25",3,"Skraparit",0.63
"2003-12-25",4,"Bulqizës",-3.97
"2003-12-25",5,"Dibrës",-5.34
"2003-12-25",6,"Matit",-1.83
"2003-12-25",7,"Durrësit",6.02
"2003-12-25",8,"Krujës",2.75
"2003-12-25",9,"Elbasanit",2.41
"2003-12-25",10,"Gramshit",1.08
"2003-12-25",11,"Librazhdit",-1.23
"2003-12-25",12,"Peqinit",5.67
"2003-12-25",13,"Fierit",6.61
"2003-12-25",14,"Lushnjës",6.32
"2003-12-25",15,"Mallakastrës",3.94
"2003-12-25",16,"Gjirokastrës",2.61
"2003-12-25",17,"Përmetit",0.44
"2003-12-25",18,"Tepelenës",2.35
"2003-12-25",19,"Devollit",-2.17
"2003-12-25",20,"Kolonjës",-1.28
"2003-12-25",21,"Korçës",-1.95
"2003-12-25",22,"Pogradecit",-2.04
"2003-12-25",23,"Has",-3.78
"2003-12-25",24,"Kukësit",-5.79
"2003-12-25",25,"Tropojës",-5.5
"2003-12-25",26,"Kurbinit",3.15
"2003-12-25",27,"Lezhës",3.11
"2003-12-25",28,"Mirditës",-1.42
"2003-12-25",29,"Shkodrës",2.39
"2003-12-25",30,"Malësi e Madhe",-2.01
"2003-12-25",31,"Pukës",-2.65
"2003-12-25",32,"Shkodrës",0.25
"2003-12-25",33,"Kavajës",6.04
"2003-12-25",34,"Tiranës",2.51
"2003-12-25",35,"Delvinës",4.92
"2003-12-25",36,"Sarandës",6.15
"2003-12-25",37,"Vlorës",5.57
"2003-12-26",1,"Beratit",1.95
"2003-12-26",2,"Kuçovës",2.38
"2003-12-26",3,"Skraparit",-0.13
"2003-12-26",4,"Bulqizës",-6.44
"2003-12-26",5,"Dibrës",-7.12
"2003-12-26",6,"Matit",-3.53
"2003-12-26",7,"Durrësit",6.21
"2003-12-26",8,"Krujës",1.72
"2003-12-26",9,"Elbasanit",1.43
"2003-12-26",10,"Gramshit",0.53
"2003-12-26",11,"Librazhdit",-1.89
"2003-12-26",12,"Peqinit",4.24
"2003-12-26",13,"Fierit",4.99
"2003-12-26",14,"Lushnjës",5.13
"2003-12-26",15,"Mallakastrës",2
"2003-12-26",16,"Gjirokastrës",0.99
"2003-12-26",17,"Përmetit",-0.55
"2003-12-26",18,"Tepelenës",0.66
"2003-12-26",19,"Devollit",-1.98
"2003-12-26",20,"Kolonjës",-1.81
"2003-12-26",21,"Korçës",-1.65
"2003-12-26",22,"Pogradecit",-1.9
"2003-12-26",23,"Has",-4.18
"2003-12-26",24,"Kukësit",-6.75
"2003-12-26",25,"Tropojës",-5.38
"2003-12-26",26,"Kurbinit",2.02
"2003-12-26",27,"Lezhës",1.97
"2003-12-26",28,"Mirditës",-2.67
"2003-12-26",29,"Shkodrës",1.27
"2003-12-26",30,"Malësi e Madhe",-1.71
"2003-12-26",31,"Pukës",-3.22
"2003-12-26",32,"Shkodrës",-0.37
"2003-12-26",33,"Kavajës",5.68
"2003-12-26",34,"Tiranës",1.56
"2003-12-26",35,"Delvinës",4.04
"2003-12-26",36,"Sarandës",4.81
"2003-12-26",37,"Vlorës",4.03
"2003-12-27",1,"Beratit",-0.09
"2003-12-27",2,"Kuçovës",-0.32
"2003-12-27",3,"Skraparit",-2.25
"2003-12-27",4,"Bulqizës",-9.5
"2003-12-27",5,"Dibrës",-13.23
"2003-12-27",6,"Matit",-6.69
"2003-12-27",7,"Durrësit",8.38
"2003-12-27",8,"Krujës",1.64
"2003-12-27",9,"Elbasanit",-0.91
"2003-12-27",10,"Gramshit",-1.54
"2003-12-27",11,"Librazhdit",-3.65
"2003-12-27",12,"Peqinit",2.07
"2003-12-27",13,"Fierit",3.85
"2003-12-27",14,"Lushnjës",3.54
"2003-12-27",15,"Mallakastrës",2.04
"2003-12-27",16,"Gjirokastrës",0.35
"2003-12-27",17,"Përmetit",-2.35
"2003-12-27",18,"Tepelenës",1.28
"2003-12-27",19,"Devollit",-2.72
"2003-12-27",20,"Kolonjës",-4.18
"2003-12-27",21,"Korçës",-2.4
"2003-12-27",22,"Pogradecit",-2
"2003-12-27",23,"Has",-10.33
"2003-12-27",24,"Kukësit",-11.76
"2003-12-27",25,"Tropojës",-8.33
"2003-12-27",26,"Kurbinit",1.67
"2003-12-27",27,"Lezhës",0.91
"2003-12-27",28,"Mirditës",-6.94
"2003-12-27",29,"Shkodrës",-1.08
"2003-12-27",30,"Malësi e Madhe",-3.47
"2003-12-27",31,"Pukës",-7.38
"2003-12-27",32,"Shkodrës",-2.36
"2003-12-27",33,"Kavajës",5.51
"2003-12-27",34,"Tiranës",0.25
"2003-12-27",35,"Delvinës",4.07
"2003-12-27",36,"Sarandës",3.98
"2003-12-27",37,"Vlorës",5.58
"2003-12-28",1,"Beratit",1.47
"2003-12-28",2,"Kuçovës",1.43
"2003-12-28",3,"Skraparit",-0.28
"2003-12-28",4,"Bulqizës",-4.69
"2003-12-28",5,"Dibrës",-5.59
"2003-12-28",6,"Matit",-3.41
"2003-12-28",7,"Durrësit",9.14
"2003-12-28",8,"Krujës",1.78
"2003-12-28",9,"Elbasanit",-0.34
"2003-12-28",10,"Gramshit",-0.45
"2003-12-28",11,"Librazhdit",-1.79
"2003-12-28",12,"Peqinit",3.43
"2003-12-28",13,"Fierit",5.48
"2003-12-28",14,"Lushnjës",5.17
"2003-12-28",15,"Mallakastrës",3.19
"2003-12-28",16,"Gjirokastrës",1.96
"2003-12-28",17,"Përmetit",0.01
"2003-12-28",18,"Tepelenës",1.99
"2003-12-28",19,"Devollit",-3.34
"2003-12-28",20,"Kolonjës",-1.8
"2003-12-28",21,"Korçës",-1.66
"2003-12-28",22,"Pogradecit",-0.74
"2003-12-28",23,"Has",-6.07
"2003-12-28",24,"Kukësit",-6.07
"2003-12-28",25,"Tropojës",-5.95
"2003-12-28",26,"Kurbinit",2.01
"2003-12-28",27,"Lezhës",1.73
"2003-12-28",28,"Mirditës",-2.8
"2003-12-28",29,"Shkodrës",-0.28
"2003-12-28",30,"Malësi e Madhe",-2.7
"2003-12-28",31,"Pukës",-3.81
"2003-12-28",32,"Shkodrës",-2
"2003-12-28",33,"Kavajës",6.61
"2003-12-28",34,"Tiranës",0.81
"2003-12-28",35,"Delvinës",5.13
"2003-12-28",36,"Sarandës",5.66
"2003-12-28",37,"Vlorës",5.93
"2003-12-29",1,"Beratit",5.16
"2003-12-29",2,"Kuçovës",5.13
"2003-12-29",3,"Skraparit",2.74
"2003-12-29",4,"Bulqizës",-0.9
"2003-12-29",5,"Dibrës",-2.73
"2003-12-29",6,"Matit",-0.2
"2003-12-29",7,"Durrësit",11.3
"2003-12-29",8,"Krujës",5.58
"2003-12-29",9,"Elbasanit",2.84
"2003-12-29",10,"Gramshit",2.36
"2003-12-29",11,"Librazhdit",0.87
"2003-12-29",12,"Peqinit",6.81
"2003-12-29",13,"Fierit",8.02
"2003-12-29",14,"Lushnjës",7.98
"2003-12-29",15,"Mallakastrës",6.51
"2003-12-29",16,"Gjirokastrës",4.71
"2003-12-29",17,"Përmetit",2.65
"2003-12-29",18,"Tepelenës",5.2
"2003-12-29",19,"Devollit",-0.22
"2003-12-29",20,"Kolonjës",1.15
"2003-12-29",21,"Korçës",0.45
"2003-12-29",22,"Pogradecit",1.09
"2003-12-29",23,"Has",0.21
"2003-12-29",24,"Kukësit",-2.04
"2003-12-29",25,"Tropojës",0.39
"2003-12-29",26,"Kurbinit",5.33
"2003-12-29",27,"Lezhës",4.93
"2003-12-29",28,"Mirditës",-0.02
"2003-12-29",29,"Shkodrës",3.81
"2003-12-29",30,"Malësi e Madhe",2.72
"2003-12-29",31,"Pukës",0.26
"2003-12-29",32,"Shkodrës",3.19
"2003-12-29",33,"Kavajës",9.09
"2003-12-29",34,"Tiranës",4.24
"2003-12-29",35,"Delvinës",6.97
"2003-12-29",36,"Sarandës",7.8
"2003-12-29",37,"Vlorës",8.54
"2003-12-30",1,"Beratit",7.12
"2003-12-30",2,"Kuçovës",7.21
"2003-12-30",3,"Skraparit",4.32
"2003-12-30",4,"Bulqizës",0.6
"2003-12-30",5,"Dibrës",0.34
"2003-12-30",6,"Matit",2.88
"2003-12-30",7,"Durrësit",11.86
"2003-12-30",8,"Krujës",7.68
"2003-12-30",9,"Elbasanit",5.79
"2003-12-30",10,"Gramshit",4.49
"2003-12-30",11,"Librazhdit",2.56
"2003-12-30",12,"Peqinit",9.17
"2003-12-30",13,"Fierit",10
"2003-12-30",14,"Lushnjës",9.89
"2003-12-30",15,"Mallakastrës",8.33
"2003-12-30",16,"Gjirokastrës",6.82
"2003-12-30",17,"Përmetit",4.39
"2003-12-30",18,"Tepelenës",7
"2003-12-30",19,"Devollit",1.88
"2003-12-30",20,"Kolonjës",2.51
"2003-12-30",21,"Korçës",2.04
"2003-12-30",22,"Pogradecit",2.05
"2003-12-30",23,"Has",2.35
"2003-12-30",24,"Kukësit",0.4
"2003-12-30",25,"Tropojës",2.4
"2003-12-30",26,"Kurbinit",7.56
"2003-12-30",27,"Lezhës",7.11
"2003-12-30",28,"Mirditës",2.82
"2003-12-30",29,"Shkodrës",6.13
"2003-12-30",30,"Malësi e Madhe",4.82
"2003-12-30",31,"Pukës",2.38
"2003-12-30",32,"Shkodrës",5.43
"2003-12-30",33,"Kavajës",10.51
"2003-12-30",34,"Tiranës",6.9
"2003-12-30",35,"Delvinës",8.73
"2003-12-30",36,"Sarandës",9.55
"2003-12-30",37,"Vlorës",9.95
"2003-12-31",1,"Beratit",6.97
"2003-12-31",2,"Kuçovës",7.2
"2003-12-31",3,"Skraparit",4.81
"2003-12-31",4,"Bulqizës",2.94
"2003-12-31",5,"Dibrës",2.35
"2003-12-31",6,"Matit",4.33
"2003-12-31",7,"Durrësit",11.67
"2003-12-31",8,"Krujës",8.19
"2003-12-31",9,"Elbasanit",6.68
"2003-12-31",10,"Gramshit",5.52
"2003-12-31",11,"Librazhdit",4.49
"2003-12-31",12,"Peqinit",8.9
"2003-12-31",13,"Fierit",9.42
"2003-12-31",14,"Lushnjës",9.56
"2003-12-31",15,"Mallakastrës",7.5
"2003-12-31",16,"Gjirokastrës",5.38
"2003-12-31",17,"Përmetit",4.17
"2003-12-31",18,"Tepelenës",5.95
"2003-12-31",19,"Devollit",3.2
"2003-12-31",20,"Kolonjës",3.14
"2003-12-31",21,"Korçës",3.42
"2003-12-31",22,"Pogradecit",3.84
"2003-12-31",23,"Has",4.7
"2003-12-31",24,"Kukësit",2.52
"2003-12-31",25,"Tropojës",3.36
"2003-12-31",26,"Kurbinit",8.28
"2003-12-31",27,"Lezhës",7.85
"2003-12-31",28,"Mirditës",4.54
"2003-12-31",29,"Shkodrës",6.59
"2003-12-31",30,"Malësi e Madhe",4.38
"2003-12-31",31,"Pukës",3.98
"2003-12-31",32,"Shkodrës",5.51
"2003-12-31",33,"Kavajës",10.29
"2003-12-31",34,"Tiranës",7.5
"2003-12-31",35,"Delvinës",7.08
"2003-12-31",36,"Sarandës",8.09
"2003-12-31",37,"Vlorës",8.61
