"date","ID_1","GID_1","NAME_1","t2m"
"2023-01-01",1,"1","Famagusta",16.18
"2023-01-01",2,"2","Larnaca",12.63
"2023-01-01",3,"3","Limassol",10.28
"2023-01-01",4,"4","Nicosia",7.54
"2023-01-01",5,"5","Paphos",12.35
"2023-01-02",1,"1","Famagusta",17.17
"2023-01-02",2,"2","Larnaca",14.83
"2023-01-02",3,"3","Limassol",13.17
"2023-01-02",4,"4","Nicosia",10.43
"2023-01-02",5,"5","Paphos",14.16
"2023-01-03",1,"1","Famagusta",16.89
"2023-01-03",2,"2","Larnaca",13.51
"2023-01-03",3,"3","Limassol",11.46
"2023-01-03",4,"4","Nicosia",8.51
"2023-01-03",5,"5","Paphos",12.87
"2023-01-04",1,"1","Famagusta",16.8
"2023-01-04",2,"2","Larnaca",13.46
"2023-01-04",3,"3","Limassol",11.1
"2023-01-04",4,"4","Nicosia",8.65
"2023-01-04",5,"5","Paphos",13.26
"2023-01-05",1,"1","Famagusta",14.95
"2023-01-05",2,"2","Larnaca",11.89
"2023-01-05",3,"3","Limassol",11.12
"2023-01-05",4,"4","Nicosia",7.81
"2023-01-05",5,"5","Paphos",12.63
"2023-01-06",1,"1","Famagusta",15.36
"2023-01-06",2,"2","Larnaca",12.49
"2023-01-06",3,"3","Limassol",11.97
"2023-01-06",4,"4","Nicosia",8.33
"2023-01-06",5,"5","Paphos",13.06
"2023-01-07",1,"1","Famagusta",15.7
"2023-01-07",2,"2","Larnaca",14.08
"2023-01-07",3,"3","Limassol",13.23
"2023-01-07",4,"4","Nicosia",11.13
"2023-01-07",5,"5","Paphos",14.13
"2023-01-08",1,"1","Famagusta",14.97
"2023-01-08",2,"2","Larnaca",12.78
"2023-01-08",3,"3","Limassol",11.11
"2023-01-08",4,"4","Nicosia",9.01
"2023-01-08",5,"5","Paphos",12.51
"2023-01-09",1,"1","Famagusta",15.7
"2023-01-09",2,"2","Larnaca",12.26
"2023-01-09",3,"3","Limassol",10.04
"2023-01-09",4,"4","Nicosia",7.4
"2023-01-09",5,"5","Paphos",11.92
"2023-01-10",1,"1","Famagusta",15.1
"2023-01-10",2,"2","Larnaca",11.19
"2023-01-10",3,"3","Limassol",10.64
"2023-01-10",4,"4","Nicosia",6.53
"2023-01-10",5,"5","Paphos",11.91
"2023-01-11",1,"1","Famagusta",15.36
"2023-01-11",2,"2","Larnaca",12.36
"2023-01-11",3,"3","Limassol",12.06
"2023-01-11",4,"4","Nicosia",9.1
"2023-01-11",5,"5","Paphos",13.71
"2023-01-12",1,"1","Famagusta",16.61
"2023-01-12",2,"2","Larnaca",15.03
"2023-01-12",3,"3","Limassol",13.12
"2023-01-12",4,"4","Nicosia",11.55
"2023-01-12",5,"5","Paphos",13.71
"2023-01-13",1,"1","Famagusta",13.36
"2023-01-13",2,"2","Larnaca",11.64
"2023-01-13",3,"3","Limassol",10.51
"2023-01-13",4,"4","Nicosia",8.92
"2023-01-13",5,"5","Paphos",11.2
"2023-01-14",1,"1","Famagusta",13.6
"2023-01-14",2,"2","Larnaca",12.28
"2023-01-14",3,"3","Limassol",11.37
"2023-01-14",4,"4","Nicosia",9.71
"2023-01-14",5,"5","Paphos",11.91
"2023-01-15",1,"1","Famagusta",13.72
"2023-01-15",2,"2","Larnaca",12.81
"2023-01-15",3,"3","Limassol",11.72
"2023-01-15",4,"4","Nicosia",10.4
"2023-01-15",5,"5","Paphos",12.24
"2023-01-16",1,"1","Famagusta",13.92
"2023-01-16",2,"2","Larnaca",12.77
"2023-01-16",3,"3","Limassol",12.26
"2023-01-16",4,"4","Nicosia",11.19
"2023-01-16",5,"5","Paphos",12.99
"2023-01-17",1,"1","Famagusta",14.02
"2023-01-17",2,"2","Larnaca",12.31
"2023-01-17",3,"3","Limassol",10.94
"2023-01-17",4,"4","Nicosia",9.15
"2023-01-17",5,"5","Paphos",12.07
"2023-01-18",1,"1","Famagusta",15.12
"2023-01-18",2,"2","Larnaca",12.65
"2023-01-18",3,"3","Limassol",11.78
"2023-01-18",4,"4","Nicosia",8.96
"2023-01-18",5,"5","Paphos",13.03
"2023-01-19",1,"1","Famagusta",15.56
"2023-01-19",2,"2","Larnaca",12.51
"2023-01-19",3,"3","Limassol",11.73
"2023-01-19",4,"4","Nicosia",9.09
"2023-01-19",5,"5","Paphos",13.04
"2023-01-20",1,"1","Famagusta",16.47
"2023-01-20",2,"2","Larnaca",12.73
"2023-01-20",3,"3","Limassol",11.19
"2023-01-20",4,"4","Nicosia",9.05
"2023-01-20",5,"5","Paphos",12.22
"2023-01-21",1,"1","Famagusta",16.48
"2023-01-21",2,"2","Larnaca",12.16
"2023-01-21",3,"3","Limassol",11.07
"2023-01-21",4,"4","Nicosia",7.8
"2023-01-21",5,"5","Paphos",12.49
"2023-01-22",1,"1","Famagusta",16.71
"2023-01-22",2,"2","Larnaca",12.37
"2023-01-22",3,"3","Limassol",10.41
"2023-01-22",4,"4","Nicosia",7.66
"2023-01-22",5,"5","Paphos",12.46
"2023-01-23",1,"1","Famagusta",16.39
"2023-01-23",2,"2","Larnaca",12.69
"2023-01-23",3,"3","Limassol",11.48
"2023-01-23",4,"4","Nicosia",8.37
"2023-01-23",5,"5","Paphos",13.13
"2023-01-24",1,"1","Famagusta",16.26
"2023-01-24",2,"2","Larnaca",12.89
"2023-01-24",3,"3","Limassol",12.37
"2023-01-24",4,"4","Nicosia",8.88
"2023-01-24",5,"5","Paphos",13.43
"2023-01-25",1,"1","Famagusta",15.66
"2023-01-25",2,"2","Larnaca",11.88
"2023-01-25",3,"3","Limassol",10.21
"2023-01-25",4,"4","Nicosia",7.6
"2023-01-25",5,"5","Paphos",12.09
"2023-01-26",1,"1","Famagusta",14.7
"2023-01-26",2,"2","Larnaca",11.81
"2023-01-26",3,"3","Limassol",10.99
"2023-01-26",4,"4","Nicosia",7.67
"2023-01-26",5,"5","Paphos",12.08
"2023-01-27",1,"1","Famagusta",16.28
"2023-01-27",2,"2","Larnaca",12.46
"2023-01-27",3,"3","Limassol",10.5
"2023-01-27",4,"4","Nicosia",7.66
"2023-01-27",5,"5","Paphos",12.12
"2023-01-28",1,"1","Famagusta",17.05
"2023-01-28",2,"2","Larnaca",15.59
"2023-01-28",3,"3","Limassol",14.3
"2023-01-28",4,"4","Nicosia",12.37
"2023-01-28",5,"5","Paphos",15.33
"2023-01-29",1,"1","Famagusta",15.45
"2023-01-29",2,"2","Larnaca",12.55
"2023-01-29",3,"3","Limassol",11.55
"2023-01-29",4,"4","Nicosia",8.96
"2023-01-29",5,"5","Paphos",12.92
"2023-01-30",1,"1","Famagusta",14.27
"2023-01-30",2,"2","Larnaca",11.99
"2023-01-30",3,"3","Limassol",10.95
"2023-01-30",4,"4","Nicosia",8.43
"2023-01-30",5,"5","Paphos",11.9
"2023-01-31",1,"1","Famagusta",12.43
"2023-01-31",2,"2","Larnaca",10.74
"2023-01-31",3,"3","Limassol",9.79
"2023-01-31",4,"4","Nicosia",7.49
"2023-01-31",5,"5","Paphos",10.18
"2023-02-01",1,"1","Famagusta",13.33
"2023-02-01",2,"2","Larnaca",10.94
"2023-02-01",3,"3","Limassol",10.5
"2023-02-01",4,"4","Nicosia",7.56
"2023-02-01",5,"5","Paphos",11.29
"2023-02-02",1,"1","Famagusta",11.81
"2023-02-02",2,"2","Larnaca",9.26
"2023-02-02",3,"3","Limassol",9.19
"2023-02-02",4,"4","Nicosia",6.27
"2023-02-02",5,"5","Paphos",10.1
"2023-02-03",1,"1","Famagusta",12.52
"2023-02-03",2,"2","Larnaca",9.57
"2023-02-03",3,"3","Limassol",9.13
"2023-02-03",4,"4","Nicosia",5.46
"2023-02-03",5,"5","Paphos",10.28
"2023-02-04",1,"1","Famagusta",11.74
"2023-02-04",2,"2","Larnaca",9.71
"2023-02-04",3,"3","Limassol",8.52
"2023-02-04",4,"4","Nicosia",6.16
"2023-02-04",5,"5","Paphos",9.11
"2023-02-05",1,"1","Famagusta",13.33
"2023-02-05",2,"2","Larnaca",10.83
"2023-02-05",3,"3","Limassol",9.52
"2023-02-05",4,"4","Nicosia",7.13
"2023-02-05",5,"5","Paphos",10.56
"2023-02-06",1,"1","Famagusta",12.7
"2023-02-06",2,"2","Larnaca",10.17
"2023-02-06",3,"3","Limassol",8.57
"2023-02-06",4,"4","Nicosia",7.25
"2023-02-06",5,"5","Paphos",9.52
"2023-02-07",1,"1","Famagusta",11.92
"2023-02-07",2,"2","Larnaca",9.32
"2023-02-07",3,"3","Limassol",7.39
"2023-02-07",4,"4","Nicosia",5.78
"2023-02-07",5,"5","Paphos",8.85
"2023-02-08",1,"1","Famagusta",9.58
"2023-02-08",2,"2","Larnaca",6.98
"2023-02-08",3,"3","Limassol",5.82
"2023-02-08",4,"4","Nicosia",3.13
"2023-02-08",5,"5","Paphos",6.96
"2023-02-09",1,"1","Famagusta",9.47
"2023-02-09",2,"2","Larnaca",6.63
"2023-02-09",3,"3","Limassol",5.62
"2023-02-09",4,"4","Nicosia",1.93
"2023-02-09",5,"5","Paphos",6.88
"2023-02-10",1,"1","Famagusta",11.32
"2023-02-10",2,"2","Larnaca",7.92
"2023-02-10",3,"3","Limassol",6.26
"2023-02-10",4,"4","Nicosia",3.64
"2023-02-10",5,"5","Paphos",7.4
"2023-02-11",1,"1","Famagusta",12.2
"2023-02-11",2,"2","Larnaca",9.48
"2023-02-11",3,"3","Limassol",7.5
"2023-02-11",4,"4","Nicosia",5.02
"2023-02-11",5,"5","Paphos",8.38
"2023-02-12",1,"1","Famagusta",12.52
"2023-02-12",2,"2","Larnaca",9.95
"2023-02-12",3,"3","Limassol",8.21
"2023-02-12",4,"4","Nicosia",5.38
"2023-02-12",5,"5","Paphos",9.4
"2023-02-13",1,"1","Famagusta",11.81
"2023-02-13",2,"2","Larnaca",8.24
"2023-02-13",3,"3","Limassol",7.03
"2023-02-13",4,"4","Nicosia",3.03
"2023-02-13",5,"5","Paphos",8.36
"2023-02-14",1,"1","Famagusta",12.35
"2023-02-14",2,"2","Larnaca",9.38
"2023-02-14",3,"3","Limassol",7.34
"2023-02-14",4,"4","Nicosia",4.63
"2023-02-14",5,"5","Paphos",8.4
"2023-02-15",1,"1","Famagusta",11.17
"2023-02-15",2,"2","Larnaca",7.7
"2023-02-15",3,"3","Limassol",7.04
"2023-02-15",4,"4","Nicosia",3.1
"2023-02-15",5,"5","Paphos",8.49
"2023-02-16",1,"1","Famagusta",11.98
"2023-02-16",2,"2","Larnaca",8.4
"2023-02-16",3,"3","Limassol",7.32
"2023-02-16",4,"4","Nicosia",3.46
"2023-02-16",5,"5","Paphos",8.54
"2023-02-17",1,"1","Famagusta",12.13
"2023-02-17",2,"2","Larnaca",8.17
"2023-02-17",3,"3","Limassol",7.34
"2023-02-17",4,"4","Nicosia",3.05
"2023-02-17",5,"5","Paphos",8.77
"2023-02-18",1,"1","Famagusta",12.19
"2023-02-18",2,"2","Larnaca",8.72
"2023-02-18",3,"3","Limassol",8.02
"2023-02-18",4,"4","Nicosia",4.1
"2023-02-18",5,"5","Paphos",9.1
"2023-02-19",1,"1","Famagusta",13.14
"2023-02-19",2,"2","Larnaca",10.3
"2023-02-19",3,"3","Limassol",9.89
"2023-02-19",4,"4","Nicosia",6.67
"2023-02-19",5,"5","Paphos",11.15
"2023-02-20",1,"1","Famagusta",13.57
"2023-02-20",2,"2","Larnaca",10.7
"2023-02-20",3,"3","Limassol",10.3
"2023-02-20",4,"4","Nicosia",7.26
"2023-02-20",5,"5","Paphos",11.22
"2023-02-21",1,"1","Famagusta",13.13
"2023-02-21",2,"2","Larnaca",11.02
"2023-02-21",3,"3","Limassol",10.32
"2023-02-21",4,"4","Nicosia",7.71
"2023-02-21",5,"5","Paphos",11.54
"2023-02-22",1,"1","Famagusta",13.81
"2023-02-22",2,"2","Larnaca",11.21
"2023-02-22",3,"3","Limassol",10.07
"2023-02-22",4,"4","Nicosia",7.95
"2023-02-22",5,"5","Paphos",11.22
"2023-02-23",1,"1","Famagusta",14.05
"2023-02-23",2,"2","Larnaca",11.32
"2023-02-23",3,"3","Limassol",10.74
"2023-02-23",4,"4","Nicosia",8.42
"2023-02-23",5,"5","Paphos",11.98
"2023-02-24",1,"1","Famagusta",14.21
"2023-02-24",2,"2","Larnaca",11.3
"2023-02-24",3,"3","Limassol",10.11
"2023-02-24",4,"4","Nicosia",8.05
"2023-02-24",5,"5","Paphos",11.48
"2023-02-25",1,"1","Famagusta",14.37
"2023-02-25",2,"2","Larnaca",11.79
"2023-02-25",3,"3","Limassol",10.47
"2023-02-25",4,"4","Nicosia",8.45
"2023-02-25",5,"5","Paphos",11.71
"2023-02-26",1,"1","Famagusta",14.79
"2023-02-26",2,"2","Larnaca",11.99
"2023-02-26",3,"3","Limassol",10.54
"2023-02-26",4,"4","Nicosia",8.77
"2023-02-26",5,"5","Paphos",11.52
"2023-02-27",1,"1","Famagusta",16.71
"2023-02-27",2,"2","Larnaca",13.34
"2023-02-27",3,"3","Limassol",12.45
"2023-02-27",4,"4","Nicosia",10.41
"2023-02-27",5,"5","Paphos",13.27
"2023-02-28",1,"1","Famagusta",16.8
"2023-02-28",2,"2","Larnaca",14.6
"2023-02-28",3,"3","Limassol",15.12
"2023-02-28",4,"4","Nicosia",13.06
"2023-02-28",5,"5","Paphos",14.97
"2023-03-01",1,"1","Famagusta",17.11
"2023-03-01",2,"2","Larnaca",15.76
"2023-03-01",3,"3","Limassol",16.11
"2023-03-01",4,"4","Nicosia",14.45
"2023-03-01",5,"5","Paphos",16.42
"2023-03-02",1,"1","Famagusta",16.3
"2023-03-02",2,"2","Larnaca",15.84
"2023-03-02",3,"3","Limassol",16.74
"2023-03-02",4,"4","Nicosia",15.04
"2023-03-02",5,"5","Paphos",16.73
"2023-03-03",1,"1","Famagusta",17.33
"2023-03-03",2,"2","Larnaca",15.62
"2023-03-03",3,"3","Limassol",15.56
"2023-03-03",4,"4","Nicosia",13.09
"2023-03-03",5,"5","Paphos",15.78
"2023-03-04",1,"1","Famagusta",16.13
"2023-03-04",2,"2","Larnaca",14.58
"2023-03-04",3,"3","Limassol",13.13
"2023-03-04",4,"4","Nicosia",12.02
"2023-03-04",5,"5","Paphos",13.81
"2023-03-05",1,"1","Famagusta",15.28
"2023-03-05",2,"2","Larnaca",12.91
"2023-03-05",3,"3","Limassol",11.34
"2023-03-05",4,"4","Nicosia",9.42
"2023-03-05",5,"5","Paphos",12.39
"2023-03-06",1,"1","Famagusta",16.55
"2023-03-06",2,"2","Larnaca",15.34
"2023-03-06",3,"3","Limassol",13.6
"2023-03-06",4,"4","Nicosia",12.7
"2023-03-06",5,"5","Paphos",13.73
"2023-03-07",1,"1","Famagusta",14.77
"2023-03-07",2,"2","Larnaca",12.8
"2023-03-07",3,"3","Limassol",11.74
"2023-03-07",4,"4","Nicosia",9.84
"2023-03-07",5,"5","Paphos",12.83
"2023-03-08",1,"1","Famagusta",15.23
"2023-03-08",2,"2","Larnaca",13.31
"2023-03-08",3,"3","Limassol",12.06
"2023-03-08",4,"4","Nicosia",10.51
"2023-03-08",5,"5","Paphos",12.93
"2023-03-09",1,"1","Famagusta",14.63
"2023-03-09",2,"2","Larnaca",12.56
"2023-03-09",3,"3","Limassol",11.55
"2023-03-09",4,"4","Nicosia",9.83
"2023-03-09",5,"5","Paphos",12.9
"2023-03-10",1,"1","Famagusta",15.35
"2023-03-10",2,"2","Larnaca",13.22
"2023-03-10",3,"3","Limassol",11.57
"2023-03-10",4,"4","Nicosia",9.53
"2023-03-10",5,"5","Paphos",13
"2023-03-11",1,"1","Famagusta",15.65
"2023-03-11",2,"2","Larnaca",13.22
"2023-03-11",3,"3","Limassol",12.74
"2023-03-11",4,"4","Nicosia",9.75
"2023-03-11",5,"5","Paphos",14.1
"2023-03-12",1,"1","Famagusta",15.93
"2023-03-12",2,"2","Larnaca",13.87
"2023-03-12",3,"3","Limassol",13.32
"2023-03-12",4,"4","Nicosia",10.8
"2023-03-12",5,"5","Paphos",14.74
"2023-03-13",1,"1","Famagusta",16.23
"2023-03-13",2,"2","Larnaca",15.13
"2023-03-13",3,"3","Limassol",13.64
"2023-03-13",4,"4","Nicosia",12.96
"2023-03-13",5,"5","Paphos",14.06
"2023-03-14",1,"1","Famagusta",15.04
"2023-03-14",2,"2","Larnaca",12.74
"2023-03-14",3,"3","Limassol",11.72
"2023-03-14",4,"4","Nicosia",10.04
"2023-03-14",5,"5","Paphos",12.33
"2023-03-15",1,"1","Famagusta",14.12
"2023-03-15",2,"2","Larnaca",11.93
"2023-03-15",3,"3","Limassol",10.92
"2023-03-15",4,"4","Nicosia",8.69
"2023-03-15",5,"5","Paphos",11.53
"2023-03-16",1,"1","Famagusta",14.93
"2023-03-16",2,"2","Larnaca",12.79
"2023-03-16",3,"3","Limassol",11.45
"2023-03-16",4,"4","Nicosia",9.11
"2023-03-16",5,"5","Paphos",12.74
"2023-03-17",1,"1","Famagusta",17.21
"2023-03-17",2,"2","Larnaca",15.52
"2023-03-17",3,"3","Limassol",14.63
"2023-03-17",4,"4","Nicosia",13.11
"2023-03-17",5,"5","Paphos",15.52
"2023-03-18",1,"1","Famagusta",14.94
"2023-03-18",2,"2","Larnaca",11.8
"2023-03-18",3,"3","Limassol",10.38
"2023-03-18",4,"4","Nicosia",8.34
"2023-03-18",5,"5","Paphos",11.28
"2023-03-19",1,"1","Famagusta",13.59
"2023-03-19",2,"2","Larnaca",12.62
"2023-03-19",3,"3","Limassol",12.05
"2023-03-19",4,"4","Nicosia",10.6
"2023-03-19",5,"5","Paphos",12.74
"2023-03-20",1,"1","Famagusta",13.84
"2023-03-20",2,"2","Larnaca",11.41
"2023-03-20",3,"3","Limassol",11.09
"2023-03-20",4,"4","Nicosia",8.86
"2023-03-20",5,"5","Paphos",12.58
"2023-03-21",1,"1","Famagusta",15.4
"2023-03-21",2,"2","Larnaca",13.51
"2023-03-21",3,"3","Limassol",12.31
"2023-03-21",4,"4","Nicosia",10.27
"2023-03-21",5,"5","Paphos",13.6
"2023-03-22",1,"1","Famagusta",15.49
"2023-03-22",2,"2","Larnaca",13.59
"2023-03-22",3,"3","Limassol",13.05
"2023-03-22",4,"4","Nicosia",10.57
"2023-03-22",5,"5","Paphos",13.16
"2023-03-23",1,"1","Famagusta",15.7
"2023-03-23",2,"2","Larnaca",14.34
"2023-03-23",3,"3","Limassol",13.51
"2023-03-23",4,"4","Nicosia",11.85
"2023-03-23",5,"5","Paphos",13.87
"2023-03-24",1,"1","Famagusta",16.4
"2023-03-24",2,"2","Larnaca",13.92
"2023-03-24",3,"3","Limassol",12.99
"2023-03-24",4,"4","Nicosia",11.2
"2023-03-24",5,"5","Paphos",14.03
"2023-03-25",1,"1","Famagusta",17.33
"2023-03-25",2,"2","Larnaca",15.81
"2023-03-25",3,"3","Limassol",14.52
"2023-03-25",4,"4","Nicosia",13.4
"2023-03-25",5,"5","Paphos",14.96
"2023-03-26",1,"1","Famagusta",16.57
"2023-03-26",2,"2","Larnaca",14.58
"2023-03-26",3,"3","Limassol",13.73
"2023-03-26",4,"4","Nicosia",11.52
"2023-03-26",5,"5","Paphos",14.53
"2023-03-27",1,"1","Famagusta",15.94
"2023-03-27",2,"2","Larnaca",13.79
"2023-03-27",3,"3","Limassol",12.56
"2023-03-27",4,"4","Nicosia",10.92
"2023-03-27",5,"5","Paphos",13.57
"2023-03-28",1,"1","Famagusta",16.34
"2023-03-28",2,"2","Larnaca",14.03
"2023-03-28",3,"3","Limassol",12.56
"2023-03-28",4,"4","Nicosia",10.57
"2023-03-28",5,"5","Paphos",13.77
"2023-03-29",1,"1","Famagusta",15.97
"2023-03-29",2,"2","Larnaca",13.89
"2023-03-29",3,"3","Limassol",11.91
"2023-03-29",4,"4","Nicosia",11.01
"2023-03-29",5,"5","Paphos",12.64
"2023-03-30",1,"1","Famagusta",13.83
"2023-03-30",2,"2","Larnaca",12.29
"2023-03-30",3,"3","Limassol",11.15
"2023-03-30",4,"4","Nicosia",8.69
"2023-03-30",5,"5","Paphos",11.41
"2023-03-31",1,"1","Famagusta",13.22
"2023-03-31",2,"2","Larnaca",10.43
"2023-03-31",3,"3","Limassol",9.53
"2023-03-31",4,"4","Nicosia",6.51
"2023-03-31",5,"5","Paphos",10.9
"2023-04-01",1,"1","Famagusta",13.52
"2023-04-01",2,"2","Larnaca",10.7
"2023-04-01",3,"3","Limassol",9.45
"2023-04-01",4,"4","Nicosia",6.61
"2023-04-01",5,"5","Paphos",11.75
"2023-04-02",1,"1","Famagusta",15.75
"2023-04-02",2,"2","Larnaca",13.7
"2023-04-02",3,"3","Limassol",12.66
"2023-04-02",4,"4","Nicosia",10.32
"2023-04-02",5,"5","Paphos",13.4
"2023-04-03",1,"1","Famagusta",15.42
"2023-04-03",2,"2","Larnaca",12.76
"2023-04-03",3,"3","Limassol",11.79
"2023-04-03",4,"4","Nicosia",9.47
"2023-04-03",5,"5","Paphos",13.4
"2023-04-04",1,"1","Famagusta",17.52
"2023-04-04",2,"2","Larnaca",14.59
"2023-04-04",3,"3","Limassol",13.97
"2023-04-04",4,"4","Nicosia",11.74
"2023-04-04",5,"5","Paphos",14.7
"2023-04-05",1,"1","Famagusta",16.63
"2023-04-05",2,"2","Larnaca",15
"2023-04-05",3,"3","Limassol",13.38
"2023-04-05",4,"4","Nicosia",12.49
"2023-04-05",5,"5","Paphos",13.94
"2023-04-06",1,"1","Famagusta",15.66
"2023-04-06",2,"2","Larnaca",13.82
"2023-04-06",3,"3","Limassol",12.38
"2023-04-06",4,"4","Nicosia",11.09
"2023-04-06",5,"5","Paphos",13.31
"2023-04-07",1,"1","Famagusta",15.73
"2023-04-07",2,"2","Larnaca",13.31
"2023-04-07",3,"3","Limassol",11.64
"2023-04-07",4,"4","Nicosia",10.05
"2023-04-07",5,"5","Paphos",12.78
"2023-04-08",1,"1","Famagusta",15.65
"2023-04-08",2,"2","Larnaca",13.66
"2023-04-08",3,"3","Limassol",11.73
"2023-04-08",4,"4","Nicosia",9.65
"2023-04-08",5,"5","Paphos",12.57
"2023-04-09",1,"1","Famagusta",17.66
"2023-04-09",2,"2","Larnaca",15.87
"2023-04-09",3,"3","Limassol",14.48
"2023-04-09",4,"4","Nicosia",12.9
"2023-04-09",5,"5","Paphos",14.93
"2023-04-10",1,"1","Famagusta",18.25
"2023-04-10",2,"2","Larnaca",17.37
"2023-04-10",3,"3","Limassol",16.9
"2023-04-10",4,"4","Nicosia",15.01
"2023-04-10",5,"5","Paphos",17.01
"2023-04-11",1,"1","Famagusta",17.35
"2023-04-11",2,"2","Larnaca",16.36
"2023-04-11",3,"3","Limassol",14.51
"2023-04-11",4,"4","Nicosia",13.51
"2023-04-11",5,"5","Paphos",14.27
"2023-04-12",1,"1","Famagusta",15.31
"2023-04-12",2,"2","Larnaca",13.19
"2023-04-12",3,"3","Limassol",10.87
"2023-04-12",4,"4","Nicosia",10.23
"2023-04-12",5,"5","Paphos",10.47
"2023-04-13",1,"1","Famagusta",15.28
"2023-04-13",2,"2","Larnaca",13.22
"2023-04-13",3,"3","Limassol",11.3
"2023-04-13",4,"4","Nicosia",9.93
"2023-04-13",5,"5","Paphos",12.44
"2023-04-14",1,"1","Famagusta",15.99
"2023-04-14",2,"2","Larnaca",13.34
"2023-04-14",3,"3","Limassol",11.71
"2023-04-14",4,"4","Nicosia",9.37
"2023-04-14",5,"5","Paphos",12.69
"2023-04-15",1,"1","Famagusta",16.1
"2023-04-15",2,"2","Larnaca",13.27
"2023-04-15",3,"3","Limassol",12.03
"2023-04-15",4,"4","Nicosia",9.76
"2023-04-15",5,"5","Paphos",12.89
"2023-04-16",1,"1","Famagusta",17.83
"2023-04-16",2,"2","Larnaca",15.52
"2023-04-16",3,"3","Limassol",14
"2023-04-16",4,"4","Nicosia",12.46
"2023-04-16",5,"5","Paphos",14.73
"2023-04-17",1,"1","Famagusta",17.85
"2023-04-17",2,"2","Larnaca",16.26
"2023-04-17",3,"3","Limassol",16.13
"2023-04-17",4,"4","Nicosia",14.57
"2023-04-17",5,"5","Paphos",16.43
"2023-04-18",1,"1","Famagusta",18.73
"2023-04-18",2,"2","Larnaca",17.03
"2023-04-18",3,"3","Limassol",16.72
"2023-04-18",4,"4","Nicosia",15.63
"2023-04-18",5,"5","Paphos",17.12
"2023-04-19",1,"1","Famagusta",19.67
"2023-04-19",2,"2","Larnaca",19.32
"2023-04-19",3,"3","Limassol",18.72
"2023-04-19",4,"4","Nicosia",17.28
"2023-04-19",5,"5","Paphos",18.63
"2023-04-20",1,"1","Famagusta",18.28
"2023-04-20",2,"2","Larnaca",17.32
"2023-04-20",3,"3","Limassol",15.36
"2023-04-20",4,"4","Nicosia",14.28
"2023-04-20",5,"5","Paphos",14.83
"2023-04-21",1,"1","Famagusta",17.05
"2023-04-21",2,"2","Larnaca",15.57
"2023-04-21",3,"3","Limassol",14.33
"2023-04-21",4,"4","Nicosia",13.06
"2023-04-21",5,"5","Paphos",14.85
"2023-04-22",1,"1","Famagusta",17.41
"2023-04-22",2,"2","Larnaca",14.9
"2023-04-22",3,"3","Limassol",12.96
"2023-04-22",4,"4","Nicosia",11.46
"2023-04-22",5,"5","Paphos",13.42
"2023-04-23",1,"1","Famagusta",17.48
"2023-04-23",2,"2","Larnaca",15.95
"2023-04-23",3,"3","Limassol",14.79
"2023-04-23",4,"4","Nicosia",13.14
"2023-04-23",5,"5","Paphos",14.61
"2023-04-24",1,"1","Famagusta",17.85
"2023-04-24",2,"2","Larnaca",15.74
"2023-04-24",3,"3","Limassol",13.88
"2023-04-24",4,"4","Nicosia",12.65
"2023-04-24",5,"5","Paphos",14.78
"2023-04-25",1,"1","Famagusta",17.98
"2023-04-25",2,"2","Larnaca",15.1
"2023-04-25",3,"3","Limassol",13.36
"2023-04-25",4,"4","Nicosia",11.42
"2023-04-25",5,"5","Paphos",13.87
"2023-04-26",1,"1","Famagusta",17.55
"2023-04-26",2,"2","Larnaca",15.25
"2023-04-26",3,"3","Limassol",14.06
"2023-04-26",4,"4","Nicosia",12.23
"2023-04-26",5,"5","Paphos",14.25
"2023-04-27",1,"1","Famagusta",17.7
"2023-04-27",2,"2","Larnaca",14.93
"2023-04-27",3,"3","Limassol",13.2
"2023-04-27",4,"4","Nicosia",11.22
"2023-04-27",5,"5","Paphos",14.48
"2023-04-28",1,"1","Famagusta",17.07
"2023-04-28",2,"2","Larnaca",14.66
"2023-04-28",3,"3","Limassol",13.14
"2023-04-28",4,"4","Nicosia",11.33
"2023-04-28",5,"5","Paphos",13.93
"2023-04-29",1,"1","Famagusta",15.8
"2023-04-29",2,"2","Larnaca",13.4
"2023-04-29",3,"3","Limassol",12.05
"2023-04-29",4,"4","Nicosia",10
"2023-04-29",5,"5","Paphos",13.07
"2023-04-30",1,"1","Famagusta",15.97
"2023-04-30",2,"2","Larnaca",13.6
"2023-04-30",3,"3","Limassol",12.94
"2023-04-30",4,"4","Nicosia",10.19
"2023-04-30",5,"5","Paphos",13.88
"2023-05-01",1,"1","Famagusta",16.83
"2023-05-01",2,"2","Larnaca",14.21
"2023-05-01",3,"3","Limassol",12.82
"2023-05-01",4,"4","Nicosia",10.54
"2023-05-01",5,"5","Paphos",13.87
"2023-05-02",1,"1","Famagusta",17.49
"2023-05-02",2,"2","Larnaca",15.28
"2023-05-02",3,"3","Limassol",13.91
"2023-05-02",4,"4","Nicosia",11.75
"2023-05-02",5,"5","Paphos",14.64
"2023-05-03",1,"1","Famagusta",18.82
"2023-05-03",2,"2","Larnaca",16.65
"2023-05-03",3,"3","Limassol",15.02
"2023-05-03",4,"4","Nicosia",12.93
"2023-05-03",5,"5","Paphos",15.77
"2023-05-04",1,"1","Famagusta",19.03
"2023-05-04",2,"2","Larnaca",17
"2023-05-04",3,"3","Limassol",15.63
"2023-05-04",4,"4","Nicosia",13.36
"2023-05-04",5,"5","Paphos",16.97
"2023-05-05",1,"1","Famagusta",21.11
"2023-05-05",2,"2","Larnaca",20.17
"2023-05-05",3,"3","Limassol",20.18
"2023-05-05",4,"4","Nicosia",18.32
"2023-05-05",5,"5","Paphos",19.92
"2023-05-06",1,"1","Famagusta",18.75
"2023-05-06",2,"2","Larnaca",17.97
"2023-05-06",3,"3","Limassol",17.04
"2023-05-06",4,"4","Nicosia",16.46
"2023-05-06",5,"5","Paphos",17.11
"2023-05-07",1,"1","Famagusta",17.44
"2023-05-07",2,"2","Larnaca",15.16
"2023-05-07",3,"3","Limassol",14.1
"2023-05-07",4,"4","Nicosia",12.27
"2023-05-07",5,"5","Paphos",14.66
"2023-05-08",1,"1","Famagusta",17.85
"2023-05-08",2,"2","Larnaca",15.95
"2023-05-08",3,"3","Limassol",15.29
"2023-05-08",4,"4","Nicosia",13.12
"2023-05-08",5,"5","Paphos",15.82
"2023-05-09",1,"1","Famagusta",18.92
"2023-05-09",2,"2","Larnaca",16.66
"2023-05-09",3,"3","Limassol",15.63
"2023-05-09",4,"4","Nicosia",13.56
"2023-05-09",5,"5","Paphos",16.09
"2023-05-10",1,"1","Famagusta",19.17
"2023-05-10",2,"2","Larnaca",17.52
"2023-05-10",3,"3","Limassol",16.36
"2023-05-10",4,"4","Nicosia",14.5
"2023-05-10",5,"5","Paphos",16.8
"2023-05-11",1,"1","Famagusta",19.02
"2023-05-11",2,"2","Larnaca",17.54
"2023-05-11",3,"3","Limassol",16.7
"2023-05-11",4,"4","Nicosia",14.67
"2023-05-11",5,"5","Paphos",17.4
"2023-05-12",1,"1","Famagusta",20.79
"2023-05-12",2,"2","Larnaca",20.5
"2023-05-12",3,"3","Limassol",19.9
"2023-05-12",4,"4","Nicosia",18.56
"2023-05-12",5,"5","Paphos",18.99
"2023-05-13",1,"1","Famagusta",20.06
"2023-05-13",2,"2","Larnaca",18.91
"2023-05-13",3,"3","Limassol",17.68
"2023-05-13",4,"4","Nicosia",17.06
"2023-05-13",5,"5","Paphos",17.58
"2023-05-14",1,"1","Famagusta",20.31
"2023-05-14",2,"2","Larnaca",18.76
"2023-05-14",3,"3","Limassol",17.1
"2023-05-14",4,"4","Nicosia",16.04
"2023-05-14",5,"5","Paphos",16.58
"2023-05-15",1,"1","Famagusta",19.7
"2023-05-15",2,"2","Larnaca",19.03
"2023-05-15",3,"3","Limassol",18.03
"2023-05-15",4,"4","Nicosia",16.88
"2023-05-15",5,"5","Paphos",18.34
"2023-05-16",1,"1","Famagusta",21.38
"2023-05-16",2,"2","Larnaca",20.76
"2023-05-16",3,"3","Limassol",19.96
"2023-05-16",4,"4","Nicosia",18.63
"2023-05-16",5,"5","Paphos",20.11
"2023-05-17",1,"1","Famagusta",22.43
"2023-05-17",2,"2","Larnaca",21.84
"2023-05-17",3,"3","Limassol",21.68
"2023-05-17",4,"4","Nicosia",21.41
"2023-05-17",5,"5","Paphos",20.86
"2023-05-18",1,"1","Famagusta",21.95
"2023-05-18",2,"2","Larnaca",20.68
"2023-05-18",3,"3","Limassol",18.58
"2023-05-18",4,"4","Nicosia",18.09
"2023-05-18",5,"5","Paphos",18.07
"2023-05-19",1,"1","Famagusta",19.72
"2023-05-19",2,"2","Larnaca",17.57
"2023-05-19",3,"3","Limassol",15.84
"2023-05-19",4,"4","Nicosia",14.96
"2023-05-19",5,"5","Paphos",16.82
"2023-05-20",1,"1","Famagusta",20.38
"2023-05-20",2,"2","Larnaca",18.02
"2023-05-20",3,"3","Limassol",16.48
"2023-05-20",4,"4","Nicosia",15.45
"2023-05-20",5,"5","Paphos",16.86
"2023-05-21",1,"1","Famagusta",20.26
"2023-05-21",2,"2","Larnaca",18.55
"2023-05-21",3,"3","Limassol",17.17
"2023-05-21",4,"4","Nicosia",15.64
"2023-05-21",5,"5","Paphos",17.3
"2023-05-22",1,"1","Famagusta",19.99
"2023-05-22",2,"2","Larnaca",18.47
"2023-05-22",3,"3","Limassol",18.45
"2023-05-22",4,"4","Nicosia",16.52
"2023-05-22",5,"5","Paphos",18.89
"2023-05-23",1,"1","Famagusta",21.13
"2023-05-23",2,"2","Larnaca",20.03
"2023-05-23",3,"3","Limassol",18.3
"2023-05-23",4,"4","Nicosia",17.74
"2023-05-23",5,"5","Paphos",18.13
"2023-05-24",1,"1","Famagusta",19.93
"2023-05-24",2,"2","Larnaca",17.22
"2023-05-24",3,"3","Limassol",15.9
"2023-05-24",4,"4","Nicosia",14.18
"2023-05-24",5,"5","Paphos",16.6
"2023-05-25",1,"1","Famagusta",20.85
"2023-05-25",2,"2","Larnaca",18.69
"2023-05-25",3,"3","Limassol",17.41
"2023-05-25",4,"4","Nicosia",15.64
"2023-05-25",5,"5","Paphos",17.28
"2023-05-26",1,"1","Famagusta",20.88
"2023-05-26",2,"2","Larnaca",18.27
"2023-05-26",3,"3","Limassol",16.74
"2023-05-26",4,"4","Nicosia",15.05
"2023-05-26",5,"5","Paphos",16.89
"2023-05-27",1,"1","Famagusta",20.83
"2023-05-27",2,"2","Larnaca",19.83
"2023-05-27",3,"3","Limassol",20.24
"2023-05-27",4,"4","Nicosia",18.1
"2023-05-27",5,"5","Paphos",20.2
"2023-05-28",1,"1","Famagusta",22.11
"2023-05-28",2,"2","Larnaca",22.43
"2023-05-28",3,"3","Limassol",22.22
"2023-05-28",4,"4","Nicosia",21.62
"2023-05-28",5,"5","Paphos",22.27
"2023-05-29",1,"1","Famagusta",20.61
"2023-05-29",2,"2","Larnaca",19.49
"2023-05-29",3,"3","Limassol",18.59
"2023-05-29",4,"4","Nicosia",17.71
"2023-05-29",5,"5","Paphos",18.96
"2023-05-30",1,"1","Famagusta",20.88
"2023-05-30",2,"2","Larnaca",18.48
"2023-05-30",3,"3","Limassol",17.01
"2023-05-30",4,"4","Nicosia",15.95
"2023-05-30",5,"5","Paphos",17.46
"2023-05-31",1,"1","Famagusta",20.63
"2023-05-31",2,"2","Larnaca",19.07
"2023-05-31",3,"3","Limassol",17.67
"2023-05-31",4,"4","Nicosia",16.17
"2023-05-31",5,"5","Paphos",17.56
"2023-06-01",1,"1","Famagusta",21.11
"2023-06-01",2,"2","Larnaca",19.02
"2023-06-01",3,"3","Limassol",17.88
"2023-06-01",4,"4","Nicosia",16.19
"2023-06-01",5,"5","Paphos",18.04
"2023-06-02",1,"1","Famagusta",21.9
"2023-06-02",2,"2","Larnaca",20.91
"2023-06-02",3,"3","Limassol",21.23
"2023-06-02",4,"4","Nicosia",19.57
"2023-06-02",5,"5","Paphos",20.85
"2023-06-03",1,"1","Famagusta",22.56
"2023-06-03",2,"2","Larnaca",21.38
"2023-06-03",3,"3","Limassol",21.18
"2023-06-03",4,"4","Nicosia",19.69
"2023-06-03",5,"5","Paphos",21.28
"2023-06-04",1,"1","Famagusta",21.57
"2023-06-04",2,"2","Larnaca",19.97
"2023-06-04",3,"3","Limassol",18.66
"2023-06-04",4,"4","Nicosia",17.7
"2023-06-04",5,"5","Paphos",18.79
"2023-06-05",1,"1","Famagusta",21.46
"2023-06-05",2,"2","Larnaca",19.23
"2023-06-05",3,"3","Limassol",17.74
"2023-06-05",4,"4","Nicosia",16.53
"2023-06-05",5,"5","Paphos",18.2
"2023-06-06",1,"1","Famagusta",21.72
"2023-06-06",2,"2","Larnaca",20.15
"2023-06-06",3,"3","Limassol",19
"2023-06-06",4,"4","Nicosia",17.49
"2023-06-06",5,"5","Paphos",18.76
"2023-06-07",1,"1","Famagusta",23.13
"2023-06-07",2,"2","Larnaca",21.72
"2023-06-07",3,"3","Limassol",20.34
"2023-06-07",4,"4","Nicosia",19.06
"2023-06-07",5,"5","Paphos",19.89
"2023-06-08",1,"1","Famagusta",23.37
"2023-06-08",2,"2","Larnaca",22.2
"2023-06-08",3,"3","Limassol",20.74
"2023-06-08",4,"4","Nicosia",19.63
"2023-06-08",5,"5","Paphos",20.89
"2023-06-09",1,"1","Famagusta",23.47
"2023-06-09",2,"2","Larnaca",22.34
"2023-06-09",3,"3","Limassol",22.03
"2023-06-09",4,"4","Nicosia",20.63
"2023-06-09",5,"5","Paphos",22.35
"2023-06-10",1,"1","Famagusta",24.41
"2023-06-10",2,"2","Larnaca",22.95
"2023-06-10",3,"3","Limassol",21.69
"2023-06-10",4,"4","Nicosia",20.32
"2023-06-10",5,"5","Paphos",21.27
"2023-06-11",1,"1","Famagusta",23.05
"2023-06-11",2,"2","Larnaca",21.87
"2023-06-11",3,"3","Limassol",20.51
"2023-06-11",4,"4","Nicosia",20.04
"2023-06-11",5,"5","Paphos",20.36
"2023-06-12",1,"1","Famagusta",22.65
"2023-06-12",2,"2","Larnaca",21.2
"2023-06-12",3,"3","Limassol",20.2
"2023-06-12",4,"4","Nicosia",19.41
"2023-06-12",5,"5","Paphos",20.17
"2023-06-13",1,"1","Famagusta",22.9
"2023-06-13",2,"2","Larnaca",21.39
"2023-06-13",3,"3","Limassol",19.7
"2023-06-13",4,"4","Nicosia",19.07
"2023-06-13",5,"5","Paphos",20.02
"2023-06-14",1,"1","Famagusta",22.85
"2023-06-14",2,"2","Larnaca",21.33
"2023-06-14",3,"3","Limassol",20.3
"2023-06-14",4,"4","Nicosia",19.02
"2023-06-14",5,"5","Paphos",20.07
"2023-06-15",1,"1","Famagusta",23.3
"2023-06-15",2,"2","Larnaca",22.06
"2023-06-15",3,"3","Limassol",20.44
"2023-06-15",4,"4","Nicosia",19.63
"2023-06-15",5,"5","Paphos",20.86
"2023-06-16",1,"1","Famagusta",23.96
"2023-06-16",2,"2","Larnaca",23.19
"2023-06-16",3,"3","Limassol",21.43
"2023-06-16",4,"4","Nicosia",20.71
"2023-06-16",5,"5","Paphos",20.95
"2023-06-17",1,"1","Famagusta",23.44
"2023-06-17",2,"2","Larnaca",22.56
"2023-06-17",3,"3","Limassol",21.59
"2023-06-17",4,"4","Nicosia",20.78
"2023-06-17",5,"5","Paphos",21.55
"2023-06-18",1,"1","Famagusta",23.28
"2023-06-18",2,"2","Larnaca",22.36
"2023-06-18",3,"3","Limassol",20.9
"2023-06-18",4,"4","Nicosia",20.71
"2023-06-18",5,"5","Paphos",20.98
"2023-06-19",1,"1","Famagusta",23.23
"2023-06-19",2,"2","Larnaca",21.74
"2023-06-19",3,"3","Limassol",20.06
"2023-06-19",4,"4","Nicosia",19.4
"2023-06-19",5,"5","Paphos",20.54
"2023-06-20",1,"1","Famagusta",23.24
"2023-06-20",2,"2","Larnaca",21.69
"2023-06-20",3,"3","Limassol",20.26
"2023-06-20",4,"4","Nicosia",19.18
"2023-06-20",5,"5","Paphos",20.42
"2023-06-21",1,"1","Famagusta",23.92
"2023-06-21",2,"2","Larnaca",22.99
"2023-06-21",3,"3","Limassol",21.5
"2023-06-21",4,"4","Nicosia",20.61
"2023-06-21",5,"5","Paphos",21.58
"2023-06-22",1,"1","Famagusta",25.18
"2023-06-22",2,"2","Larnaca",23.85
"2023-06-22",3,"3","Limassol",22.11
"2023-06-22",4,"4","Nicosia",21.34
"2023-06-22",5,"5","Paphos",22.43
"2023-06-23",1,"1","Famagusta",25.69
"2023-06-23",2,"2","Larnaca",25.13
"2023-06-23",3,"3","Limassol",23.97
"2023-06-23",4,"4","Nicosia",23.17
"2023-06-23",5,"5","Paphos",23.78
"2023-06-24",1,"1","Famagusta",26.58
"2023-06-24",2,"2","Larnaca",25.48
"2023-06-24",3,"3","Limassol",23.44
"2023-06-24",4,"4","Nicosia",22.78
"2023-06-24",5,"5","Paphos",23.56
"2023-06-25",1,"1","Famagusta",26.26
"2023-06-25",2,"2","Larnaca",24.8
"2023-06-25",3,"3","Limassol",23.26
"2023-06-25",4,"4","Nicosia",22.79
"2023-06-25",5,"5","Paphos",24.1
"2023-06-26",1,"1","Famagusta",25.3
"2023-06-26",2,"2","Larnaca",23.84
"2023-06-26",3,"3","Limassol",21.46
"2023-06-26",4,"4","Nicosia",20.78
"2023-06-26",5,"5","Paphos",21.53
"2023-06-27",1,"1","Famagusta",24.6
"2023-06-27",2,"2","Larnaca",23.29
"2023-06-27",3,"3","Limassol",21.52
"2023-06-27",4,"4","Nicosia",20.64
"2023-06-27",5,"5","Paphos",21.63
"2023-06-28",1,"1","Famagusta",24.63
"2023-06-28",2,"2","Larnaca",23.91
"2023-06-28",3,"3","Limassol",22.19
"2023-06-28",4,"4","Nicosia",21.85
"2023-06-28",5,"5","Paphos",21.95
"2023-06-29",1,"1","Famagusta",24.68
"2023-06-29",2,"2","Larnaca",23.96
"2023-06-29",3,"3","Limassol",22.81
"2023-06-29",4,"4","Nicosia",21.63
"2023-06-29",5,"5","Paphos",22.47
"2023-06-30",1,"1","Famagusta",24.92
"2023-06-30",2,"2","Larnaca",23.71
"2023-06-30",3,"3","Limassol",22.2
"2023-06-30",4,"4","Nicosia",21.28
"2023-06-30",5,"5","Paphos",22.15
"2023-07-01",1,"1","Famagusta",25.03
"2023-07-01",2,"2","Larnaca",24.67
"2023-07-01",3,"3","Limassol",23.66
"2023-07-01",4,"4","Nicosia",22.89
"2023-07-01",5,"5","Paphos",23.3
"2023-07-02",1,"1","Famagusta",25.8
"2023-07-02",2,"2","Larnaca",24.74
"2023-07-02",3,"3","Limassol",23.18
"2023-07-02",4,"4","Nicosia",22.48
"2023-07-02",5,"5","Paphos",22.59
"2023-07-03",1,"1","Famagusta",25.29
"2023-07-03",2,"2","Larnaca",24.42
"2023-07-03",3,"3","Limassol",23.45
"2023-07-03",4,"4","Nicosia",21.77
"2023-07-03",5,"5","Paphos",22.89
"2023-07-04",1,"1","Famagusta",25.32
"2023-07-04",2,"2","Larnaca",25.05
"2023-07-04",3,"3","Limassol",24.61
"2023-07-04",4,"4","Nicosia",23.34
"2023-07-04",5,"5","Paphos",24.19
"2023-07-05",1,"1","Famagusta",25.99
"2023-07-05",2,"2","Larnaca",24.86
"2023-07-05",3,"3","Limassol",23.64
"2023-07-05",4,"4","Nicosia",22.48
"2023-07-05",5,"5","Paphos",22.8
"2023-07-06",1,"1","Famagusta",25.76
"2023-07-06",2,"2","Larnaca",24.82
"2023-07-06",3,"3","Limassol",23.39
"2023-07-06",4,"4","Nicosia",22.22
"2023-07-06",5,"5","Paphos",22.74
"2023-07-07",1,"1","Famagusta",25.69
"2023-07-07",2,"2","Larnaca",24.57
"2023-07-07",3,"3","Limassol",23.16
"2023-07-07",4,"4","Nicosia",22.7
"2023-07-07",5,"5","Paphos",22.9
"2023-07-08",1,"1","Famagusta",25.78
"2023-07-08",2,"2","Larnaca",25.42
"2023-07-08",3,"3","Limassol",24.07
"2023-07-08",4,"4","Nicosia",23.8
"2023-07-08",5,"5","Paphos",23.96
"2023-07-09",1,"1","Famagusta",25.89
"2023-07-09",2,"2","Larnaca",25.96
"2023-07-09",3,"3","Limassol",25.36
"2023-07-09",4,"4","Nicosia",24.72
"2023-07-09",5,"5","Paphos",25.21
"2023-07-10",1,"1","Famagusta",28.52
"2023-07-10",2,"2","Larnaca",27.14
"2023-07-10",3,"3","Limassol",25.7
"2023-07-10",4,"4","Nicosia",25.06
"2023-07-10",5,"5","Paphos",25.62
"2023-07-11",1,"1","Famagusta",28.15
"2023-07-11",2,"2","Larnaca",27.69
"2023-07-11",3,"3","Limassol",26.69
"2023-07-11",4,"4","Nicosia",25.32
"2023-07-11",5,"5","Paphos",26.13
"2023-07-12",1,"1","Famagusta",26.84
"2023-07-12",2,"2","Larnaca",25.32
"2023-07-12",3,"3","Limassol",23.57
"2023-07-12",4,"4","Nicosia",21.89
"2023-07-12",5,"5","Paphos",23.79
"2023-07-13",1,"1","Famagusta",27.61
"2023-07-13",2,"2","Larnaca",26.33
"2023-07-13",3,"3","Limassol",24.67
"2023-07-13",4,"4","Nicosia",23.13
"2023-07-13",5,"5","Paphos",24.59
"2023-07-14",1,"1","Famagusta",28.99
"2023-07-14",2,"2","Larnaca",28.67
"2023-07-14",3,"3","Limassol",27.15
"2023-07-14",4,"4","Nicosia",27.25
"2023-07-14",5,"5","Paphos",27.13
"2023-07-15",1,"1","Famagusta",29.61
"2023-07-15",2,"2","Larnaca",29.44
"2023-07-15",3,"3","Limassol",27.48
"2023-07-15",4,"4","Nicosia",27.5
"2023-07-15",5,"5","Paphos",27.14
"2023-07-16",1,"1","Famagusta",30.65
"2023-07-16",2,"2","Larnaca",31.2
"2023-07-16",3,"3","Limassol",29.39
"2023-07-16",4,"4","Nicosia",29.53
"2023-07-16",5,"5","Paphos",29.46
"2023-07-17",1,"1","Famagusta",29.68
"2023-07-17",2,"2","Larnaca",29.55
"2023-07-17",3,"3","Limassol",28.06
"2023-07-17",4,"4","Nicosia",27.53
"2023-07-17",5,"5","Paphos",27.83
"2023-07-18",1,"1","Famagusta",29.3
"2023-07-18",2,"2","Larnaca",27.96
"2023-07-18",3,"3","Limassol",25.81
"2023-07-18",4,"4","Nicosia",25.17
"2023-07-18",5,"5","Paphos",26.24
"2023-07-19",1,"1","Famagusta",27.85
"2023-07-19",2,"2","Larnaca",26.91
"2023-07-19",3,"3","Limassol",24.91
"2023-07-19",4,"4","Nicosia",24.35
"2023-07-19",5,"5","Paphos",25.84
"2023-07-20",1,"1","Famagusta",27.5
"2023-07-20",2,"2","Larnaca",26.65
"2023-07-20",3,"3","Limassol",24.86
"2023-07-20",4,"4","Nicosia",23.76
"2023-07-20",5,"5","Paphos",25.08
"2023-07-21",1,"1","Famagusta",27.69
"2023-07-21",2,"2","Larnaca",26.61
"2023-07-21",3,"3","Limassol",24.2
"2023-07-21",4,"4","Nicosia",23.59
"2023-07-21",5,"5","Paphos",24.67
"2023-07-22",1,"1","Famagusta",27.75
"2023-07-22",2,"2","Larnaca",27.5
"2023-07-22",3,"3","Limassol",26.35
"2023-07-22",4,"4","Nicosia",25.93
"2023-07-22",5,"5","Paphos",26.86
"2023-07-23",1,"1","Famagusta",28.84
"2023-07-23",2,"2","Larnaca",29.57
"2023-07-23",3,"3","Limassol",27.69
"2023-07-23",4,"4","Nicosia",28.01
"2023-07-23",5,"5","Paphos",28.15
"2023-07-24",1,"1","Famagusta",30.61
"2023-07-24",2,"2","Larnaca",31.98
"2023-07-24",3,"3","Limassol",30.07
"2023-07-24",4,"4","Nicosia",30.45
"2023-07-24",5,"5","Paphos",29.65
"2023-07-25",1,"1","Famagusta",31.15
"2023-07-25",2,"2","Larnaca",31.29
"2023-07-25",3,"3","Limassol",29.48
"2023-07-25",4,"4","Nicosia",29.71
"2023-07-25",5,"5","Paphos",29.2
"2023-07-26",1,"1","Famagusta",30.15
"2023-07-26",2,"2","Larnaca",29.29
"2023-07-26",3,"3","Limassol",27.28
"2023-07-26",4,"4","Nicosia",26.67
"2023-07-26",5,"5","Paphos",27.4
"2023-07-27",1,"1","Famagusta",27.94
"2023-07-27",2,"2","Larnaca",27.43
"2023-07-27",3,"3","Limassol",26.43
"2023-07-27",4,"4","Nicosia",25.43
"2023-07-27",5,"5","Paphos",27.41
"2023-07-28",1,"1","Famagusta",28.3
"2023-07-28",2,"2","Larnaca",27.33
"2023-07-28",3,"3","Limassol",25.49
"2023-07-28",4,"4","Nicosia",24.7
"2023-07-28",5,"5","Paphos",25.47
"2023-07-29",1,"1","Famagusta",28
"2023-07-29",2,"2","Larnaca",26.68
"2023-07-29",3,"3","Limassol",25.35
"2023-07-29",4,"4","Nicosia",24.12
"2023-07-29",5,"5","Paphos",24.57
"2023-07-30",1,"1","Famagusta",27.83
"2023-07-30",2,"2","Larnaca",26.95
"2023-07-30",3,"3","Limassol",25.23
"2023-07-30",4,"4","Nicosia",24.52
"2023-07-30",5,"5","Paphos",24.83
"2023-07-31",1,"1","Famagusta",27.75
"2023-07-31",2,"2","Larnaca",26.65
"2023-07-31",3,"3","Limassol",25.61
"2023-07-31",4,"4","Nicosia",24.75
"2023-07-31",5,"5","Paphos",25.22
"2023-08-01",1,"1","Famagusta",27.76
"2023-08-01",2,"2","Larnaca",26.92
"2023-08-01",3,"3","Limassol",25.77
"2023-08-01",4,"4","Nicosia",24.8
"2023-08-01",5,"5","Paphos",25.85
"2023-08-02",1,"1","Famagusta",27.73
"2023-08-02",2,"2","Larnaca",26.17
"2023-08-02",3,"3","Limassol",25.35
"2023-08-02",4,"4","Nicosia",23.79
"2023-08-02",5,"5","Paphos",24.38
"2023-08-03",1,"1","Famagusta",27.62
"2023-08-03",2,"2","Larnaca",25.88
"2023-08-03",3,"3","Limassol",24.22
"2023-08-03",4,"4","Nicosia",22.83
"2023-08-03",5,"5","Paphos",24.13
"2023-08-04",1,"1","Famagusta",28.8
"2023-08-04",2,"2","Larnaca",27.47
"2023-08-04",3,"3","Limassol",25.36
"2023-08-04",4,"4","Nicosia",24.91
"2023-08-04",5,"5","Paphos",25.2
"2023-08-05",1,"1","Famagusta",28.67
"2023-08-05",2,"2","Larnaca",28.06
"2023-08-05",3,"3","Limassol",26
"2023-08-05",4,"4","Nicosia",26.09
"2023-08-05",5,"5","Paphos",25.42
"2023-08-06",1,"1","Famagusta",28.37
"2023-08-06",2,"2","Larnaca",27.32
"2023-08-06",3,"3","Limassol",25.14
"2023-08-06",4,"4","Nicosia",24.88
"2023-08-06",5,"5","Paphos",25.14
"2023-08-07",1,"1","Famagusta",28.4
"2023-08-07",2,"2","Larnaca",26.61
"2023-08-07",3,"3","Limassol",24.58
"2023-08-07",4,"4","Nicosia",23.99
"2023-08-07",5,"5","Paphos",24.82
"2023-08-08",1,"1","Famagusta",27.4
"2023-08-08",2,"2","Larnaca",26.1
"2023-08-08",3,"3","Limassol",24.08
"2023-08-08",4,"4","Nicosia",22.88
"2023-08-08",5,"5","Paphos",24.04
"2023-08-09",1,"1","Famagusta",27.24
"2023-08-09",2,"2","Larnaca",25.71
"2023-08-09",3,"3","Limassol",23.71
"2023-08-09",4,"4","Nicosia",22.88
"2023-08-09",5,"5","Paphos",23.58
"2023-08-10",1,"1","Famagusta",27.52
"2023-08-10",2,"2","Larnaca",26.56
"2023-08-10",3,"3","Limassol",24.95
"2023-08-10",4,"4","Nicosia",24.45
"2023-08-10",5,"5","Paphos",24.42
"2023-08-11",1,"1","Famagusta",27.71
"2023-08-11",2,"2","Larnaca",26.6
"2023-08-11",3,"3","Limassol",25.26
"2023-08-11",4,"4","Nicosia",23.93
"2023-08-11",5,"5","Paphos",24.5
"2023-08-12",1,"1","Famagusta",27.39
"2023-08-12",2,"2","Larnaca",26.1
"2023-08-12",3,"3","Limassol",25.13
"2023-08-12",4,"4","Nicosia",23.38
"2023-08-12",5,"5","Paphos",24.15
"2023-08-13",1,"1","Famagusta",29.28
"2023-08-13",2,"2","Larnaca",27.52
"2023-08-13",3,"3","Limassol",26.12
"2023-08-13",4,"4","Nicosia",24.08
"2023-08-13",5,"5","Paphos",25.08
"2023-08-14",1,"1","Famagusta",29.99
"2023-08-14",2,"2","Larnaca",28.72
"2023-08-14",3,"3","Limassol",28.17
"2023-08-14",4,"4","Nicosia",26.63
"2023-08-14",5,"5","Paphos",26.58
"2023-08-15",1,"1","Famagusta",28.48
"2023-08-15",2,"2","Larnaca",28.57
"2023-08-15",3,"3","Limassol",27.21
"2023-08-15",4,"4","Nicosia",26.47
"2023-08-15",5,"5","Paphos",25.39
"2023-08-16",1,"1","Famagusta",28.63
"2023-08-16",2,"2","Larnaca",28.37
"2023-08-16",3,"3","Limassol",26.67
"2023-08-16",4,"4","Nicosia",25.29
"2023-08-16",5,"5","Paphos",24.82
"2023-08-17",1,"1","Famagusta",28.03
"2023-08-17",2,"2","Larnaca",27.25
"2023-08-17",3,"3","Limassol",26.48
"2023-08-17",4,"4","Nicosia",24.75
"2023-08-17",5,"5","Paphos",24.58
"2023-08-18",1,"1","Famagusta",28.14
"2023-08-18",2,"2","Larnaca",27.3
"2023-08-18",3,"3","Limassol",26.71
"2023-08-18",4,"4","Nicosia",25.44
"2023-08-18",5,"5","Paphos",25.17
"2023-08-19",1,"1","Famagusta",28.26
"2023-08-19",2,"2","Larnaca",27.36
"2023-08-19",3,"3","Limassol",26.26
"2023-08-19",4,"4","Nicosia",25.08
"2023-08-19",5,"5","Paphos",24.64
"2023-08-20",1,"1","Famagusta",28.45
"2023-08-20",2,"2","Larnaca",27.62
"2023-08-20",3,"3","Limassol",25.79
"2023-08-20",4,"4","Nicosia",24.37
"2023-08-20",5,"5","Paphos",24.21
"2023-08-21",1,"1","Famagusta",28.14
"2023-08-21",2,"2","Larnaca",26.55
"2023-08-21",3,"3","Limassol",24.37
"2023-08-21",4,"4","Nicosia",22.72
"2023-08-21",5,"5","Paphos",23.24
"2023-08-22",1,"1","Famagusta",28.2
"2023-08-22",2,"2","Larnaca",26.92
"2023-08-22",3,"3","Limassol",24.94
"2023-08-22",4,"4","Nicosia",23.63
"2023-08-22",5,"5","Paphos",23.87
"2023-08-23",1,"1","Famagusta",28.38
"2023-08-23",2,"2","Larnaca",27.7
"2023-08-23",3,"3","Limassol",26.22
"2023-08-23",4,"4","Nicosia",25.11
"2023-08-23",5,"5","Paphos",25.12
"2023-08-24",1,"1","Famagusta",28.4
"2023-08-24",2,"2","Larnaca",27.17
"2023-08-24",3,"3","Limassol",25.66
"2023-08-24",4,"4","Nicosia",24.27
"2023-08-24",5,"5","Paphos",24.79
"2023-08-25",1,"1","Famagusta",28.6
"2023-08-25",2,"2","Larnaca",27.26
"2023-08-25",3,"3","Limassol",25.5
"2023-08-25",4,"4","Nicosia",24.26
"2023-08-25",5,"5","Paphos",24.96
"2023-08-26",1,"1","Famagusta",28.99
"2023-08-26",2,"2","Larnaca",27.91
"2023-08-26",3,"3","Limassol",25.82
"2023-08-26",4,"4","Nicosia",24.87
"2023-08-26",5,"5","Paphos",25
"2023-08-27",1,"1","Famagusta",28.37
"2023-08-27",2,"2","Larnaca",26.64
"2023-08-27",3,"3","Limassol",24.65
"2023-08-27",4,"4","Nicosia",23.62
"2023-08-27",5,"5","Paphos",24.9
"2023-08-28",1,"1","Famagusta",28.21
"2023-08-28",2,"2","Larnaca",26.26
"2023-08-28",3,"3","Limassol",24.17
"2023-08-28",4,"4","Nicosia",23.63
"2023-08-28",5,"5","Paphos",24.74
"2023-08-29",1,"1","Famagusta",27.62
"2023-08-29",2,"2","Larnaca",25.49
"2023-08-29",3,"3","Limassol",23.44
"2023-08-29",4,"4","Nicosia",22.93
"2023-08-29",5,"5","Paphos",24.42
"2023-08-30",1,"1","Famagusta",29
"2023-08-30",2,"2","Larnaca",26.67
"2023-08-30",3,"3","Limassol",24.13
"2023-08-30",4,"4","Nicosia",23.54
"2023-08-30",5,"5","Paphos",24.43
"2023-08-31",1,"1","Famagusta",28.3
"2023-08-31",2,"2","Larnaca",26.55
"2023-08-31",3,"3","Limassol",25.03
"2023-08-31",4,"4","Nicosia",23.84
"2023-08-31",5,"5","Paphos",24.5
"2023-09-01",1,"1","Famagusta",27.67
"2023-09-01",2,"2","Larnaca",25.95
"2023-09-01",3,"3","Limassol",23.83
"2023-09-01",4,"4","Nicosia",22.22
"2023-09-01",5,"5","Paphos",23.58
"2023-09-02",1,"1","Famagusta",27.59
"2023-09-02",2,"2","Larnaca",25.85
"2023-09-02",3,"3","Limassol",24.01
"2023-09-02",4,"4","Nicosia",22.62
"2023-09-02",5,"5","Paphos",23.79
"2023-09-03",1,"1","Famagusta",27.58
"2023-09-03",2,"2","Larnaca",25.38
"2023-09-03",3,"3","Limassol",23.6
"2023-09-03",4,"4","Nicosia",22.75
"2023-09-03",5,"5","Paphos",24.08
"2023-09-04",1,"1","Famagusta",27.19
"2023-09-04",2,"2","Larnaca",25.01
"2023-09-04",3,"3","Limassol",23.29
"2023-09-04",4,"4","Nicosia",22.12
"2023-09-04",5,"5","Paphos",23.62
"2023-09-05",1,"1","Famagusta",26.29
"2023-09-05",2,"2","Larnaca",24.16
"2023-09-05",3,"3","Limassol",23.1
"2023-09-05",4,"4","Nicosia",22.01
"2023-09-05",5,"5","Paphos",23.76
"2023-09-06",1,"1","Famagusta",27.25
"2023-09-06",2,"2","Larnaca",24.63
"2023-09-06",3,"3","Limassol",23.17
"2023-09-06",4,"4","Nicosia",21.72
"2023-09-06",5,"5","Paphos",23.53
"2023-09-07",1,"1","Famagusta",27.79
"2023-09-07",2,"2","Larnaca",24.98
"2023-09-07",3,"3","Limassol",23.37
"2023-09-07",4,"4","Nicosia",21.23
"2023-09-07",5,"5","Paphos",24.09
"2023-09-08",1,"1","Famagusta",27.27
"2023-09-08",2,"2","Larnaca",24.6
"2023-09-08",3,"3","Limassol",22.68
"2023-09-08",4,"4","Nicosia",20.4
"2023-09-08",5,"5","Paphos",23.13
"2023-09-09",1,"1","Famagusta",28.32
"2023-09-09",2,"2","Larnaca",26.52
"2023-09-09",3,"3","Limassol",25.24
"2023-09-09",4,"4","Nicosia",23.37
"2023-09-09",5,"5","Paphos",24.57
"2023-09-10",1,"1","Famagusta",27.47
"2023-09-10",2,"2","Larnaca",25.37
"2023-09-10",3,"3","Limassol",23.78
"2023-09-10",4,"4","Nicosia",22.76
"2023-09-10",5,"5","Paphos",24.29
"2023-09-11",1,"1","Famagusta",27.91
"2023-09-11",2,"2","Larnaca",25.46
"2023-09-11",3,"3","Limassol",23.29
"2023-09-11",4,"4","Nicosia",22.58
"2023-09-11",5,"5","Paphos",23.86
"2023-09-12",1,"1","Famagusta",27.65
"2023-09-12",2,"2","Larnaca",25.71
"2023-09-12",3,"3","Limassol",24.96
"2023-09-12",4,"4","Nicosia",23.43
"2023-09-12",5,"5","Paphos",24.88
"2023-09-13",1,"1","Famagusta",27.42
"2023-09-13",2,"2","Larnaca",25.52
"2023-09-13",3,"3","Limassol",24.84
"2023-09-13",4,"4","Nicosia",22.27
"2023-09-13",5,"5","Paphos",25.1
"2023-09-14",1,"1","Famagusta",27.21
"2023-09-14",2,"2","Larnaca",25.04
"2023-09-14",3,"3","Limassol",23.95
"2023-09-14",4,"4","Nicosia",21.23
"2023-09-14",5,"5","Paphos",24.08
"2023-09-15",1,"1","Famagusta",26.87
"2023-09-15",2,"2","Larnaca",23.69
"2023-09-15",3,"3","Limassol",22.3
"2023-09-15",4,"4","Nicosia",19.54
"2023-09-15",5,"5","Paphos",23.12
"2023-09-16",1,"1","Famagusta",26.7
"2023-09-16",2,"2","Larnaca",24.14
"2023-09-16",3,"3","Limassol",22.57
"2023-09-16",4,"4","Nicosia",20.24
"2023-09-16",5,"5","Paphos",23.29
"2023-09-17",1,"1","Famagusta",27.46
"2023-09-17",2,"2","Larnaca",25.1
"2023-09-17",3,"3","Limassol",22.91
"2023-09-17",4,"4","Nicosia",21.14
"2023-09-17",5,"5","Paphos",23.44
"2023-09-18",1,"1","Famagusta",27.15
"2023-09-18",2,"2","Larnaca",24.79
"2023-09-18",3,"3","Limassol",22.94
"2023-09-18",4,"4","Nicosia",21.1
"2023-09-18",5,"5","Paphos",23.72
"2023-09-19",1,"1","Famagusta",26.27
"2023-09-19",2,"2","Larnaca",23.93
"2023-09-19",3,"3","Limassol",22.9
"2023-09-19",4,"4","Nicosia",21.05
"2023-09-19",5,"5","Paphos",23.44
"2023-09-20",1,"1","Famagusta",26.1
"2023-09-20",2,"2","Larnaca",23.92
"2023-09-20",3,"3","Limassol",22.85
"2023-09-20",4,"4","Nicosia",20.99
"2023-09-20",5,"5","Paphos",23.37
"2023-09-21",1,"1","Famagusta",26.62
"2023-09-21",2,"2","Larnaca",24.13
"2023-09-21",3,"3","Limassol",22.92
"2023-09-21",4,"4","Nicosia",20.7
"2023-09-21",5,"5","Paphos",23.55
"2023-09-22",1,"1","Famagusta",26.58
"2023-09-22",2,"2","Larnaca",24.44
"2023-09-22",3,"3","Limassol",23.22
"2023-09-22",4,"4","Nicosia",20.98
"2023-09-22",5,"5","Paphos",23.36
"2023-09-23",1,"1","Famagusta",26.72
"2023-09-23",2,"2","Larnaca",24.7
"2023-09-23",3,"3","Limassol",22.94
"2023-09-23",4,"4","Nicosia",21.15
"2023-09-23",5,"5","Paphos",23.9
"2023-09-24",1,"1","Famagusta",26.87
"2023-09-24",2,"2","Larnaca",25.08
"2023-09-24",3,"3","Limassol",23.78
"2023-09-24",4,"4","Nicosia",22.08
"2023-09-24",5,"5","Paphos",24.93
"2023-09-25",1,"1","Famagusta",26.87
"2023-09-25",2,"2","Larnaca",25.14
"2023-09-25",3,"3","Limassol",24.51
"2023-09-25",4,"4","Nicosia",22.28
"2023-09-25",5,"5","Paphos",24.61
"2023-09-26",1,"1","Famagusta",26.49
"2023-09-26",2,"2","Larnaca",24.26
"2023-09-26",3,"3","Limassol",23.54
"2023-09-26",4,"4","Nicosia",21.13
"2023-09-26",5,"5","Paphos",23.18
"2023-09-27",1,"1","Famagusta",26.44
"2023-09-27",2,"2","Larnaca",24.22
"2023-09-27",3,"3","Limassol",23.29
"2023-09-27",4,"4","Nicosia",21.06
"2023-09-27",5,"5","Paphos",23.26
"2023-09-28",1,"1","Famagusta",26.61
"2023-09-28",2,"2","Larnaca",24.48
"2023-09-28",3,"3","Limassol",23.79
"2023-09-28",4,"4","Nicosia",21.61
"2023-09-28",5,"5","Paphos",24.74
"2023-09-29",1,"1","Famagusta",27.43
"2023-09-29",2,"2","Larnaca",25.69
"2023-09-29",3,"3","Limassol",24
"2023-09-29",4,"4","Nicosia",22.02
"2023-09-29",5,"5","Paphos",23.86
"2023-09-30",1,"1","Famagusta",25.94
"2023-09-30",2,"2","Larnaca",24.16
"2023-09-30",3,"3","Limassol",22.38
"2023-09-30",4,"4","Nicosia",21.59
"2023-09-30",5,"5","Paphos",22.87
"2023-10-01",1,"1","Famagusta",25.31
"2023-10-01",2,"2","Larnaca",23.5
"2023-10-01",3,"3","Limassol",21.59
"2023-10-01",4,"4","Nicosia",20.64
"2023-10-01",5,"5","Paphos",22.06
"2023-10-02",1,"1","Famagusta",24
"2023-10-02",2,"2","Larnaca",22.06
"2023-10-02",3,"3","Limassol",20.34
"2023-10-02",4,"4","Nicosia",19.04
"2023-10-02",5,"5","Paphos",21.21
"2023-10-03",1,"1","Famagusta",24.99
"2023-10-03",2,"2","Larnaca",22.04
"2023-10-03",3,"3","Limassol",20.31
"2023-10-03",4,"4","Nicosia",17.88
"2023-10-03",5,"5","Paphos",21.07
"2023-10-04",1,"1","Famagusta",23.8
"2023-10-04",2,"2","Larnaca",22.17
"2023-10-04",3,"3","Limassol",21.29
"2023-10-04",4,"4","Nicosia",18.7
"2023-10-04",5,"5","Paphos",22.26
"2023-10-05",1,"1","Famagusta",25.54
"2023-10-05",2,"2","Larnaca",22.3
"2023-10-05",3,"3","Limassol",21.65
"2023-10-05",4,"4","Nicosia",18.5
"2023-10-05",5,"5","Paphos",22.45
"2023-10-06",1,"1","Famagusta",24.75
"2023-10-06",2,"2","Larnaca",21.7
"2023-10-06",3,"3","Limassol",21.09
"2023-10-06",4,"4","Nicosia",17.98
"2023-10-06",5,"5","Paphos",21.76
"2023-10-07",1,"1","Famagusta",24.26
"2023-10-07",2,"2","Larnaca",21.62
"2023-10-07",3,"3","Limassol",20.24
"2023-10-07",4,"4","Nicosia",17.86
"2023-10-07",5,"5","Paphos",21.11
"2023-10-08",1,"1","Famagusta",25.09
"2023-10-08",2,"2","Larnaca",22.57
"2023-10-08",3,"3","Limassol",21.66
"2023-10-08",4,"4","Nicosia",19.33
"2023-10-08",5,"5","Paphos",21.97
"2023-10-09",1,"1","Famagusta",24.73
"2023-10-09",2,"2","Larnaca",22.28
"2023-10-09",3,"3","Limassol",20.75
"2023-10-09",4,"4","Nicosia",19.5
"2023-10-09",5,"5","Paphos",21.38
"2023-10-10",1,"1","Famagusta",24.53
"2023-10-10",2,"2","Larnaca",22.06
"2023-10-10",3,"3","Limassol",20.86
"2023-10-10",4,"4","Nicosia",19.16
"2023-10-10",5,"5","Paphos",21.34
"2023-10-11",1,"1","Famagusta",24.33
"2023-10-11",2,"2","Larnaca",21.37
"2023-10-11",3,"3","Limassol",19.46
"2023-10-11",4,"4","Nicosia",18.06
"2023-10-11",5,"5","Paphos",20.66
"2023-10-12",1,"1","Famagusta",24.09
"2023-10-12",2,"2","Larnaca",21.15
"2023-10-12",3,"3","Limassol",20.65
"2023-10-12",4,"4","Nicosia",17.78
"2023-10-12",5,"5","Paphos",21.37
"2023-10-13",1,"1","Famagusta",25.02
"2023-10-13",2,"2","Larnaca",22
"2023-10-13",3,"3","Limassol",20.81
"2023-10-13",4,"4","Nicosia",18.12
"2023-10-13",5,"5","Paphos",21.52
"2023-10-14",1,"1","Famagusta",24.21
"2023-10-14",2,"2","Larnaca",21.54
"2023-10-14",3,"3","Limassol",20.05
"2023-10-14",4,"4","Nicosia",17.71
"2023-10-14",5,"5","Paphos",20.36
"2023-10-15",1,"1","Famagusta",22.88
"2023-10-15",2,"2","Larnaca",21.27
"2023-10-15",3,"3","Limassol",20.19
"2023-10-15",4,"4","Nicosia",18.05
"2023-10-15",5,"5","Paphos",19.86
"2023-10-16",1,"1","Famagusta",22.61
"2023-10-16",2,"2","Larnaca",20.33
"2023-10-16",3,"3","Limassol",19.26
"2023-10-16",4,"4","Nicosia",17.17
"2023-10-16",5,"5","Paphos",20.31
"2023-10-17",1,"1","Famagusta",22.95
"2023-10-17",2,"2","Larnaca",20.45
"2023-10-17",3,"3","Limassol",18.99
"2023-10-17",4,"4","Nicosia",16.87
"2023-10-17",5,"5","Paphos",20.26
"2023-10-18",1,"1","Famagusta",23.22
"2023-10-18",2,"2","Larnaca",20.26
"2023-10-18",3,"3","Limassol",19.08
"2023-10-18",4,"4","Nicosia",16.67
"2023-10-18",5,"5","Paphos",19.92
"2023-10-19",1,"1","Famagusta",23.16
"2023-10-19",2,"2","Larnaca",21.11
"2023-10-19",3,"3","Limassol",19.66
"2023-10-19",4,"4","Nicosia",18.36
"2023-10-19",5,"5","Paphos",20.58
"2023-10-20",1,"1","Famagusta",23.3
"2023-10-20",2,"2","Larnaca",20.33
"2023-10-20",3,"3","Limassol",18.83
"2023-10-20",4,"4","Nicosia",16.73
"2023-10-20",5,"5","Paphos",19.99
"2023-10-21",1,"1","Famagusta",23.39
"2023-10-21",2,"2","Larnaca",20.08
"2023-10-21",3,"3","Limassol",18.87
"2023-10-21",4,"4","Nicosia",16.31
"2023-10-21",5,"5","Paphos",19.76
"2023-10-22",1,"1","Famagusta",24.02
"2023-10-22",2,"2","Larnaca",20.49
"2023-10-22",3,"3","Limassol",19.53
"2023-10-22",4,"4","Nicosia",16.58
"2023-10-22",5,"5","Paphos",20.59
"2023-10-23",1,"1","Famagusta",24.49
"2023-10-23",2,"2","Larnaca",21.6
"2023-10-23",3,"3","Limassol",21.01
"2023-10-23",4,"4","Nicosia",17.61
"2023-10-23",5,"5","Paphos",21.76
"2023-10-24",1,"1","Famagusta",24.39
"2023-10-24",2,"2","Larnaca",21.87
"2023-10-24",3,"3","Limassol",21.63
"2023-10-24",4,"4","Nicosia",18.51
"2023-10-24",5,"5","Paphos",21.91
"2023-10-25",1,"1","Famagusta",24.28
"2023-10-25",2,"2","Larnaca",21.89
"2023-10-25",3,"3","Limassol",22.74
"2023-10-25",4,"4","Nicosia",19.67
"2023-10-25",5,"5","Paphos",22.35
"2023-10-26",1,"1","Famagusta",24.18
"2023-10-26",2,"2","Larnaca",21.83
"2023-10-26",3,"3","Limassol",22.17
"2023-10-26",4,"4","Nicosia",19.26
"2023-10-26",5,"5","Paphos",21.87
"2023-10-27",1,"1","Famagusta",24.3
"2023-10-27",2,"2","Larnaca",22.08
"2023-10-27",3,"3","Limassol",21.93
"2023-10-27",4,"4","Nicosia",19.08
"2023-10-27",5,"5","Paphos",22.05
"2023-10-28",1,"1","Famagusta",24.18
"2023-10-28",2,"2","Larnaca",21.71
"2023-10-28",3,"3","Limassol",21.99
"2023-10-28",4,"4","Nicosia",19.19
"2023-10-28",5,"5","Paphos",22.57
"2023-10-29",1,"1","Famagusta",24.03
"2023-10-29",2,"2","Larnaca",21.11
"2023-10-29",3,"3","Limassol",20.51
"2023-10-29",4,"4","Nicosia",17.66
"2023-10-29",5,"5","Paphos",20.72
"2023-10-30",1,"1","Famagusta",24.02
"2023-10-30",2,"2","Larnaca",21.68
"2023-10-30",3,"3","Limassol",21.62
"2023-10-30",4,"4","Nicosia",18.66
"2023-10-30",5,"5","Paphos",21.46
"2023-10-31",1,"1","Famagusta",24.62
"2023-10-31",2,"2","Larnaca",23.1
"2023-10-31",3,"3","Limassol",21.42
"2023-10-31",4,"4","Nicosia",19.96
"2023-10-31",5,"5","Paphos",21.95
"2023-11-01",1,"1","Famagusta",24.32
"2023-11-01",2,"2","Larnaca",22.9
"2023-11-01",3,"3","Limassol",21.9
"2023-11-01",4,"4","Nicosia",20.11
"2023-11-01",5,"5","Paphos",22.41
"2023-11-02",1,"1","Famagusta",23.19
"2023-11-02",2,"2","Larnaca",20.89
"2023-11-02",3,"3","Limassol",20.09
"2023-11-02",4,"4","Nicosia",17.73
"2023-11-02",5,"5","Paphos",20.53
"2023-11-03",1,"1","Famagusta",22.97
"2023-11-03",2,"2","Larnaca",20.42
"2023-11-03",3,"3","Limassol",19.17
"2023-11-03",4,"4","Nicosia",17.17
"2023-11-03",5,"5","Paphos",20.07
"2023-11-04",1,"1","Famagusta",22.89
"2023-11-04",2,"2","Larnaca",19.7
"2023-11-04",3,"3","Limassol",18.58
"2023-11-04",4,"4","Nicosia",16.37
"2023-11-04",5,"5","Paphos",19.4
"2023-11-05",1,"1","Famagusta",22.67
"2023-11-05",2,"2","Larnaca",19.26
"2023-11-05",3,"3","Limassol",18.18
"2023-11-05",4,"4","Nicosia",15.63
"2023-11-05",5,"5","Paphos",19.54
"2023-11-06",1,"1","Famagusta",22.8
"2023-11-06",2,"2","Larnaca",20.01
"2023-11-06",3,"3","Limassol",18.6
"2023-11-06",4,"4","Nicosia",15.96
"2023-11-06",5,"5","Paphos",19.72
"2023-11-07",1,"1","Famagusta",22.97
"2023-11-07",2,"2","Larnaca",19.7
"2023-11-07",3,"3","Limassol",18.73
"2023-11-07",4,"4","Nicosia",16.76
"2023-11-07",5,"5","Paphos",20
"2023-11-08",1,"1","Famagusta",22.6
"2023-11-08",2,"2","Larnaca",19.81
"2023-11-08",3,"3","Limassol",18.89
"2023-11-08",4,"4","Nicosia",16.46
"2023-11-08",5,"5","Paphos",19.51
"2023-11-09",1,"1","Famagusta",22.47
"2023-11-09",2,"2","Larnaca",19.9
"2023-11-09",3,"3","Limassol",18.72
"2023-11-09",4,"4","Nicosia",16.89
"2023-11-09",5,"5","Paphos",19.44
"2023-11-10",1,"1","Famagusta",22.62
"2023-11-10",2,"2","Larnaca",20.27
"2023-11-10",3,"3","Limassol",19.04
"2023-11-10",4,"4","Nicosia",16.98
"2023-11-10",5,"5","Paphos",19.66
"2023-11-11",1,"1","Famagusta",22.73
"2023-11-11",2,"2","Larnaca",19.92
"2023-11-11",3,"3","Limassol",18.34
"2023-11-11",4,"4","Nicosia",16.12
"2023-11-11",5,"5","Paphos",18.97
"2023-11-12",1,"1","Famagusta",23.39
"2023-11-12",2,"2","Larnaca",19.6
"2023-11-12",3,"3","Limassol",18.5
"2023-11-12",4,"4","Nicosia",16.1
"2023-11-12",5,"5","Paphos",19.86
"2023-11-13",1,"1","Famagusta",22.25
"2023-11-13",2,"2","Larnaca",18.95
"2023-11-13",3,"3","Limassol",17.63
"2023-11-13",4,"4","Nicosia",15.11
"2023-11-13",5,"5","Paphos",18.99
"2023-11-14",1,"1","Famagusta",22.27
"2023-11-14",2,"2","Larnaca",19.04
"2023-11-14",3,"3","Limassol",16.87
"2023-11-14",4,"4","Nicosia",15.22
"2023-11-14",5,"5","Paphos",17.87
"2023-11-15",1,"1","Famagusta",20.52
"2023-11-15",2,"2","Larnaca",17.73
"2023-11-15",3,"3","Limassol",15.61
"2023-11-15",4,"4","Nicosia",14.37
"2023-11-15",5,"5","Paphos",17.73
"2023-11-16",1,"1","Famagusta",21.49
"2023-11-16",2,"2","Larnaca",18.08
"2023-11-16",3,"3","Limassol",16.71
"2023-11-16",4,"4","Nicosia",13.83
"2023-11-16",5,"5","Paphos",17.95
"2023-11-17",1,"1","Famagusta",21.84
"2023-11-17",2,"2","Larnaca",19.46
"2023-11-17",3,"3","Limassol",17.87
"2023-11-17",4,"4","Nicosia",16.26
"2023-11-17",5,"5","Paphos",19.21
"2023-11-18",1,"1","Famagusta",20.79
"2023-11-18",2,"2","Larnaca",16.6
"2023-11-18",3,"3","Limassol",14.85
"2023-11-18",4,"4","Nicosia",12.12
"2023-11-18",5,"5","Paphos",16.64
"2023-11-19",1,"1","Famagusta",20.75
"2023-11-19",2,"2","Larnaca",18.28
"2023-11-19",3,"3","Limassol",15.88
"2023-11-19",4,"4","Nicosia",14.86
"2023-11-19",5,"5","Paphos",16.8
"2023-11-20",1,"1","Famagusta",17.2
"2023-11-20",2,"2","Larnaca",14.1
"2023-11-20",3,"3","Limassol",12.63
"2023-11-20",4,"4","Nicosia",9.93
"2023-11-20",5,"5","Paphos",13.96
"2023-11-21",1,"1","Famagusta",18.45
"2023-11-21",2,"2","Larnaca",15.06
"2023-11-21",3,"3","Limassol",13.87
"2023-11-21",4,"4","Nicosia",10.49
"2023-11-21",5,"5","Paphos",15.91
"2023-11-22",1,"1","Famagusta",19.17
"2023-11-22",2,"2","Larnaca",14.69
"2023-11-22",3,"3","Limassol",13.73
"2023-11-22",4,"4","Nicosia",9.55
"2023-11-22",5,"5","Paphos",15.45
"2023-11-23",1,"1","Famagusta",19.8
"2023-11-23",2,"2","Larnaca",17.17
"2023-11-23",3,"3","Limassol",14.98
"2023-11-23",4,"4","Nicosia",12.66
"2023-11-23",5,"5","Paphos",16.25
"2023-11-24",1,"1","Famagusta",19.88
"2023-11-24",2,"2","Larnaca",14.83
"2023-11-24",3,"3","Limassol",13.4
"2023-11-24",4,"4","Nicosia",9.74
"2023-11-24",5,"5","Paphos",15.54
"2023-11-25",1,"1","Famagusta",20.4
"2023-11-25",2,"2","Larnaca",16.11
"2023-11-25",3,"3","Limassol",15.26
"2023-11-25",4,"4","Nicosia",11.3
"2023-11-25",5,"5","Paphos",16.69
"2023-11-26",1,"1","Famagusta",21.61
"2023-11-26",2,"2","Larnaca",19.35
"2023-11-26",3,"3","Limassol",17.64
"2023-11-26",4,"4","Nicosia",16.26
"2023-11-26",5,"5","Paphos",17.94
"2023-11-27",1,"1","Famagusta",17.47
"2023-11-27",2,"2","Larnaca",15
"2023-11-27",3,"3","Limassol",12.79
"2023-11-27",4,"4","Nicosia",11.12
"2023-11-27",5,"5","Paphos",13.49
"2023-11-28",1,"1","Famagusta",15.63
"2023-11-28",2,"2","Larnaca",12.04
"2023-11-28",3,"3","Limassol",10.72
"2023-11-28",4,"4","Nicosia",7.07
"2023-11-28",5,"5","Paphos",12.37
"2023-11-29",1,"1","Famagusta",16.59
"2023-11-29",2,"2","Larnaca",12.35
"2023-11-29",3,"3","Limassol",11.19
"2023-11-29",4,"4","Nicosia",7.2
"2023-11-29",5,"5","Paphos",12.62
"2023-11-30",1,"1","Famagusta",18.26
"2023-11-30",2,"2","Larnaca",13.44
"2023-11-30",3,"3","Limassol",12.26
"2023-11-30",4,"4","Nicosia",8.76
"2023-11-30",5,"5","Paphos",13.94
"2023-12-01",1,"1","Famagusta",18.41
"2023-12-01",2,"2","Larnaca",14.22
"2023-12-01",3,"3","Limassol",12.81
"2023-12-01",4,"4","Nicosia",9.8
"2023-12-01",5,"5","Paphos",14.92
"2023-12-02",1,"1","Famagusta",18.15
"2023-12-02",2,"2","Larnaca",14.23
"2023-12-02",3,"3","Limassol",12.98
"2023-12-02",4,"4","Nicosia",10
"2023-12-02",5,"5","Paphos",14.73
"2023-12-03",1,"1","Famagusta",18.87
"2023-12-03",2,"2","Larnaca",14.69
"2023-12-03",3,"3","Limassol",13.58
"2023-12-03",4,"4","Nicosia",10.31
"2023-12-03",5,"5","Paphos",15.21
"2023-12-04",1,"1","Famagusta",20.51
"2023-12-04",2,"2","Larnaca",16.44
"2023-12-04",3,"3","Limassol",15.11
"2023-12-04",4,"4","Nicosia",12.4
"2023-12-04",5,"5","Paphos",15.83
"2023-12-05",1,"1","Famagusta",20.89
"2023-12-05",2,"2","Larnaca",16.86
"2023-12-05",3,"3","Limassol",15.25
"2023-12-05",4,"4","Nicosia",12.92
"2023-12-05",5,"5","Paphos",16.71
"2023-12-06",1,"1","Famagusta",18.35
"2023-12-06",2,"2","Larnaca",16.77
"2023-12-06",3,"3","Limassol",15.6
"2023-12-06",4,"4","Nicosia",13.13
"2023-12-06",5,"5","Paphos",16.09
"2023-12-07",1,"1","Famagusta",17.91
"2023-12-07",2,"2","Larnaca",15.51
"2023-12-07",3,"3","Limassol",13.97
"2023-12-07",4,"4","Nicosia",11.92
"2023-12-07",5,"5","Paphos",15.45
"2023-12-08",1,"1","Famagusta",17.68
"2023-12-08",2,"2","Larnaca",14.52
"2023-12-08",3,"3","Limassol",13.13
"2023-12-08",4,"4","Nicosia",11.01
"2023-12-08",5,"5","Paphos",14.04
"2023-12-09",1,"1","Famagusta",17.14
"2023-12-09",2,"2","Larnaca",14.14
"2023-12-09",3,"3","Limassol",12.47
"2023-12-09",4,"4","Nicosia",10.78
"2023-12-09",5,"5","Paphos",12.97
"2023-12-10",1,"1","Famagusta",17.33
"2023-12-10",2,"2","Larnaca",13.43
"2023-12-10",3,"3","Limassol",12.04
"2023-12-10",4,"4","Nicosia",9.06
"2023-12-10",5,"5","Paphos",13.82
"2023-12-11",1,"1","Famagusta",19.56
"2023-12-11",2,"2","Larnaca",16.01
"2023-12-11",3,"3","Limassol",13.97
"2023-12-11",4,"4","Nicosia",11.47
"2023-12-11",5,"5","Paphos",14.93
"2023-12-12",1,"1","Famagusta",17.89
"2023-12-12",2,"2","Larnaca",13.89
"2023-12-12",3,"3","Limassol",12.39
"2023-12-12",4,"4","Nicosia",9.68
"2023-12-12",5,"5","Paphos",14.09
"2023-12-13",1,"1","Famagusta",16.41
"2023-12-13",2,"2","Larnaca",14.15
"2023-12-13",3,"3","Limassol",13.03
"2023-12-13",4,"4","Nicosia",10.97
"2023-12-13",5,"5","Paphos",14.5
"2023-12-14",1,"1","Famagusta",16.6
"2023-12-14",2,"2","Larnaca",13.27
"2023-12-14",3,"3","Limassol",12.18
"2023-12-14",4,"4","Nicosia",8.52
"2023-12-14",5,"5","Paphos",14.19
"2023-12-15",1,"1","Famagusta",17.68
"2023-12-15",2,"2","Larnaca",14.98
"2023-12-15",3,"3","Limassol",14.35
"2023-12-15",4,"4","Nicosia",11.59
"2023-12-15",5,"5","Paphos",15.7
"2023-12-16",1,"1","Famagusta",19.18
"2023-12-16",2,"2","Larnaca",16.01
"2023-12-16",3,"3","Limassol",14.53
"2023-12-16",4,"4","Nicosia",12.18
"2023-12-16",5,"5","Paphos",15.44
"2023-12-17",1,"1","Famagusta",18.62
"2023-12-17",2,"2","Larnaca",15.01
"2023-12-17",3,"3","Limassol",13.45
"2023-12-17",4,"4","Nicosia",10.92
"2023-12-17",5,"5","Paphos",14.89
"2023-12-18",1,"1","Famagusta",18.74
"2023-12-18",2,"2","Larnaca",15.42
"2023-12-18",3,"3","Limassol",13.24
"2023-12-18",4,"4","Nicosia",11.11
"2023-12-18",5,"5","Paphos",14.81
"2023-12-19",1,"1","Famagusta",17.29
"2023-12-19",2,"2","Larnaca",12.61
"2023-12-19",3,"3","Limassol",10.54
"2023-12-19",4,"4","Nicosia",7.48
"2023-12-19",5,"5","Paphos",12.78
"2023-12-20",1,"1","Famagusta",18
"2023-12-20",2,"2","Larnaca",13.34
"2023-12-20",3,"3","Limassol",10.92
"2023-12-20",4,"4","Nicosia",7.94
"2023-12-20",5,"5","Paphos",12.92
"2023-12-21",1,"1","Famagusta",18.33
"2023-12-21",2,"2","Larnaca",15.65
"2023-12-21",3,"3","Limassol",13.95
"2023-12-21",4,"4","Nicosia",11.64
"2023-12-21",5,"5","Paphos",14.89
"2023-12-22",1,"1","Famagusta",16.24
"2023-12-22",2,"2","Larnaca",13.06
"2023-12-22",3,"3","Limassol",10.72
"2023-12-22",4,"4","Nicosia",9.2
"2023-12-22",5,"5","Paphos",11.93
"2023-12-23",1,"1","Famagusta",16.82
"2023-12-23",2,"2","Larnaca",14.46
"2023-12-23",3,"3","Limassol",12.76
"2023-12-23",4,"4","Nicosia",11.53
"2023-12-23",5,"5","Paphos",13.03
"2023-12-24",1,"1","Famagusta",16.29
"2023-12-24",2,"2","Larnaca",13.82
"2023-12-24",3,"3","Limassol",12.3
"2023-12-24",4,"4","Nicosia",10.22
"2023-12-24",5,"5","Paphos",14.12
"2023-12-25",1,"1","Famagusta",16.54
"2023-12-25",2,"2","Larnaca",13.85
"2023-12-25",3,"3","Limassol",12.37
"2023-12-25",4,"4","Nicosia",10.22
"2023-12-25",5,"5","Paphos",14.35
"2023-12-26",1,"1","Famagusta",16.8
"2023-12-26",2,"2","Larnaca",12.49
"2023-12-26",3,"3","Limassol",10.63
"2023-12-26",4,"4","Nicosia",8.73
"2023-12-26",5,"5","Paphos",12.48
"2023-12-27",1,"1","Famagusta",18.57
"2023-12-27",2,"2","Larnaca",14.77
"2023-12-27",3,"3","Limassol",12.95
"2023-12-27",4,"4","Nicosia",10.74
"2023-12-27",5,"5","Paphos",13.9
"2023-12-28",1,"1","Famagusta",18.81
"2023-12-28",2,"2","Larnaca",15.05
"2023-12-28",3,"3","Limassol",13
"2023-12-28",4,"4","Nicosia",10.56
"2023-12-28",5,"5","Paphos",14.78
"2023-12-29",1,"1","Famagusta",18.19
"2023-12-29",2,"2","Larnaca",14.19
"2023-12-29",3,"3","Limassol",13.16
"2023-12-29",4,"4","Nicosia",9.55
"2023-12-29",5,"5","Paphos",14.53
"2023-12-30",1,"1","Famagusta",17.05
"2023-12-30",2,"2","Larnaca",13.22
"2023-12-30",3,"3","Limassol",12.37
"2023-12-30",4,"4","Nicosia",8.73
"2023-12-30",5,"5","Paphos",13.97
"2023-12-31",1,"1","Famagusta",16.41
"2023-12-31",2,"2","Larnaca",12.84
"2023-12-31",3,"3","Limassol",11.4
"2023-12-31",4,"4","Nicosia",8.44
"2023-12-31",5,"5","Paphos",12.78
