"","date","ID_1","NAME_1","t2m"
"1","2013-01-01",1,"Aragatsotn",-12.35
"2","2013-01-01",2,"Ararat",-10.85
"3","2013-01-01",3,"Armavir",-10.56
"4","2013-01-01",4,"Erevan",-9.64
"5","2013-01-01",5,"Gegharkunik",-14.96
"6","2013-01-01",6,"Kotayk",-13.8
"7","2013-01-01",7,"Lori",-13.21
"8","2013-01-01",8,"Shirak",-16.24
"9","2013-01-01",9,"Syunik",-12.92
"10","2013-01-01",10,"Tavush",-7.8
"11","2013-01-01",11,"Vayots Dzor",-18.13
"12","2013-01-02",1,"Aragatsotn",-11.75
"13","2013-01-02",2,"Ararat",-10.76
"14","2013-01-02",3,"Armavir",-10.2
"15","2013-01-02",4,"Erevan",-9.73
"16","2013-01-02",5,"Gegharkunik",-12.95
"17","2013-01-02",6,"Kotayk",-13
"18","2013-01-02",7,"Lori",-13.08
"19","2013-01-02",8,"Shirak",-15.96
"20","2013-01-02",9,"Syunik",-11.96
"21","2013-01-02",10,"Tavush",-7.63
"22","2013-01-02",11,"Vayots Dzor",-16.48
"23","2013-01-03",1,"Aragatsotn",-10.55
"24","2013-01-03",2,"Ararat",-9.65
"25","2013-01-03",3,"Armavir",-9.56
"26","2013-01-03",4,"Erevan",-9.36
"27","2013-01-03",5,"Gegharkunik",-10.8
"28","2013-01-03",6,"Kotayk",-9.22
"29","2013-01-03",7,"Lori",-12.93
"30","2013-01-03",8,"Shirak",-15.77
"31","2013-01-03",9,"Syunik",-12.57
"32","2013-01-03",10,"Tavush",-6.82
"33","2013-01-03",11,"Vayots Dzor",-16.53
"34","2013-01-04",1,"Aragatsotn",-11.52
"35","2013-01-04",2,"Ararat",-10.28
"36","2013-01-04",3,"Armavir",-10.14
"37","2013-01-04",4,"Erevan",-9.52
"38","2013-01-04",5,"Gegharkunik",-11.65
"39","2013-01-04",6,"Kotayk",-11.65
"40","2013-01-04",7,"Lori",-13.87
"41","2013-01-04",8,"Shirak",-16.12
"42","2013-01-04",9,"Syunik",-12.38
"43","2013-01-04",10,"Tavush",-7.18
"44","2013-01-04",11,"Vayots Dzor",-16.13
"45","2013-01-05",1,"Aragatsotn",-11.73
"46","2013-01-05",2,"Ararat",-9.44
"47","2013-01-05",3,"Armavir",-9.15
"48","2013-01-05",4,"Erevan",-9.1
"49","2013-01-05",5,"Gegharkunik",-12.89
"50","2013-01-05",6,"Kotayk",-13.3
"51","2013-01-05",7,"Lori",-12.94
"52","2013-01-05",8,"Shirak",-14.28
"53","2013-01-05",9,"Syunik",-9.86
"54","2013-01-05",10,"Tavush",-7.56
"55","2013-01-05",11,"Vayots Dzor",-13.74
"56","2013-01-06",1,"Aragatsotn",-5.69
"57","2013-01-06",2,"Ararat",-4.48
"58","2013-01-06",3,"Armavir",-2.11
"59","2013-01-06",4,"Erevan",-4.41
"60","2013-01-06",5,"Gegharkunik",-9.52
"61","2013-01-06",6,"Kotayk",-7.91
"62","2013-01-06",7,"Lori",-7.21
"63","2013-01-06",8,"Shirak",-8.18
"64","2013-01-06",9,"Syunik",-7.19
"65","2013-01-06",10,"Tavush",-4.57
"66","2013-01-06",11,"Vayots Dzor",-10.18
"67","2013-01-07",1,"Aragatsotn",-3.47
"68","2013-01-07",2,"Ararat",-1.4
"69","2013-01-07",3,"Armavir",-0.06
"70","2013-01-07",4,"Erevan",-2.32
"71","2013-01-07",5,"Gegharkunik",-5.05
"72","2013-01-07",6,"Kotayk",-4.88
"73","2013-01-07",7,"Lori",-5.1
"74","2013-01-07",8,"Shirak",-5.89
"75","2013-01-07",9,"Syunik",-3.84
"76","2013-01-07",10,"Tavush",-0.9
"77","2013-01-07",11,"Vayots Dzor",-5.47
"78","2013-01-08",1,"Aragatsotn",0.02
"79","2013-01-08",2,"Ararat",2.66
"80","2013-01-08",3,"Armavir",2.35
"81","2013-01-08",4,"Erevan",1.88
"82","2013-01-08",5,"Gegharkunik",-4.01
"83","2013-01-08",6,"Kotayk",-1.07
"84","2013-01-08",7,"Lori",-2.7
"85","2013-01-08",8,"Shirak",-2.52
"86","2013-01-08",9,"Syunik",-2.42
"87","2013-01-08",10,"Tavush",-0.64
"88","2013-01-08",11,"Vayots Dzor",-2.3
"89","2013-01-09",1,"Aragatsotn",-5.21
"90","2013-01-09",2,"Ararat",-2.27
"91","2013-01-09",3,"Armavir",-2.89
"92","2013-01-09",4,"Erevan",-2.71
"93","2013-01-09",5,"Gegharkunik",-6.11
"94","2013-01-09",6,"Kotayk",-5.4
"95","2013-01-09",7,"Lori",-5.01
"96","2013-01-09",8,"Shirak",-7.18
"97","2013-01-09",9,"Syunik",-3.6
"98","2013-01-09",10,"Tavush",-1.82
"99","2013-01-09",11,"Vayots Dzor",-5.4
"100","2013-01-10",1,"Aragatsotn",-7.41
"101","2013-01-10",2,"Ararat",-5.99
"102","2013-01-10",3,"Armavir",-4.82
"103","2013-01-10",4,"Erevan",-5.48
"104","2013-01-10",5,"Gegharkunik",-8.6
"105","2013-01-10",6,"Kotayk",-7.35
"106","2013-01-10",7,"Lori",-7.31
"107","2013-01-10",8,"Shirak",-9.62
"108","2013-01-10",9,"Syunik",-5.35
"109","2013-01-10",10,"Tavush",-4.39
"110","2013-01-10",11,"Vayots Dzor",-8.81
"111","2013-01-11",1,"Aragatsotn",-13.88
"112","2013-01-11",2,"Ararat",-13.76
"113","2013-01-11",3,"Armavir",-12.02
"114","2013-01-11",4,"Erevan",-13.7
"115","2013-01-11",5,"Gegharkunik",-11.64
"116","2013-01-11",6,"Kotayk",-14.24
"117","2013-01-11",7,"Lori",-12.62
"118","2013-01-11",8,"Shirak",-15.93
"119","2013-01-11",9,"Syunik",-10.89
"120","2013-01-11",10,"Tavush",-7.27
"121","2013-01-11",11,"Vayots Dzor",-12.48
"122","2013-01-12",1,"Aragatsotn",-14.47
"123","2013-01-12",2,"Ararat",-12.53
"124","2013-01-12",3,"Armavir",-13.88
"125","2013-01-12",4,"Erevan",-13.4
"126","2013-01-12",5,"Gegharkunik",-15.38
"127","2013-01-12",6,"Kotayk",-15.18
"128","2013-01-12",7,"Lori",-13.98
"129","2013-01-12",8,"Shirak",-16.34
"130","2013-01-12",9,"Syunik",-12.32
"131","2013-01-12",10,"Tavush",-8.91
"132","2013-01-12",11,"Vayots Dzor",-16.09
"133","2013-01-13",1,"Aragatsotn",-14.82
"134","2013-01-13",2,"Ararat",-11.2
"135","2013-01-13",3,"Armavir",-14.53
"136","2013-01-13",4,"Erevan",-12.46
"137","2013-01-13",5,"Gegharkunik",-13.91
"138","2013-01-13",6,"Kotayk",-13.68
"139","2013-01-13",7,"Lori",-12.28
"140","2013-01-13",8,"Shirak",-15.12
"141","2013-01-13",9,"Syunik",-12.13
"142","2013-01-13",10,"Tavush",-8.18
"143","2013-01-13",11,"Vayots Dzor",-16.38
"144","2013-01-14",1,"Aragatsotn",-9.88
"145","2013-01-14",2,"Ararat",-7.5
"146","2013-01-14",3,"Armavir",-8.97
"147","2013-01-14",4,"Erevan",-9.05
"148","2013-01-14",5,"Gegharkunik",-11.52
"149","2013-01-14",6,"Kotayk",-10.76
"150","2013-01-14",7,"Lori",-8.52
"151","2013-01-14",8,"Shirak",-10.67
"152","2013-01-14",9,"Syunik",-9.29
"153","2013-01-14",10,"Tavush",-5.22
"154","2013-01-14",11,"Vayots Dzor",-12.63
"155","2013-01-15",1,"Aragatsotn",-11.96
"156","2013-01-15",2,"Ararat",-9.01
"157","2013-01-15",3,"Armavir",-9.7
"158","2013-01-15",4,"Erevan",-11.46
"159","2013-01-15",5,"Gegharkunik",-12.55
"160","2013-01-15",6,"Kotayk",-13.67
"161","2013-01-15",7,"Lori",-11.41
"162","2013-01-15",8,"Shirak",-12.17
"163","2013-01-15",9,"Syunik",-11.37
"164","2013-01-15",10,"Tavush",-6.78
"165","2013-01-15",11,"Vayots Dzor",-13.87
"166","2013-01-16",1,"Aragatsotn",-15.56
"167","2013-01-16",2,"Ararat",-12.08
"168","2013-01-16",3,"Armavir",-15.9
"169","2013-01-16",4,"Erevan",-13.45
"170","2013-01-16",5,"Gegharkunik",-15.93
"171","2013-01-16",6,"Kotayk",-15.45
"172","2013-01-16",7,"Lori",-16.03
"173","2013-01-16",8,"Shirak",-17.86
"174","2013-01-16",9,"Syunik",-15.48
"175","2013-01-16",10,"Tavush",-9.28
"176","2013-01-16",11,"Vayots Dzor",-18.34
"177","2013-01-17",1,"Aragatsotn",-16.28
"178","2013-01-17",2,"Ararat",-12.25
"179","2013-01-17",3,"Armavir",-16.63
"180","2013-01-17",4,"Erevan",-12.83
"181","2013-01-17",5,"Gegharkunik",-14.73
"182","2013-01-17",6,"Kotayk",-13.78
"183","2013-01-17",7,"Lori",-13.81
"184","2013-01-17",8,"Shirak",-15.85
"185","2013-01-17",9,"Syunik",-10.91
"186","2013-01-17",10,"Tavush",-9.61
"187","2013-01-17",11,"Vayots Dzor",-15.13
"188","2013-01-18",1,"Aragatsotn",-10.7
"189","2013-01-18",2,"Ararat",-9.12
"190","2013-01-18",3,"Armavir",-11.08
"191","2013-01-18",4,"Erevan",-9.62
"192","2013-01-18",5,"Gegharkunik",-11.17
"193","2013-01-18",6,"Kotayk",-9.88
"194","2013-01-18",7,"Lori",-7.94
"195","2013-01-18",8,"Shirak",-11.77
"196","2013-01-18",9,"Syunik",-9.15
"197","2013-01-18",10,"Tavush",-4.2
"198","2013-01-18",11,"Vayots Dzor",-12.37
"199","2013-01-19",1,"Aragatsotn",-9.18
"200","2013-01-19",2,"Ararat",-5.92
"201","2013-01-19",3,"Armavir",-9.06
"202","2013-01-19",4,"Erevan",-6.96
"203","2013-01-19",5,"Gegharkunik",-7.96
"204","2013-01-19",6,"Kotayk",-7.36
"205","2013-01-19",7,"Lori",-6.09
"206","2013-01-19",8,"Shirak",-9.24
"207","2013-01-19",9,"Syunik",-5.45
"208","2013-01-19",10,"Tavush",-3.41
"209","2013-01-19",11,"Vayots Dzor",-8.75
"210","2013-01-20",1,"Aragatsotn",-5.86
"211","2013-01-20",2,"Ararat",-3.43
"212","2013-01-20",3,"Armavir",-4.44
"213","2013-01-20",4,"Erevan",-4.43
"214","2013-01-20",5,"Gegharkunik",-7.23
"215","2013-01-20",6,"Kotayk",-5.86
"216","2013-01-20",7,"Lori",-6.03
"217","2013-01-20",8,"Shirak",-7.42
"218","2013-01-20",9,"Syunik",-4.07
"219","2013-01-20",10,"Tavush",-2.8
"220","2013-01-20",11,"Vayots Dzor",-7.42
"221","2013-01-21",1,"Aragatsotn",-3.87
"222","2013-01-21",2,"Ararat",-1.33
"223","2013-01-21",3,"Armavir",-2.84
"224","2013-01-21",4,"Erevan",-2.09
"225","2013-01-21",5,"Gegharkunik",-4.88
"226","2013-01-21",6,"Kotayk",-3.6
"227","2013-01-21",7,"Lori",-4.02
"228","2013-01-21",8,"Shirak",-5.99
"229","2013-01-21",9,"Syunik",-3.14
"230","2013-01-21",10,"Tavush",-1
"231","2013-01-21",11,"Vayots Dzor",-3.09
"232","2013-01-22",1,"Aragatsotn",-4.49
"233","2013-01-22",2,"Ararat",-3
"234","2013-01-22",3,"Armavir",-3.93
"235","2013-01-22",4,"Erevan",-3.08
"236","2013-01-22",5,"Gegharkunik",-5.63
"237","2013-01-22",6,"Kotayk",-4.13
"238","2013-01-22",7,"Lori",-3.31
"239","2013-01-22",8,"Shirak",-4.78
"240","2013-01-22",9,"Syunik",-3.31
"241","2013-01-22",10,"Tavush",-1.4
"242","2013-01-22",11,"Vayots Dzor",-6.05
"243","2013-01-23",1,"Aragatsotn",-2.51
"244","2013-01-23",2,"Ararat",-0.71
"245","2013-01-23",3,"Armavir",-0.98
"246","2013-01-23",4,"Erevan",-0.99
"247","2013-01-23",5,"Gegharkunik",-3.41
"248","2013-01-23",6,"Kotayk",-1.99
"249","2013-01-23",7,"Lori",-1.14
"250","2013-01-23",8,"Shirak",-3.43
"251","2013-01-23",9,"Syunik",-1.4
"252","2013-01-23",10,"Tavush",0.95
"253","2013-01-23",11,"Vayots Dzor",-4.6
"254","2013-01-24",1,"Aragatsotn",-2.25
"255","2013-01-24",2,"Ararat",0.1
"256","2013-01-24",3,"Armavir",0.25
"257","2013-01-24",4,"Erevan",-1.17
"258","2013-01-24",5,"Gegharkunik",-4.35
"259","2013-01-24",6,"Kotayk",-2.71
"260","2013-01-24",7,"Lori",-2.4
"261","2013-01-24",8,"Shirak",-3.35
"262","2013-01-24",9,"Syunik",-0.43
"263","2013-01-24",10,"Tavush",-0.74
"264","2013-01-24",11,"Vayots Dzor",-1.61
"265","2013-01-25",1,"Aragatsotn",-4.42
"266","2013-01-25",2,"Ararat",-0.34
"267","2013-01-25",3,"Armavir",-2.81
"268","2013-01-25",4,"Erevan",-2.36
"269","2013-01-25",5,"Gegharkunik",-5.27
"270","2013-01-25",6,"Kotayk",-3.8
"271","2013-01-25",7,"Lori",-4.72
"272","2013-01-25",8,"Shirak",-4.77
"273","2013-01-25",9,"Syunik",-1.88
"274","2013-01-25",10,"Tavush",-2.76
"275","2013-01-25",11,"Vayots Dzor",-3.24
"276","2013-01-26",1,"Aragatsotn",-0.51
"277","2013-01-26",2,"Ararat",0.93
"278","2013-01-26",3,"Armavir",1.87
"279","2013-01-26",4,"Erevan",0.44
"280","2013-01-26",5,"Gegharkunik",-3.34
"281","2013-01-26",6,"Kotayk",-1.44
"282","2013-01-26",7,"Lori",-2.84
"283","2013-01-26",8,"Shirak",-2.1
"284","2013-01-26",9,"Syunik",-0.69
"285","2013-01-26",10,"Tavush",-1.69
"286","2013-01-26",11,"Vayots Dzor",-1.56
"287","2013-01-27",1,"Aragatsotn",0.38
"288","2013-01-27",2,"Ararat",2.29
"289","2013-01-27",3,"Armavir",3.91
"290","2013-01-27",4,"Erevan",1.09
"291","2013-01-27",5,"Gegharkunik",-2.44
"292","2013-01-27",6,"Kotayk",-0.7
"293","2013-01-27",7,"Lori",-1.47
"294","2013-01-27",8,"Shirak",-1.11
"295","2013-01-27",9,"Syunik",0.27
"296","2013-01-27",10,"Tavush",0.43
"297","2013-01-27",11,"Vayots Dzor",-0.78
"298","2013-01-28",1,"Aragatsotn",-2.12
"299","2013-01-28",2,"Ararat",0.32
"300","2013-01-28",3,"Armavir",-1.6
"301","2013-01-28",4,"Erevan",-0.68
"302","2013-01-28",5,"Gegharkunik",-2.82
"303","2013-01-28",6,"Kotayk",-1.85
"304","2013-01-28",7,"Lori",-2.79
"305","2013-01-28",8,"Shirak",-2.63
"306","2013-01-28",9,"Syunik",1.66
"307","2013-01-28",10,"Tavush",-1.64
"308","2013-01-28",11,"Vayots Dzor",-0.35
"309","2013-01-29",1,"Aragatsotn",-2.53
"310","2013-01-29",2,"Ararat",-0.59
"311","2013-01-29",3,"Armavir",-0.29
"312","2013-01-29",4,"Erevan",-1.39
"313","2013-01-29",5,"Gegharkunik",-3.17
"314","2013-01-29",6,"Kotayk",-3.28
"315","2013-01-29",7,"Lori",-2.18
"316","2013-01-29",8,"Shirak",-4.48
"317","2013-01-29",9,"Syunik",-0.42
"318","2013-01-29",10,"Tavush",1.67
"319","2013-01-29",11,"Vayots Dzor",-2.21
"320","2013-01-30",1,"Aragatsotn",-2.77
"321","2013-01-30",2,"Ararat",-1.25
"322","2013-01-30",3,"Armavir",0.04
"323","2013-01-30",4,"Erevan",-1.43
"324","2013-01-30",5,"Gegharkunik",-5.13
"325","2013-01-30",6,"Kotayk",-3.9
"326","2013-01-30",7,"Lori",-3.17
"327","2013-01-30",8,"Shirak",-4.28
"328","2013-01-30",9,"Syunik",-4.41
"329","2013-01-30",10,"Tavush",-1.29
"330","2013-01-30",11,"Vayots Dzor",-3.45
"331","2013-01-31",1,"Aragatsotn",-5.79
"332","2013-01-31",2,"Ararat",-1.94
"333","2013-01-31",3,"Armavir",-1.96
"334","2013-01-31",4,"Erevan",-3.9
"335","2013-01-31",5,"Gegharkunik",-6.85
"336","2013-01-31",6,"Kotayk",-6.29
"337","2013-01-31",7,"Lori",-6.82
"338","2013-01-31",8,"Shirak",-7.5
"339","2013-01-31",9,"Syunik",-4.14
"340","2013-01-31",10,"Tavush",-2.54
"341","2013-01-31",11,"Vayots Dzor",-4.92
"342","2013-02-01",1,"Aragatsotn",-2.91
"343","2013-02-01",2,"Ararat",-1.04
"344","2013-02-01",3,"Armavir",-0.08
"345","2013-02-01",4,"Erevan",-1.61
"346","2013-02-01",5,"Gegharkunik",-6.31
"347","2013-02-01",6,"Kotayk",-3.74
"348","2013-02-01",7,"Lori",-2.59
"349","2013-02-01",8,"Shirak",-6.18
"350","2013-02-01",9,"Syunik",-4.01
"351","2013-02-01",10,"Tavush",-0.43
"352","2013-02-01",11,"Vayots Dzor",-6.26
"353","2013-02-02",1,"Aragatsotn",-3
"354","2013-02-02",2,"Ararat",-0.83
"355","2013-02-02",3,"Armavir",0.42
"356","2013-02-02",4,"Erevan",-2.22
"357","2013-02-02",5,"Gegharkunik",-5.71
"358","2013-02-02",6,"Kotayk",-4.5
"359","2013-02-02",7,"Lori",-3.76
"360","2013-02-02",8,"Shirak",-4.8
"361","2013-02-02",9,"Syunik",-3.24
"362","2013-02-02",10,"Tavush",-1.09
"363","2013-02-02",11,"Vayots Dzor",-3.71
"364","2013-02-03",1,"Aragatsotn",-8.47
"365","2013-02-03",2,"Ararat",-8.22
"366","2013-02-03",3,"Armavir",-5.29
"367","2013-02-03",4,"Erevan",-8.26
"368","2013-02-03",5,"Gegharkunik",-9.65
"369","2013-02-03",6,"Kotayk",-9.82
"370","2013-02-03",7,"Lori",-10.2
"371","2013-02-03",8,"Shirak",-11.9
"372","2013-02-03",9,"Syunik",-6.38
"373","2013-02-03",10,"Tavush",-4.67
"374","2013-02-03",11,"Vayots Dzor",-8.42
"375","2013-02-04",1,"Aragatsotn",-9.13
"376","2013-02-04",2,"Ararat",-6.55
"377","2013-02-04",3,"Armavir",-7.11
"378","2013-02-04",4,"Erevan",-6.75
"379","2013-02-04",5,"Gegharkunik",-9.76
"380","2013-02-04",6,"Kotayk",-8.13
"381","2013-02-04",7,"Lori",-8.48
"382","2013-02-04",8,"Shirak",-11.21
"383","2013-02-04",9,"Syunik",-6.31
"384","2013-02-04",10,"Tavush",-5.42
"385","2013-02-04",11,"Vayots Dzor",-8.88
"386","2013-02-05",1,"Aragatsotn",-7.86
"387","2013-02-05",2,"Ararat",-5.52
"388","2013-02-05",3,"Armavir",-7.44
"389","2013-02-05",4,"Erevan",-4.55
"390","2013-02-05",5,"Gegharkunik",-8.42
"391","2013-02-05",6,"Kotayk",-6.46
"392","2013-02-05",7,"Lori",-6.81
"393","2013-02-05",8,"Shirak",-9.18
"394","2013-02-05",9,"Syunik",-6.03
"395","2013-02-05",10,"Tavush",-3.35
"396","2013-02-05",11,"Vayots Dzor",-8.04
"397","2013-02-06",1,"Aragatsotn",-6.59
"398","2013-02-06",2,"Ararat",-4.38
"399","2013-02-06",3,"Armavir",-5.96
"400","2013-02-06",4,"Erevan",-3.93
"401","2013-02-06",5,"Gegharkunik",-7.04
"402","2013-02-06",6,"Kotayk",-5.58
"403","2013-02-06",7,"Lori",-6.07
"404","2013-02-06",8,"Shirak",-8.68
"405","2013-02-06",9,"Syunik",-3.09
"406","2013-02-06",10,"Tavush",-1.54
"407","2013-02-06",11,"Vayots Dzor",-5.91
"408","2013-02-07",1,"Aragatsotn",-0.39
"409","2013-02-07",2,"Ararat",1.4
"410","2013-02-07",3,"Armavir",1.65
"411","2013-02-07",4,"Erevan",1.88
"412","2013-02-07",5,"Gegharkunik",-2.35
"413","2013-02-07",6,"Kotayk",-0.9
"414","2013-02-07",7,"Lori",-2.21
"415","2013-02-07",8,"Shirak",-2.76
"416","2013-02-07",9,"Syunik",0.52
"417","2013-02-07",10,"Tavush",0.41
"418","2013-02-07",11,"Vayots Dzor",-0.63
"419","2013-02-08",1,"Aragatsotn",-3.6
"420","2013-02-08",2,"Ararat",-0.79
"421","2013-02-08",3,"Armavir",-3.09
"422","2013-02-08",4,"Erevan",-1.47
"423","2013-02-08",5,"Gegharkunik",-5.25
"424","2013-02-08",6,"Kotayk",-3.58
"425","2013-02-08",7,"Lori",-2.81
"426","2013-02-08",8,"Shirak",-3.84
"427","2013-02-08",9,"Syunik",-1.05
"428","2013-02-08",10,"Tavush",-1.33
"429","2013-02-08",11,"Vayots Dzor",-1.89
"430","2013-02-09",1,"Aragatsotn",-4.72
"431","2013-02-09",2,"Ararat",-2.56
"432","2013-02-09",3,"Armavir",-3.56
"433","2013-02-09",4,"Erevan",-2.42
"434","2013-02-09",5,"Gegharkunik",-5.65
"435","2013-02-09",6,"Kotayk",-4.25
"436","2013-02-09",7,"Lori",-6.2
"437","2013-02-09",8,"Shirak",-6.19
"438","2013-02-09",9,"Syunik",-2.96
"439","2013-02-09",10,"Tavush",-2.31
"440","2013-02-09",11,"Vayots Dzor",-3.41
"441","2013-02-10",1,"Aragatsotn",-4.02
"442","2013-02-10",2,"Ararat",-2.5
"443","2013-02-10",3,"Armavir",-3.7
"444","2013-02-10",4,"Erevan",-2.8
"445","2013-02-10",5,"Gegharkunik",-6.66
"446","2013-02-10",6,"Kotayk",-4.79
"447","2013-02-10",7,"Lori",-4.74
"448","2013-02-10",8,"Shirak",-6.61
"449","2013-02-10",9,"Syunik",-3.92
"450","2013-02-10",10,"Tavush",-1.1
"451","2013-02-10",11,"Vayots Dzor",-5.25
"452","2013-02-11",1,"Aragatsotn",-5.11
"453","2013-02-11",2,"Ararat",-3.24
"454","2013-02-11",3,"Armavir",-3.32
"455","2013-02-11",4,"Erevan",-3.31
"456","2013-02-11",5,"Gegharkunik",-5.21
"457","2013-02-11",6,"Kotayk",-5.23
"458","2013-02-11",7,"Lori",-5.33
"459","2013-02-11",8,"Shirak",-7.43
"460","2013-02-11",9,"Syunik",-2.06
"461","2013-02-11",10,"Tavush",-0.05
"462","2013-02-11",11,"Vayots Dzor",-3.96
"463","2013-02-12",1,"Aragatsotn",-2.66
"464","2013-02-12",2,"Ararat",-0.92
"465","2013-02-12",3,"Armavir",-0.83
"466","2013-02-12",4,"Erevan",-1.09
"467","2013-02-12",5,"Gegharkunik",-3.94
"468","2013-02-12",6,"Kotayk",-2.73
"469","2013-02-12",7,"Lori",-3.74
"470","2013-02-12",8,"Shirak",-5.13
"471","2013-02-12",9,"Syunik",-0.91
"472","2013-02-12",10,"Tavush",0.43
"473","2013-02-12",11,"Vayots Dzor",-2.66
"474","2013-02-13",1,"Aragatsotn",-0.09
"475","2013-02-13",2,"Ararat",-0.17
"476","2013-02-13",3,"Armavir",2.04
"477","2013-02-13",4,"Erevan",0.39
"478","2013-02-13",5,"Gegharkunik",-2.93
"479","2013-02-13",6,"Kotayk",-1.48
"480","2013-02-13",7,"Lori",-0.13
"481","2013-02-13",8,"Shirak",-1.7
"482","2013-02-13",9,"Syunik",-0.71
"483","2013-02-13",10,"Tavush",1.54
"484","2013-02-13",11,"Vayots Dzor",-1.81
"485","2013-02-14",1,"Aragatsotn",-5.22
"486","2013-02-14",2,"Ararat",-3.48
"487","2013-02-14",3,"Armavir",-4.47
"488","2013-02-14",4,"Erevan",-3.64
"489","2013-02-14",5,"Gegharkunik",-7.72
"490","2013-02-14",6,"Kotayk",-5.04
"491","2013-02-14",7,"Lori",-5.9
"492","2013-02-14",8,"Shirak",-6.59
"493","2013-02-14",9,"Syunik",-4.61
"494","2013-02-14",10,"Tavush",-3.21
"495","2013-02-14",11,"Vayots Dzor",-5.76
"496","2013-02-15",1,"Aragatsotn",-2.51
"497","2013-02-15",2,"Ararat",-1.19
"498","2013-02-15",3,"Armavir",-0.96
"499","2013-02-15",4,"Erevan",-1.23
"500","2013-02-15",5,"Gegharkunik",-5.71
"501","2013-02-15",6,"Kotayk",-3.2
"502","2013-02-15",7,"Lori",-1.95
"503","2013-02-15",8,"Shirak",-4.17
"504","2013-02-15",9,"Syunik",-2.4
"505","2013-02-15",10,"Tavush",0.82
"506","2013-02-15",11,"Vayots Dzor",-3.64
"507","2013-02-16",1,"Aragatsotn",-1.4
"508","2013-02-16",2,"Ararat",0.09
"509","2013-02-16",3,"Armavir",1.61
"510","2013-02-16",4,"Erevan",-0.38
"511","2013-02-16",5,"Gegharkunik",-3.8
"512","2013-02-16",6,"Kotayk",-2.9
"513","2013-02-16",7,"Lori",-2.76
"514","2013-02-16",8,"Shirak",-3.49
"515","2013-02-16",9,"Syunik",-0.13
"516","2013-02-16",10,"Tavush",0.14
"517","2013-02-16",11,"Vayots Dzor",-2.11
"518","2013-02-17",1,"Aragatsotn",-3.06
"519","2013-02-17",2,"Ararat",-0.92
"520","2013-02-17",3,"Armavir",-1.16
"521","2013-02-17",4,"Erevan",-1.56
"522","2013-02-17",5,"Gegharkunik",-5.27
"523","2013-02-17",6,"Kotayk",-3.7
"524","2013-02-17",7,"Lori",-3.72
"525","2013-02-17",8,"Shirak",-4.99
"526","2013-02-17",9,"Syunik",-1.33
"527","2013-02-17",10,"Tavush",-0.15
"528","2013-02-17",11,"Vayots Dzor",-3.53
"529","2013-02-18",1,"Aragatsotn",-3.92
"530","2013-02-18",2,"Ararat",-3.2
"531","2013-02-18",3,"Armavir",-2.05
"532","2013-02-18",4,"Erevan",-3.43
"533","2013-02-18",5,"Gegharkunik",-5.97
"534","2013-02-18",6,"Kotayk",-5.26
"535","2013-02-18",7,"Lori",-4.07
"536","2013-02-18",8,"Shirak",-7.23
"537","2013-02-18",9,"Syunik",-3.31
"538","2013-02-18",10,"Tavush",-1
"539","2013-02-18",11,"Vayots Dzor",-4.39
"540","2013-02-19",1,"Aragatsotn",-3.28
"541","2013-02-19",2,"Ararat",-1.72
"542","2013-02-19",3,"Armavir",-1.08
"543","2013-02-19",4,"Erevan",-2.17
"544","2013-02-19",5,"Gegharkunik",-5.33
"545","2013-02-19",6,"Kotayk",-4.45
"546","2013-02-19",7,"Lori",-2.94
"547","2013-02-19",8,"Shirak",-5.05
"548","2013-02-19",9,"Syunik",-3.82
"549","2013-02-19",10,"Tavush",-0.36
"550","2013-02-19",11,"Vayots Dzor",-4.67
"551","2013-02-20",1,"Aragatsotn",-7.68
"552","2013-02-20",2,"Ararat",-4.65
"553","2013-02-20",3,"Armavir",-6.1
"554","2013-02-20",4,"Erevan",-6.05
"555","2013-02-20",5,"Gegharkunik",-9.03
"556","2013-02-20",6,"Kotayk",-6.73
"557","2013-02-20",7,"Lori",-7.91
"558","2013-02-20",8,"Shirak",-9.86
"559","2013-02-20",9,"Syunik",-6.47
"560","2013-02-20",10,"Tavush",-2.98
"561","2013-02-20",11,"Vayots Dzor",-7.97
"562","2013-02-21",1,"Aragatsotn",-2.27
"563","2013-02-21",2,"Ararat",-1.74
"564","2013-02-21",3,"Armavir",0.19
"565","2013-02-21",4,"Erevan",-0.59
"566","2013-02-21",5,"Gegharkunik",-7.61
"567","2013-02-21",6,"Kotayk",-3.77
"568","2013-02-21",7,"Lori",-3.78
"569","2013-02-21",8,"Shirak",-4.44
"570","2013-02-21",9,"Syunik",-5.12
"571","2013-02-21",10,"Tavush",-1.91
"572","2013-02-21",11,"Vayots Dzor",-5.62
"573","2013-02-22",1,"Aragatsotn",-4.43
"574","2013-02-22",2,"Ararat",-2.29
"575","2013-02-22",3,"Armavir",-3.01
"576","2013-02-22",4,"Erevan",-1.73
"577","2013-02-22",5,"Gegharkunik",-8.33
"578","2013-02-22",6,"Kotayk",-4.55
"579","2013-02-22",7,"Lori",-6.07
"580","2013-02-22",8,"Shirak",-7.06
"581","2013-02-22",9,"Syunik",-6.17
"582","2013-02-22",10,"Tavush",-2.49
"583","2013-02-22",11,"Vayots Dzor",-7.88
"584","2013-02-23",1,"Aragatsotn",-2.26
"585","2013-02-23",2,"Ararat",-0.88
"586","2013-02-23",3,"Armavir",-0.19
"587","2013-02-23",4,"Erevan",-0.85
"588","2013-02-23",5,"Gegharkunik",-4.16
"589","2013-02-23",6,"Kotayk",-3.11
"590","2013-02-23",7,"Lori",-2.46
"591","2013-02-23",8,"Shirak",-3.97
"592","2013-02-23",9,"Syunik",-2.64
"593","2013-02-23",10,"Tavush",-0.24
"594","2013-02-23",11,"Vayots Dzor",-3.68
"595","2013-02-24",1,"Aragatsotn",-0.75
"596","2013-02-24",2,"Ararat",1.13
"597","2013-02-24",3,"Armavir",0.65
"598","2013-02-24",4,"Erevan",0.31
"599","2013-02-24",5,"Gegharkunik",-1.84
"600","2013-02-24",6,"Kotayk",-1.05
"601","2013-02-24",7,"Lori",0.5
"602","2013-02-24",8,"Shirak",-1.8
"603","2013-02-24",9,"Syunik",-0.32
"604","2013-02-24",10,"Tavush",2.41
"605","2013-02-24",11,"Vayots Dzor",-1.58
"606","2013-02-25",1,"Aragatsotn",-1.24
"607","2013-02-25",2,"Ararat",-1.04
"608","2013-02-25",3,"Armavir",0.54
"609","2013-02-25",4,"Erevan",-0.35
"610","2013-02-25",5,"Gegharkunik",-5.68
"611","2013-02-25",6,"Kotayk",-3.51
"612","2013-02-25",7,"Lori",-1.32
"613","2013-02-25",8,"Shirak",-2.67
"614","2013-02-25",9,"Syunik",-3.83
"615","2013-02-25",10,"Tavush",0.07
"616","2013-02-25",11,"Vayots Dzor",-4.47
"617","2013-02-26",1,"Aragatsotn",-2.93
"618","2013-02-26",2,"Ararat",-1.38
"619","2013-02-26",3,"Armavir",-2.34
"620","2013-02-26",4,"Erevan",-1.47
"621","2013-02-26",5,"Gegharkunik",-6.41
"622","2013-02-26",6,"Kotayk",-2.98
"623","2013-02-26",7,"Lori",-1.26
"624","2013-02-26",8,"Shirak",-4.45
"625","2013-02-26",9,"Syunik",-4.32
"626","2013-02-26",10,"Tavush",0.73
"627","2013-02-26",11,"Vayots Dzor",-4.73
"628","2013-02-27",1,"Aragatsotn",-4.05
"629","2013-02-27",2,"Ararat",-3.47
"630","2013-02-27",3,"Armavir",-3.5
"631","2013-02-27",4,"Erevan",-2.7
"632","2013-02-27",5,"Gegharkunik",-6.75
"633","2013-02-27",6,"Kotayk",-4.01
"634","2013-02-27",7,"Lori",-2.35
"635","2013-02-27",8,"Shirak",-5.45
"636","2013-02-27",9,"Syunik",-3.76
"637","2013-02-27",10,"Tavush",-0.68
"638","2013-02-27",11,"Vayots Dzor",-3.45
"639","2013-02-28",1,"Aragatsotn",1.89
"640","2013-02-28",2,"Ararat",3.08
"641","2013-02-28",3,"Armavir",4.99
"642","2013-02-28",4,"Erevan",2.88
"643","2013-02-28",5,"Gegharkunik",-2.95
"644","2013-02-28",6,"Kotayk",0.41
"645","2013-02-28",7,"Lori",0.33
"646","2013-02-28",8,"Shirak",-0.06
"647","2013-02-28",9,"Syunik",-0.27
"648","2013-02-28",10,"Tavush",1.3
"649","2013-02-28",11,"Vayots Dzor",-0.92
"650","2013-03-01",1,"Aragatsotn",1.14
"651","2013-03-01",2,"Ararat",2.62
"652","2013-03-01",3,"Armavir",2.86
"653","2013-03-01",4,"Erevan",2.13
"654","2013-03-01",5,"Gegharkunik",-0.89
"655","2013-03-01",6,"Kotayk",-0.03
"656","2013-03-01",7,"Lori",0.07
"657","2013-03-01",8,"Shirak",-0.63
"658","2013-03-01",9,"Syunik",2.3
"659","2013-03-01",10,"Tavush",2.28
"660","2013-03-01",11,"Vayots Dzor",1.2
"661","2013-03-02",1,"Aragatsotn",-1.63
"662","2013-03-02",2,"Ararat",-2.62
"663","2013-03-02",3,"Armavir",0.57
"664","2013-03-02",4,"Erevan",-1.49
"665","2013-03-02",5,"Gegharkunik",-4.98
"666","2013-03-02",6,"Kotayk",-3.48
"667","2013-03-02",7,"Lori",-2.26
"668","2013-03-02",8,"Shirak",-4.19
"669","2013-03-02",9,"Syunik",-2.48
"670","2013-03-02",10,"Tavush",-0.84
"671","2013-03-02",11,"Vayots Dzor",-3.39
"672","2013-03-03",1,"Aragatsotn",-2.66
"673","2013-03-03",2,"Ararat",-0.16
"674","2013-03-03",3,"Armavir",-1.01
"675","2013-03-03",4,"Erevan",0.33
"676","2013-03-03",5,"Gegharkunik",-5.91
"677","2013-03-03",6,"Kotayk",-2.48
"678","2013-03-03",7,"Lori",-4.23
"679","2013-03-03",8,"Shirak",-4.9
"680","2013-03-03",9,"Syunik",-1.77
"681","2013-03-03",10,"Tavush",-1.86
"682","2013-03-03",11,"Vayots Dzor",-1.88
"683","2013-03-04",1,"Aragatsotn",1.48
"684","2013-03-04",2,"Ararat",3.49
"685","2013-03-04",3,"Armavir",4.54
"686","2013-03-04",4,"Erevan",3.92
"687","2013-03-04",5,"Gegharkunik",-1.85
"688","2013-03-04",6,"Kotayk",0.63
"689","2013-03-04",7,"Lori",-1.03
"690","2013-03-04",8,"Shirak",-1.21
"691","2013-03-04",9,"Syunik",0.99
"692","2013-03-04",10,"Tavush",0.78
"693","2013-03-04",11,"Vayots Dzor",0.31
"694","2013-03-05",1,"Aragatsotn",-0.14
"695","2013-03-05",2,"Ararat",1.91
"696","2013-03-05",3,"Armavir",2.33
"697","2013-03-05",4,"Erevan",2.11
"698","2013-03-05",5,"Gegharkunik",-2.37
"699","2013-03-05",6,"Kotayk",-0.77
"700","2013-03-05",7,"Lori",-1.13
"701","2013-03-05",8,"Shirak",-2.17
"702","2013-03-05",9,"Syunik",0.14
"703","2013-03-05",10,"Tavush",0.26
"704","2013-03-05",11,"Vayots Dzor",-0.72
"705","2013-03-06",1,"Aragatsotn",-7.31
"706","2013-03-06",2,"Ararat",-5.02
"707","2013-03-06",3,"Armavir",-3.39
"708","2013-03-06",4,"Erevan",-4.55
"709","2013-03-06",5,"Gegharkunik",-9.68
"710","2013-03-06",6,"Kotayk",-7.92
"711","2013-03-06",7,"Lori",-8.3
"712","2013-03-06",8,"Shirak",-11.58
"713","2013-03-06",9,"Syunik",-5.91
"714","2013-03-06",10,"Tavush",-4.31
"715","2013-03-06",11,"Vayots Dzor",-6.86
"716","2013-03-07",1,"Aragatsotn",-9.75
"717","2013-03-07",2,"Ararat",-7.59
"718","2013-03-07",3,"Armavir",-5.84
"719","2013-03-07",4,"Erevan",-8.31
"720","2013-03-07",5,"Gegharkunik",-12.49
"721","2013-03-07",6,"Kotayk",-11.7
"722","2013-03-07",7,"Lori",-10.73
"723","2013-03-07",8,"Shirak",-14.61
"724","2013-03-07",9,"Syunik",-9.85
"725","2013-03-07",10,"Tavush",-4.39
"726","2013-03-07",11,"Vayots Dzor",-10.71
"727","2013-03-08",1,"Aragatsotn",-9.72
"728","2013-03-08",2,"Ararat",-8.12
"729","2013-03-08",3,"Armavir",-7.79
"730","2013-03-08",4,"Erevan",-8.39
"731","2013-03-08",5,"Gegharkunik",-14.63
"732","2013-03-08",6,"Kotayk",-12.57
"733","2013-03-08",7,"Lori",-13.16
"734","2013-03-08",8,"Shirak",-11.76
"735","2013-03-08",9,"Syunik",-13
"736","2013-03-08",10,"Tavush",-7.03
"737","2013-03-08",11,"Vayots Dzor",-13.28
"738","2013-03-09",1,"Aragatsotn",-4.72
"739","2013-03-09",2,"Ararat",-4.22
"740","2013-03-09",3,"Armavir",-1.61
"741","2013-03-09",4,"Erevan",-4.26
"742","2013-03-09",5,"Gegharkunik",-8.65
"743","2013-03-09",6,"Kotayk",-6.5
"744","2013-03-09",7,"Lori",-4.97
"745","2013-03-09",8,"Shirak",-6.65
"746","2013-03-09",9,"Syunik",-5.53
"747","2013-03-09",10,"Tavush",-2.3
"748","2013-03-09",11,"Vayots Dzor",-7.18
"749","2013-03-10",1,"Aragatsotn",-1.45
"750","2013-03-10",2,"Ararat",-0.6
"751","2013-03-10",3,"Armavir",-0.76
"752","2013-03-10",4,"Erevan",-0.9
"753","2013-03-10",5,"Gegharkunik",-5.5
"754","2013-03-10",6,"Kotayk",-2.77
"755","2013-03-10",7,"Lori",-2.35
"756","2013-03-10",8,"Shirak",-2.8
"757","2013-03-10",9,"Syunik",-1.38
"758","2013-03-10",10,"Tavush",-0.41
"759","2013-03-10",11,"Vayots Dzor",-1.83
"760","2013-03-11",1,"Aragatsotn",-2.01
"761","2013-03-11",2,"Ararat",-0.93
"762","2013-03-11",3,"Armavir",-1.64
"763","2013-03-11",4,"Erevan",-1.65
"764","2013-03-11",5,"Gegharkunik",-5.79
"765","2013-03-11",6,"Kotayk",-3.45
"766","2013-03-11",7,"Lori",-3.56
"767","2013-03-11",8,"Shirak",-2.93
"768","2013-03-11",9,"Syunik",-2.82
"769","2013-03-11",10,"Tavush",0.01
"770","2013-03-11",11,"Vayots Dzor",-3.66
"771","2013-03-12",1,"Aragatsotn",2.71
"772","2013-03-12",2,"Ararat",3.64
"773","2013-03-12",3,"Armavir",3.66
"774","2013-03-12",4,"Erevan",3.52
"775","2013-03-12",5,"Gegharkunik",-1.67
"776","2013-03-12",6,"Kotayk",1.72
"777","2013-03-12",7,"Lori",0.99
"778","2013-03-12",8,"Shirak",1.41
"779","2013-03-12",9,"Syunik",-0.17
"780","2013-03-12",10,"Tavush",2.83
"781","2013-03-12",11,"Vayots Dzor",0.18
"782","2013-03-13",1,"Aragatsotn",5.17
"783","2013-03-13",2,"Ararat",6.67
"784","2013-03-13",3,"Armavir",7.61
"785","2013-03-13",4,"Erevan",6.02
"786","2013-03-13",5,"Gegharkunik",2.91
"787","2013-03-13",6,"Kotayk",4.39
"788","2013-03-13",7,"Lori",3.57
"789","2013-03-13",8,"Shirak",3.26
"790","2013-03-13",9,"Syunik",5.97
"791","2013-03-13",10,"Tavush",5.89
"792","2013-03-13",11,"Vayots Dzor",4.01
"793","2013-03-14",1,"Aragatsotn",4.05
"794","2013-03-14",2,"Ararat",6.64
"795","2013-03-14",3,"Armavir",7.32
"796","2013-03-14",4,"Erevan",6.04
"797","2013-03-14",5,"Gegharkunik",2.15
"798","2013-03-14",6,"Kotayk",3.78
"799","2013-03-14",7,"Lori",2.66
"800","2013-03-14",8,"Shirak",1.26
"801","2013-03-14",9,"Syunik",6.03
"802","2013-03-14",10,"Tavush",5.2
"803","2013-03-14",11,"Vayots Dzor",3.78
"804","2013-03-15",1,"Aragatsotn",2.51
"805","2013-03-15",2,"Ararat",6.11
"806","2013-03-15",3,"Armavir",3.09
"807","2013-03-15",4,"Erevan",5.43
"808","2013-03-15",5,"Gegharkunik",1.06
"809","2013-03-15",6,"Kotayk",3.22
"810","2013-03-15",7,"Lori",1.83
"811","2013-03-15",8,"Shirak",1.96
"812","2013-03-15",9,"Syunik",3.39
"813","2013-03-15",10,"Tavush",3.53
"814","2013-03-15",11,"Vayots Dzor",4.25
"815","2013-03-16",1,"Aragatsotn",5.31
"816","2013-03-16",2,"Ararat",8.27
"817","2013-03-16",3,"Armavir",6.62
"818","2013-03-16",4,"Erevan",7.77
"819","2013-03-16",5,"Gegharkunik",2.48
"820","2013-03-16",6,"Kotayk",4.76
"821","2013-03-16",7,"Lori",2.6
"822","2013-03-16",8,"Shirak",4.12
"823","2013-03-16",9,"Syunik",5.56
"824","2013-03-16",10,"Tavush",4.49
"825","2013-03-16",11,"Vayots Dzor",4.51
"826","2013-03-17",1,"Aragatsotn",7.27
"827","2013-03-17",2,"Ararat",9.41
"828","2013-03-17",3,"Armavir",10.11
"829","2013-03-17",4,"Erevan",10.59
"830","2013-03-17",5,"Gegharkunik",3.39
"831","2013-03-17",6,"Kotayk",6.7
"832","2013-03-17",7,"Lori",4.49
"833","2013-03-17",8,"Shirak",4.64
"834","2013-03-17",9,"Syunik",6.65
"835","2013-03-17",10,"Tavush",6.78
"836","2013-03-17",11,"Vayots Dzor",5.82
"837","2013-03-18",1,"Aragatsotn",1.48
"838","2013-03-18",2,"Ararat",2.6
"839","2013-03-18",3,"Armavir",3.19
"840","2013-03-18",4,"Erevan",2.59
"841","2013-03-18",5,"Gegharkunik",-0.42
"842","2013-03-18",6,"Kotayk",0.19
"843","2013-03-18",7,"Lori",1.18
"844","2013-03-18",8,"Shirak",-0.7
"845","2013-03-18",9,"Syunik",2.12
"846","2013-03-18",10,"Tavush",3.52
"847","2013-03-18",11,"Vayots Dzor",0.11
"848","2013-03-19",1,"Aragatsotn",-6.77
"849","2013-03-19",2,"Ararat",-5.43
"850","2013-03-19",3,"Armavir",-3.74
"851","2013-03-19",4,"Erevan",-5.06
"852","2013-03-19",5,"Gegharkunik",-7
"853","2013-03-19",6,"Kotayk",-8.42
"854","2013-03-19",7,"Lori",-6.81
"855","2013-03-19",8,"Shirak",-10.24
"856","2013-03-19",9,"Syunik",-4.04
"857","2013-03-19",10,"Tavush",-2.23
"858","2013-03-19",11,"Vayots Dzor",-6.24
"859","2013-03-20",1,"Aragatsotn",-3.22
"860","2013-03-20",2,"Ararat",-2.33
"861","2013-03-20",3,"Armavir",-0.34
"862","2013-03-20",4,"Erevan",-1.54
"863","2013-03-20",5,"Gegharkunik",-5
"864","2013-03-20",6,"Kotayk",-4.55
"865","2013-03-20",7,"Lori",-2.78
"866","2013-03-20",8,"Shirak",-4.42
"867","2013-03-20",9,"Syunik",-4.99
"868","2013-03-20",10,"Tavush",-0.71
"869","2013-03-20",11,"Vayots Dzor",-5.85
"870","2013-03-21",1,"Aragatsotn",0.08
"871","2013-03-21",2,"Ararat",0.42
"872","2013-03-21",3,"Armavir",0.69
"873","2013-03-21",4,"Erevan",0.78
"874","2013-03-21",5,"Gegharkunik",-0.62
"875","2013-03-21",6,"Kotayk",-1.16
"876","2013-03-21",7,"Lori",0.28
"877","2013-03-21",8,"Shirak",-2.09
"878","2013-03-21",9,"Syunik",-0.44
"879","2013-03-21",10,"Tavush",4.21
"880","2013-03-21",11,"Vayots Dzor",-1
"881","2013-03-22",1,"Aragatsotn",0.93
"882","2013-03-22",2,"Ararat",2.52
"883","2013-03-22",3,"Armavir",1.68
"884","2013-03-22",4,"Erevan",2.35
"885","2013-03-22",5,"Gegharkunik",-1.98
"886","2013-03-22",6,"Kotayk",-0.26
"887","2013-03-22",7,"Lori",0.54
"888","2013-03-22",8,"Shirak",0.53
"889","2013-03-22",9,"Syunik",-0.55
"890","2013-03-22",10,"Tavush",2.86
"891","2013-03-22",11,"Vayots Dzor",-1.35
"892","2013-03-23",1,"Aragatsotn",5.44
"893","2013-03-23",2,"Ararat",6.78
"894","2013-03-23",3,"Armavir",7.65
"895","2013-03-23",4,"Erevan",7.71
"896","2013-03-23",5,"Gegharkunik",1.37
"897","2013-03-23",6,"Kotayk",4.08
"898","2013-03-23",7,"Lori",4.23
"899","2013-03-23",8,"Shirak",2.35
"900","2013-03-23",9,"Syunik",3.94
"901","2013-03-23",10,"Tavush",5.33
"902","2013-03-23",11,"Vayots Dzor",3.32
"903","2013-03-24",1,"Aragatsotn",2.39
"904","2013-03-24",2,"Ararat",3.05
"905","2013-03-24",3,"Armavir",4.91
"906","2013-03-24",4,"Erevan",3.6
"907","2013-03-24",5,"Gegharkunik",-1.05
"908","2013-03-24",6,"Kotayk",0.77
"909","2013-03-24",7,"Lori",1.19
"910","2013-03-24",8,"Shirak",-0.45
"911","2013-03-24",9,"Syunik",0.71
"912","2013-03-24",10,"Tavush",3.26
"913","2013-03-24",11,"Vayots Dzor",-1.05
"914","2013-03-25",1,"Aragatsotn",-5.94
"915","2013-03-25",2,"Ararat",-6.09
"916","2013-03-25",3,"Armavir",-2.38
"917","2013-03-25",4,"Erevan",-4.94
"918","2013-03-25",5,"Gegharkunik",-9.1
"919","2013-03-25",6,"Kotayk",-9.27
"920","2013-03-25",7,"Lori",-6.16
"921","2013-03-25",8,"Shirak",-8.51
"922","2013-03-25",9,"Syunik",-5.29
"923","2013-03-25",10,"Tavush",-3.34
"924","2013-03-25",11,"Vayots Dzor",-7.96
"925","2013-03-26",1,"Aragatsotn",-0.59
"926","2013-03-26",2,"Ararat",0.32
"927","2013-03-26",3,"Armavir",0.81
"928","2013-03-26",4,"Erevan",0.9
"929","2013-03-26",5,"Gegharkunik",-3.39
"930","2013-03-26",6,"Kotayk",-1.75
"931","2013-03-26",7,"Lori",-0.46
"932","2013-03-26",8,"Shirak",-1.77
"933","2013-03-26",9,"Syunik",-1.7
"934","2013-03-26",10,"Tavush",0.77
"935","2013-03-26",11,"Vayots Dzor",-3.2
"936","2013-03-27",1,"Aragatsotn",2.32
"937","2013-03-27",2,"Ararat",4.69
"938","2013-03-27",3,"Armavir",4.52
"939","2013-03-27",4,"Erevan",3.88
"940","2013-03-27",5,"Gegharkunik",0.9
"941","2013-03-27",6,"Kotayk",1.63
"942","2013-03-27",7,"Lori",2.17
"943","2013-03-27",8,"Shirak",1.4
"944","2013-03-27",9,"Syunik",2.61
"945","2013-03-27",10,"Tavush",4.35
"946","2013-03-27",11,"Vayots Dzor",1.65
"947","2013-03-28",1,"Aragatsotn",2.81
"948","2013-03-28",2,"Ararat",5.29
"949","2013-03-28",3,"Armavir",4.89
"950","2013-03-28",4,"Erevan",4.44
"951","2013-03-28",5,"Gegharkunik",0.81
"952","2013-03-28",6,"Kotayk",1.19
"953","2013-03-28",7,"Lori",2.08
"954","2013-03-28",8,"Shirak",1.02
"955","2013-03-28",9,"Syunik",3.17
"956","2013-03-28",10,"Tavush",5.42
"957","2013-03-28",11,"Vayots Dzor",1.99
"958","2013-03-29",1,"Aragatsotn",2.96
"959","2013-03-29",2,"Ararat",5.57
"960","2013-03-29",3,"Armavir",5.76
"961","2013-03-29",4,"Erevan",5.04
"962","2013-03-29",5,"Gegharkunik",1.49
"963","2013-03-29",6,"Kotayk",1.25
"964","2013-03-29",7,"Lori",3.29
"965","2013-03-29",8,"Shirak",1.15
"966","2013-03-29",9,"Syunik",3.52
"967","2013-03-29",10,"Tavush",6.99
"968","2013-03-29",11,"Vayots Dzor",2.38
"969","2013-03-30",1,"Aragatsotn",0.85
"970","2013-03-30",2,"Ararat",4.16
"971","2013-03-30",3,"Armavir",3.55
"972","2013-03-30",4,"Erevan",3.6
"973","2013-03-30",5,"Gegharkunik",-0.09
"974","2013-03-30",6,"Kotayk",0.81
"975","2013-03-30",7,"Lori",1.07
"976","2013-03-30",8,"Shirak",-1.75
"977","2013-03-30",9,"Syunik",2.99
"978","2013-03-30",10,"Tavush",3.08
"979","2013-03-30",11,"Vayots Dzor",1.71
"980","2013-03-31",1,"Aragatsotn",1.74
"981","2013-03-31",2,"Ararat",2.21
"982","2013-03-31",3,"Armavir",4.85
"983","2013-03-31",4,"Erevan",2.85
"984","2013-03-31",5,"Gegharkunik",-2.41
"985","2013-03-31",6,"Kotayk",-0.61
"986","2013-03-31",7,"Lori",0.87
"987","2013-03-31",8,"Shirak",-0.58
"988","2013-03-31",9,"Syunik",-0.69
"989","2013-03-31",10,"Tavush",2.29
"990","2013-03-31",11,"Vayots Dzor",-2.86
"991","2013-04-01",1,"Aragatsotn",2.7
"992","2013-04-01",2,"Ararat",3.53
"993","2013-04-01",3,"Armavir",4.24
"994","2013-04-01",4,"Erevan",3.35
"995","2013-04-01",5,"Gegharkunik",-0.27
"996","2013-04-01",6,"Kotayk",1.85
"997","2013-04-01",7,"Lori",2.81
"998","2013-04-01",8,"Shirak",0.27
"999","2013-04-01",9,"Syunik",0.12
"1000","2013-04-01",10,"Tavush",4.28
"1001","2013-04-01",11,"Vayots Dzor",-1.86
"1002","2013-04-02",1,"Aragatsotn",3.6
"1003","2013-04-02",2,"Ararat",4.47
"1004","2013-04-02",3,"Armavir",5.29
"1005","2013-04-02",4,"Erevan",4.47
"1006","2013-04-02",5,"Gegharkunik",1.13
"1007","2013-04-02",6,"Kotayk",2.8
"1008","2013-04-02",7,"Lori",3.75
"1009","2013-04-02",8,"Shirak",1.56
"1010","2013-04-02",9,"Syunik",1.15
"1011","2013-04-02",10,"Tavush",5.3
"1012","2013-04-02",11,"Vayots Dzor",0.33
"1013","2013-04-03",1,"Aragatsotn",5.52
"1014","2013-04-03",2,"Ararat",6.6
"1015","2013-04-03",3,"Armavir",6.71
"1016","2013-04-03",4,"Erevan",6.84
"1017","2013-04-03",5,"Gegharkunik",2.82
"1018","2013-04-03",6,"Kotayk",3.81
"1019","2013-04-03",7,"Lori",6.53
"1020","2013-04-03",8,"Shirak",4.33
"1021","2013-04-03",9,"Syunik",4.12
"1022","2013-04-03",10,"Tavush",8.11
"1023","2013-04-03",11,"Vayots Dzor",5.5
"1024","2013-04-04",1,"Aragatsotn",6.33
"1025","2013-04-04",2,"Ararat",7.81
"1026","2013-04-04",3,"Armavir",7.84
"1027","2013-04-04",4,"Erevan",7.96
"1028","2013-04-04",5,"Gegharkunik",4.13
"1029","2013-04-04",6,"Kotayk",6.15
"1030","2013-04-04",7,"Lori",7.12
"1031","2013-04-04",8,"Shirak",4.53
"1032","2013-04-04",9,"Syunik",6.05
"1033","2013-04-04",10,"Tavush",8.91
"1034","2013-04-04",11,"Vayots Dzor",6.15
"1035","2013-04-05",1,"Aragatsotn",7.15
"1036","2013-04-05",2,"Ararat",5.78
"1037","2013-04-05",3,"Armavir",8.43
"1038","2013-04-05",4,"Erevan",7.36
"1039","2013-04-05",5,"Gegharkunik",2.83
"1040","2013-04-05",6,"Kotayk",5.28
"1041","2013-04-05",7,"Lori",8.84
"1042","2013-04-05",8,"Shirak",5.73
"1043","2013-04-05",9,"Syunik",5.19
"1044","2013-04-05",10,"Tavush",10.26
"1045","2013-04-05",11,"Vayots Dzor",1.64
"1046","2013-04-06",1,"Aragatsotn",6.98
"1047","2013-04-06",2,"Ararat",7.4
"1048","2013-04-06",3,"Armavir",9.59
"1049","2013-04-06",4,"Erevan",8.7
"1050","2013-04-06",5,"Gegharkunik",3.63
"1051","2013-04-06",6,"Kotayk",5.48
"1052","2013-04-06",7,"Lori",7.28
"1053","2013-04-06",8,"Shirak",5.28
"1054","2013-04-06",9,"Syunik",5.53
"1055","2013-04-06",10,"Tavush",8.61
"1056","2013-04-06",11,"Vayots Dzor",3.81
"1057","2013-04-07",1,"Aragatsotn",7.1
"1058","2013-04-07",2,"Ararat",6.71
"1059","2013-04-07",3,"Armavir",8.97
"1060","2013-04-07",4,"Erevan",7.6
"1061","2013-04-07",5,"Gegharkunik",3.51
"1062","2013-04-07",6,"Kotayk",4.48
"1063","2013-04-07",7,"Lori",5.56
"1064","2013-04-07",8,"Shirak",4.73
"1065","2013-04-07",9,"Syunik",3.71
"1066","2013-04-07",10,"Tavush",8.52
"1067","2013-04-07",11,"Vayots Dzor",3.1
"1068","2013-04-08",1,"Aragatsotn",8.32
"1069","2013-04-08",2,"Ararat",10.34
"1070","2013-04-08",3,"Armavir",10.9
"1071","2013-04-08",4,"Erevan",10.9
"1072","2013-04-08",5,"Gegharkunik",4.05
"1073","2013-04-08",6,"Kotayk",7.11
"1074","2013-04-08",7,"Lori",6.92
"1075","2013-04-08",8,"Shirak",6.98
"1076","2013-04-08",9,"Syunik",5.36
"1077","2013-04-08",10,"Tavush",9.53
"1078","2013-04-08",11,"Vayots Dzor",4.35
"1079","2013-04-09",1,"Aragatsotn",11.13
"1080","2013-04-09",2,"Ararat",12.5
"1081","2013-04-09",3,"Armavir",13.77
"1082","2013-04-09",4,"Erevan",13.01
"1083","2013-04-09",5,"Gegharkunik",5.39
"1084","2013-04-09",6,"Kotayk",8.7
"1085","2013-04-09",7,"Lori",9.14
"1086","2013-04-09",8,"Shirak",8.96
"1087","2013-04-09",9,"Syunik",7.85
"1088","2013-04-09",10,"Tavush",10.95
"1089","2013-04-09",11,"Vayots Dzor",8.21
"1090","2013-04-10",1,"Aragatsotn",3.89
"1091","2013-04-10",2,"Ararat",6.45
"1092","2013-04-10",3,"Armavir",6.19
"1093","2013-04-10",4,"Erevan",6.21
"1094","2013-04-10",5,"Gegharkunik",1.78
"1095","2013-04-10",6,"Kotayk",3.2
"1096","2013-04-10",7,"Lori",4.33
"1097","2013-04-10",8,"Shirak",1.74
"1098","2013-04-10",9,"Syunik",5.37
"1099","2013-04-10",10,"Tavush",6.96
"1100","2013-04-10",11,"Vayots Dzor",4.13
"1101","2013-04-11",1,"Aragatsotn",4.31
"1102","2013-04-11",2,"Ararat",5.59
"1103","2013-04-11",3,"Armavir",7.06
"1104","2013-04-11",4,"Erevan",5.82
"1105","2013-04-11",5,"Gegharkunik",1.67
"1106","2013-04-11",6,"Kotayk",2.85
"1107","2013-04-11",7,"Lori",4.41
"1108","2013-04-11",8,"Shirak",2.9
"1109","2013-04-11",9,"Syunik",4.22
"1110","2013-04-11",10,"Tavush",7.57
"1111","2013-04-11",11,"Vayots Dzor",2.07
"1112","2013-04-12",1,"Aragatsotn",2.74
"1113","2013-04-12",2,"Ararat",5.18
"1114","2013-04-12",3,"Armavir",5.78
"1115","2013-04-12",4,"Erevan",5.62
"1116","2013-04-12",5,"Gegharkunik",-0.37
"1117","2013-04-12",6,"Kotayk",1.16
"1118","2013-04-12",7,"Lori",2.63
"1119","2013-04-12",8,"Shirak",-0.89
"1120","2013-04-12",9,"Syunik",3.48
"1121","2013-04-12",10,"Tavush",5.98
"1122","2013-04-12",11,"Vayots Dzor",1.99
"1123","2013-04-13",1,"Aragatsotn",2.51
"1124","2013-04-13",2,"Ararat",3.01
"1125","2013-04-13",3,"Armavir",4.81
"1126","2013-04-13",4,"Erevan",4.26
"1127","2013-04-13",5,"Gegharkunik",-0.97
"1128","2013-04-13",6,"Kotayk",0.15
"1129","2013-04-13",7,"Lori",1.96
"1130","2013-04-13",8,"Shirak",0.08
"1131","2013-04-13",9,"Syunik",1.6
"1132","2013-04-13",10,"Tavush",4.92
"1133","2013-04-13",11,"Vayots Dzor",-1.2
"1134","2013-04-14",1,"Aragatsotn",2.35
"1135","2013-04-14",2,"Ararat",3.89
"1136","2013-04-14",3,"Armavir",5.98
"1137","2013-04-14",4,"Erevan",3.96
"1138","2013-04-14",5,"Gegharkunik",-1.54
"1139","2013-04-14",6,"Kotayk",0.36
"1140","2013-04-14",7,"Lori",1.03
"1141","2013-04-14",8,"Shirak",-0.9
"1142","2013-04-14",9,"Syunik",0.84
"1143","2013-04-14",10,"Tavush",4.17
"1144","2013-04-14",11,"Vayots Dzor",-1.17
"1145","2013-04-15",1,"Aragatsotn",4.95
"1146","2013-04-15",2,"Ararat",6.44
"1147","2013-04-15",3,"Armavir",6.81
"1148","2013-04-15",4,"Erevan",7.05
"1149","2013-04-15",5,"Gegharkunik",1.12
"1150","2013-04-15",6,"Kotayk",3.56
"1151","2013-04-15",7,"Lori",4.17
"1152","2013-04-15",8,"Shirak",2.68
"1153","2013-04-15",9,"Syunik",3.46
"1154","2013-04-15",10,"Tavush",5.94
"1155","2013-04-15",11,"Vayots Dzor",2.11
"1156","2013-04-16",1,"Aragatsotn",6.14
"1157","2013-04-16",2,"Ararat",6.81
"1158","2013-04-16",3,"Armavir",8.82
"1159","2013-04-16",4,"Erevan",8.19
"1160","2013-04-16",5,"Gegharkunik",1.79
"1161","2013-04-16",6,"Kotayk",4.65
"1162","2013-04-16",7,"Lori",5.56
"1163","2013-04-16",8,"Shirak",4.04
"1164","2013-04-16",9,"Syunik",3.49
"1165","2013-04-16",10,"Tavush",7.08
"1166","2013-04-16",11,"Vayots Dzor",2.38
"1167","2013-04-17",1,"Aragatsotn",2.63
"1168","2013-04-17",2,"Ararat",5.69
"1169","2013-04-17",3,"Armavir",6.88
"1170","2013-04-17",4,"Erevan",5.38
"1171","2013-04-17",5,"Gegharkunik",-1.46
"1172","2013-04-17",6,"Kotayk",0.25
"1173","2013-04-17",7,"Lori",-1.58
"1174","2013-04-17",8,"Shirak",-1.14
"1175","2013-04-17",9,"Syunik",-1.38
"1176","2013-04-17",10,"Tavush",0.22
"1177","2013-04-17",11,"Vayots Dzor",0.65
"1178","2013-04-18",1,"Aragatsotn",1.2
"1179","2013-04-18",2,"Ararat",3.82
"1180","2013-04-18",3,"Armavir",5.58
"1181","2013-04-18",4,"Erevan",3.12
"1182","2013-04-18",5,"Gegharkunik",-3.17
"1183","2013-04-18",6,"Kotayk",-1.77
"1184","2013-04-18",7,"Lori",-1.97
"1185","2013-04-18",8,"Shirak",-1.54
"1186","2013-04-18",9,"Syunik",-1.81
"1187","2013-04-18",10,"Tavush",0.73
"1188","2013-04-18",11,"Vayots Dzor",-1.32
"1189","2013-04-19",1,"Aragatsotn",2.24
"1190","2013-04-19",2,"Ararat",5.4
"1191","2013-04-19",3,"Armavir",5.96
"1192","2013-04-19",4,"Erevan",4.7
"1193","2013-04-19",5,"Gegharkunik",-1.11
"1194","2013-04-19",6,"Kotayk",0.49
"1195","2013-04-19",7,"Lori",0.54
"1196","2013-04-19",8,"Shirak",-0.54
"1197","2013-04-19",9,"Syunik",0.23
"1198","2013-04-19",10,"Tavush",3.07
"1199","2013-04-19",11,"Vayots Dzor",0.41
"1200","2013-04-20",1,"Aragatsotn",3.11
"1201","2013-04-20",2,"Ararat",5.52
"1202","2013-04-20",3,"Armavir",6.77
"1203","2013-04-20",4,"Erevan",5.29
"1204","2013-04-20",5,"Gegharkunik",-0.81
"1205","2013-04-20",6,"Kotayk",1.21
"1206","2013-04-20",7,"Lori",1.2
"1207","2013-04-20",8,"Shirak",0.3
"1208","2013-04-20",9,"Syunik",0.57
"1209","2013-04-20",10,"Tavush",3.3
"1210","2013-04-20",11,"Vayots Dzor",0.76
"1211","2013-04-21",1,"Aragatsotn",2.88
"1212","2013-04-21",2,"Ararat",4.32
"1213","2013-04-21",3,"Armavir",6.35
"1214","2013-04-21",4,"Erevan",4.29
"1215","2013-04-21",5,"Gegharkunik",-0.69
"1216","2013-04-21",6,"Kotayk",0.83
"1217","2013-04-21",7,"Lori",1.6
"1218","2013-04-21",8,"Shirak",-0.37
"1219","2013-04-21",9,"Syunik",1.14
"1220","2013-04-21",10,"Tavush",4.07
"1221","2013-04-21",11,"Vayots Dzor",0.16
"1222","2013-04-22",1,"Aragatsotn",3.13
"1223","2013-04-22",2,"Ararat",3.85
"1224","2013-04-22",3,"Armavir",5.96
"1225","2013-04-22",4,"Erevan",4.51
"1226","2013-04-22",5,"Gegharkunik",-0.01
"1227","2013-04-22",6,"Kotayk",1.09
"1228","2013-04-22",7,"Lori",2.08
"1229","2013-04-22",8,"Shirak",0.43
"1230","2013-04-22",9,"Syunik",0.17
"1231","2013-04-22",10,"Tavush",5
"1232","2013-04-22",11,"Vayots Dzor",0.3
"1233","2013-04-23",1,"Aragatsotn",0.21
"1234","2013-04-23",2,"Ararat",3.51
"1235","2013-04-23",3,"Armavir",3.7
"1236","2013-04-23",4,"Erevan",3.39
"1237","2013-04-23",5,"Gegharkunik",-1.69
"1238","2013-04-23",6,"Kotayk",-0.47
"1239","2013-04-23",7,"Lori",-1.11
"1240","2013-04-23",8,"Shirak",-1.81
"1241","2013-04-23",9,"Syunik",0.27
"1242","2013-04-23",10,"Tavush",2.63
"1243","2013-04-23",11,"Vayots Dzor",-0.77
"1244","2013-04-24",1,"Aragatsotn",-2.28
"1245","2013-04-24",2,"Ararat",-0.58
"1246","2013-04-24",3,"Armavir",1.32
"1247","2013-04-24",4,"Erevan",-1.38
"1248","2013-04-24",5,"Gegharkunik",-4.48
"1249","2013-04-24",6,"Kotayk",-5.49
"1250","2013-04-24",7,"Lori",-3.26
"1251","2013-04-24",8,"Shirak",-4.21
"1252","2013-04-24",9,"Syunik",0.42
"1253","2013-04-24",10,"Tavush",-0.22
"1254","2013-04-24",11,"Vayots Dzor",-1.61
"1255","2013-04-25",1,"Aragatsotn",-2.96
"1256","2013-04-25",2,"Ararat",-1.01
"1257","2013-04-25",3,"Armavir",0.31
"1258","2013-04-25",4,"Erevan",-1.41
"1259","2013-04-25",5,"Gegharkunik",-3.86
"1260","2013-04-25",6,"Kotayk",-3.41
"1261","2013-04-25",7,"Lori",-2.8
"1262","2013-04-25",8,"Shirak",-4.64
"1263","2013-04-25",9,"Syunik",-3.28
"1264","2013-04-25",10,"Tavush",-0.14
"1265","2013-04-25",11,"Vayots Dzor",-3.49
"1266","2013-04-26",1,"Aragatsotn",3.86
"1267","2013-04-26",2,"Ararat",3.36
"1268","2013-04-26",3,"Armavir",6.01
"1269","2013-04-26",4,"Erevan",3.75
"1270","2013-04-26",5,"Gegharkunik",-0.2
"1271","2013-04-26",6,"Kotayk",0.64
"1272","2013-04-26",7,"Lori",3.74
"1273","2013-04-26",8,"Shirak",3.14
"1274","2013-04-26",9,"Syunik",1.38
"1275","2013-04-26",10,"Tavush",5.01
"1276","2013-04-26",11,"Vayots Dzor",0.73
"1277","2013-04-27",1,"Aragatsotn",3.53
"1278","2013-04-27",2,"Ararat",5.49
"1279","2013-04-27",3,"Armavir",6.44
"1280","2013-04-27",4,"Erevan",4.9
"1281","2013-04-27",5,"Gegharkunik",2.2
"1282","2013-04-27",6,"Kotayk",2.36
"1283","2013-04-27",7,"Lori",2.76
"1284","2013-04-27",8,"Shirak",2.24
"1285","2013-04-27",9,"Syunik",3.14
"1286","2013-04-27",10,"Tavush",5.81
"1287","2013-04-27",11,"Vayots Dzor",2.56
"1288","2013-04-28",1,"Aragatsotn",4.97
"1289","2013-04-28",2,"Ararat",6.75
"1290","2013-04-28",3,"Armavir",7.77
"1291","2013-04-28",4,"Erevan",6.27
"1292","2013-04-28",5,"Gegharkunik",0.66
"1293","2013-04-28",6,"Kotayk",2.68
"1294","2013-04-28",7,"Lori",3.16
"1295","2013-04-28",8,"Shirak",2.54
"1296","2013-04-28",9,"Syunik",2.63
"1297","2013-04-28",10,"Tavush",5.59
"1298","2013-04-28",11,"Vayots Dzor",1.09
"1299","2013-04-29",1,"Aragatsotn",7.12
"1300","2013-04-29",2,"Ararat",7.89
"1301","2013-04-29",3,"Armavir",8.07
"1302","2013-04-29",4,"Erevan",7.67
"1303","2013-04-29",5,"Gegharkunik",4.65
"1304","2013-04-29",6,"Kotayk",5.87
"1305","2013-04-29",7,"Lori",6.45
"1306","2013-04-29",8,"Shirak",5.52
"1307","2013-04-29",9,"Syunik",5.41
"1308","2013-04-29",10,"Tavush",8.29
"1309","2013-04-29",11,"Vayots Dzor",4.5
"1310","2013-04-30",1,"Aragatsotn",10.33
"1311","2013-04-30",2,"Ararat",10.27
"1312","2013-04-30",3,"Armavir",12.63
"1313","2013-04-30",4,"Erevan",11.51
"1314","2013-04-30",5,"Gegharkunik",6.8
"1315","2013-04-30",6,"Kotayk",8.97
"1316","2013-04-30",7,"Lori",9.5
"1317","2013-04-30",8,"Shirak",6.91
"1318","2013-04-30",9,"Syunik",7.32
"1319","2013-04-30",10,"Tavush",12.82
"1320","2013-04-30",11,"Vayots Dzor",5.34
"1321","2013-05-01",1,"Aragatsotn",9.05
"1322","2013-05-01",2,"Ararat",10.98
"1323","2013-05-01",3,"Armavir",12.22
"1324","2013-05-01",4,"Erevan",11.32
"1325","2013-05-01",5,"Gegharkunik",6.05
"1326","2013-05-01",6,"Kotayk",7.61
"1327","2013-05-01",7,"Lori",7.9
"1328","2013-05-01",8,"Shirak",6.81
"1329","2013-05-01",9,"Syunik",6.38
"1330","2013-05-01",10,"Tavush",10.69
"1331","2013-05-01",11,"Vayots Dzor",5.64
"1332","2013-05-02",1,"Aragatsotn",8.63
"1333","2013-05-02",2,"Ararat",9.71
"1334","2013-05-02",3,"Armavir",11.55
"1335","2013-05-02",4,"Erevan",10.33
"1336","2013-05-02",5,"Gegharkunik",3.19
"1337","2013-05-02",6,"Kotayk",6.33
"1338","2013-05-02",7,"Lori",7.15
"1339","2013-05-02",8,"Shirak",6.32
"1340","2013-05-02",9,"Syunik",4.95
"1341","2013-05-02",10,"Tavush",9.14
"1342","2013-05-02",11,"Vayots Dzor",4.06
"1343","2013-05-03",1,"Aragatsotn",8.3
"1344","2013-05-03",2,"Ararat",9.76
"1345","2013-05-03",3,"Armavir",11.22
"1346","2013-05-03",4,"Erevan",10.24
"1347","2013-05-03",5,"Gegharkunik",3.66
"1348","2013-05-03",6,"Kotayk",6.19
"1349","2013-05-03",7,"Lori",7.62
"1350","2013-05-03",8,"Shirak",6.12
"1351","2013-05-03",9,"Syunik",3.9
"1352","2013-05-03",10,"Tavush",9.52
"1353","2013-05-03",11,"Vayots Dzor",3.1
"1354","2013-05-04",1,"Aragatsotn",7.73
"1355","2013-05-04",2,"Ararat",9.48
"1356","2013-05-04",3,"Armavir",11.01
"1357","2013-05-04",4,"Erevan",10
"1358","2013-05-04",5,"Gegharkunik",3.56
"1359","2013-05-04",6,"Kotayk",5.89
"1360","2013-05-04",7,"Lori",6.96
"1361","2013-05-04",8,"Shirak",5.16
"1362","2013-05-04",9,"Syunik",4.37
"1363","2013-05-04",10,"Tavush",9.55
"1364","2013-05-04",11,"Vayots Dzor",3.04
"1365","2013-05-05",1,"Aragatsotn",8.36
"1366","2013-05-05",2,"Ararat",10.02
"1367","2013-05-05",3,"Armavir",10.92
"1368","2013-05-05",4,"Erevan",10.41
"1369","2013-05-05",5,"Gegharkunik",5.37
"1370","2013-05-05",6,"Kotayk",7.18
"1371","2013-05-05",7,"Lori",7.73
"1372","2013-05-05",8,"Shirak",6.14
"1373","2013-05-05",9,"Syunik",5.84
"1374","2013-05-05",10,"Tavush",10.82
"1375","2013-05-05",11,"Vayots Dzor",4.59
"1376","2013-05-06",1,"Aragatsotn",9.57
"1377","2013-05-06",2,"Ararat",11.71
"1378","2013-05-06",3,"Armavir",12.23
"1379","2013-05-06",4,"Erevan",11.99
"1380","2013-05-06",5,"Gegharkunik",6.02
"1381","2013-05-06",6,"Kotayk",8.05
"1382","2013-05-06",7,"Lori",7.93
"1383","2013-05-06",8,"Shirak",7.19
"1384","2013-05-06",9,"Syunik",6.21
"1385","2013-05-06",10,"Tavush",11.47
"1386","2013-05-06",11,"Vayots Dzor",5.62
"1387","2013-05-07",1,"Aragatsotn",9.71
"1388","2013-05-07",2,"Ararat",10.92
"1389","2013-05-07",3,"Armavir",12.82
"1390","2013-05-07",4,"Erevan",11.36
"1391","2013-05-07",5,"Gegharkunik",5.46
"1392","2013-05-07",6,"Kotayk",7.5
"1393","2013-05-07",7,"Lori",8.68
"1394","2013-05-07",8,"Shirak",7.43
"1395","2013-05-07",9,"Syunik",6.72
"1396","2013-05-07",10,"Tavush",11.63
"1397","2013-05-07",11,"Vayots Dzor",5.72
"1398","2013-05-08",1,"Aragatsotn",10.38
"1399","2013-05-08",2,"Ararat",11.85
"1400","2013-05-08",3,"Armavir",13.24
"1401","2013-05-08",4,"Erevan",12.78
"1402","2013-05-08",5,"Gegharkunik",6.32
"1403","2013-05-08",6,"Kotayk",9.04
"1404","2013-05-08",7,"Lori",9.2
"1405","2013-05-08",8,"Shirak",7.3
"1406","2013-05-08",9,"Syunik",7.47
"1407","2013-05-08",10,"Tavush",11.03
"1408","2013-05-08",11,"Vayots Dzor",7.03
"1409","2013-05-09",1,"Aragatsotn",6.98
"1410","2013-05-09",2,"Ararat",8.89
"1411","2013-05-09",3,"Armavir",10.27
"1412","2013-05-09",4,"Erevan",8.98
"1413","2013-05-09",5,"Gegharkunik",3.52
"1414","2013-05-09",6,"Kotayk",5.66
"1415","2013-05-09",7,"Lori",6.25
"1416","2013-05-09",8,"Shirak",4.73
"1417","2013-05-09",9,"Syunik",3.98
"1418","2013-05-09",10,"Tavush",8.12
"1419","2013-05-09",11,"Vayots Dzor",4.45
"1420","2013-05-10",1,"Aragatsotn",7.08
"1421","2013-05-10",2,"Ararat",9.26
"1422","2013-05-10",3,"Armavir",10.14
"1423","2013-05-10",4,"Erevan",9.5
"1424","2013-05-10",5,"Gegharkunik",3.92
"1425","2013-05-10",6,"Kotayk",6
"1426","2013-05-10",7,"Lori",6.18
"1427","2013-05-10",8,"Shirak",4.81
"1428","2013-05-10",9,"Syunik",4.59
"1429","2013-05-10",10,"Tavush",7.96
"1430","2013-05-10",11,"Vayots Dzor",5.4
"1431","2013-05-11",1,"Aragatsotn",8.35
"1432","2013-05-11",2,"Ararat",9.4
"1433","2013-05-11",3,"Armavir",10.92
"1434","2013-05-11",4,"Erevan",9.27
"1435","2013-05-11",5,"Gegharkunik",4.31
"1436","2013-05-11",6,"Kotayk",6.57
"1437","2013-05-11",7,"Lori",7.35
"1438","2013-05-11",8,"Shirak",7.03
"1439","2013-05-11",9,"Syunik",3.88
"1440","2013-05-11",10,"Tavush",8.42
"1441","2013-05-11",11,"Vayots Dzor",4.64
"1442","2013-05-12",1,"Aragatsotn",9.32
"1443","2013-05-12",2,"Ararat",10.62
"1444","2013-05-12",3,"Armavir",10.99
"1445","2013-05-12",4,"Erevan",10.6
"1446","2013-05-12",5,"Gegharkunik",6.2
"1447","2013-05-12",6,"Kotayk",7.89
"1448","2013-05-12",7,"Lori",8.09
"1449","2013-05-12",8,"Shirak",7.65
"1450","2013-05-12",9,"Syunik",7.56
"1451","2013-05-12",10,"Tavush",9.19
"1452","2013-05-12",11,"Vayots Dzor",7.37
"1453","2013-05-13",1,"Aragatsotn",6.87
"1454","2013-05-13",2,"Ararat",7.67
"1455","2013-05-13",3,"Armavir",10.19
"1456","2013-05-13",4,"Erevan",7.51
"1457","2013-05-13",5,"Gegharkunik",3.72
"1458","2013-05-13",6,"Kotayk",4.9
"1459","2013-05-13",7,"Lori",6.08
"1460","2013-05-13",8,"Shirak",6.14
"1461","2013-05-13",9,"Syunik",6.64
"1462","2013-05-13",10,"Tavush",7.75
"1463","2013-05-13",11,"Vayots Dzor",5.3
"1464","2013-05-14",1,"Aragatsotn",9.13
"1465","2013-05-14",2,"Ararat",10.53
"1466","2013-05-14",3,"Armavir",11.38
"1467","2013-05-14",4,"Erevan",10.44
"1468","2013-05-14",5,"Gegharkunik",5.89
"1469","2013-05-14",6,"Kotayk",7.72
"1470","2013-05-14",7,"Lori",7.88
"1471","2013-05-14",8,"Shirak",7.27
"1472","2013-05-14",9,"Syunik",8.23
"1473","2013-05-14",10,"Tavush",10.35
"1474","2013-05-14",11,"Vayots Dzor",6.95
"1475","2013-05-15",1,"Aragatsotn",5.71
"1476","2013-05-15",2,"Ararat",7.19
"1477","2013-05-15",3,"Armavir",8.38
"1478","2013-05-15",4,"Erevan",7.08
"1479","2013-05-15",5,"Gegharkunik",3.64
"1480","2013-05-15",6,"Kotayk",4.59
"1481","2013-05-15",7,"Lori",5.89
"1482","2013-05-15",8,"Shirak",4.89
"1483","2013-05-15",9,"Syunik",5.33
"1484","2013-05-15",10,"Tavush",8.36
"1485","2013-05-15",11,"Vayots Dzor",3.2
"1486","2013-05-16",1,"Aragatsotn",6.31
"1487","2013-05-16",2,"Ararat",7.8
"1488","2013-05-16",3,"Armavir",8.17
"1489","2013-05-16",4,"Erevan",7.31
"1490","2013-05-16",5,"Gegharkunik",5.65
"1491","2013-05-16",6,"Kotayk",6.05
"1492","2013-05-16",7,"Lori",5.78
"1493","2013-05-16",8,"Shirak",4.2
"1494","2013-05-16",9,"Syunik",6.38
"1495","2013-05-16",10,"Tavush",10.17
"1496","2013-05-16",11,"Vayots Dzor",4.42
"1497","2013-05-17",1,"Aragatsotn",7.45
"1498","2013-05-17",2,"Ararat",8.07
"1499","2013-05-17",3,"Armavir",10.06
"1500","2013-05-17",4,"Erevan",8.54
"1501","2013-05-17",5,"Gegharkunik",3.73
"1502","2013-05-17",6,"Kotayk",5.16
"1503","2013-05-17",7,"Lori",8.02
"1504","2013-05-17",8,"Shirak",6.46
"1505","2013-05-17",9,"Syunik",4.99
"1506","2013-05-17",10,"Tavush",10
"1507","2013-05-17",11,"Vayots Dzor",4.09
"1508","2013-05-18",1,"Aragatsotn",7.05
"1509","2013-05-18",2,"Ararat",8.18
"1510","2013-05-18",3,"Armavir",9.05
"1511","2013-05-18",4,"Erevan",8.02
"1512","2013-05-18",5,"Gegharkunik",4.04
"1513","2013-05-18",6,"Kotayk",5.36
"1514","2013-05-18",7,"Lori",6.61
"1515","2013-05-18",8,"Shirak",5.71
"1516","2013-05-18",9,"Syunik",5.21
"1517","2013-05-18",10,"Tavush",8.94
"1518","2013-05-18",11,"Vayots Dzor",4.5
"1519","2013-05-19",1,"Aragatsotn",7.2
"1520","2013-05-19",2,"Ararat",8.57
"1521","2013-05-19",3,"Armavir",9.73
"1522","2013-05-19",4,"Erevan",8.5
"1523","2013-05-19",5,"Gegharkunik",6.58
"1524","2013-05-19",6,"Kotayk",5.78
"1525","2013-05-19",7,"Lori",6.02
"1526","2013-05-19",8,"Shirak",4.99
"1527","2013-05-19",9,"Syunik",7.46
"1528","2013-05-19",10,"Tavush",10.2
"1529","2013-05-19",11,"Vayots Dzor",5.73
"1530","2013-05-20",1,"Aragatsotn",8.34
"1531","2013-05-20",2,"Ararat",8.63
"1532","2013-05-20",3,"Armavir",10.59
"1533","2013-05-20",4,"Erevan",9.11
"1534","2013-05-20",5,"Gegharkunik",4.91
"1535","2013-05-20",6,"Kotayk",6.25
"1536","2013-05-20",7,"Lori",9.45
"1537","2013-05-20",8,"Shirak",7.16
"1538","2013-05-20",9,"Syunik",6.06
"1539","2013-05-20",10,"Tavush",11.26
"1540","2013-05-20",11,"Vayots Dzor",4.86
"1541","2013-05-21",1,"Aragatsotn",7.91
"1542","2013-05-21",2,"Ararat",8.66
"1543","2013-05-21",3,"Armavir",11.23
"1544","2013-05-21",4,"Erevan",9.76
"1545","2013-05-21",5,"Gegharkunik",2.78
"1546","2013-05-21",6,"Kotayk",5.85
"1547","2013-05-21",7,"Lori",5.74
"1548","2013-05-21",8,"Shirak",4.91
"1549","2013-05-21",9,"Syunik",2.22
"1550","2013-05-21",10,"Tavush",6.99
"1551","2013-05-21",11,"Vayots Dzor",3.36
"1552","2013-05-22",1,"Aragatsotn",7.37
"1553","2013-05-22",2,"Ararat",10.01
"1554","2013-05-22",3,"Armavir",9.9
"1555","2013-05-22",4,"Erevan",10.07
"1556","2013-05-22",5,"Gegharkunik",5.21
"1557","2013-05-22",6,"Kotayk",6.87
"1558","2013-05-22",7,"Lori",5.42
"1559","2013-05-22",8,"Shirak",4.6
"1560","2013-05-22",9,"Syunik",4.4
"1561","2013-05-22",10,"Tavush",8.06
"1562","2013-05-22",11,"Vayots Dzor",4.92
"1563","2013-05-23",1,"Aragatsotn",8.45
"1564","2013-05-23",2,"Ararat",9.55
"1565","2013-05-23",3,"Armavir",9.87
"1566","2013-05-23",4,"Erevan",9.57
"1567","2013-05-23",5,"Gegharkunik",4.97
"1568","2013-05-23",6,"Kotayk",7.48
"1569","2013-05-23",7,"Lori",7.43
"1570","2013-05-23",8,"Shirak",6.34
"1571","2013-05-23",9,"Syunik",4.18
"1572","2013-05-23",10,"Tavush",9.47
"1573","2013-05-23",11,"Vayots Dzor",3.72
"1574","2013-05-24",1,"Aragatsotn",10.37
"1575","2013-05-24",2,"Ararat",11.15
"1576","2013-05-24",3,"Armavir",11.94
"1577","2013-05-24",4,"Erevan",11.16
"1578","2013-05-24",5,"Gegharkunik",7.59
"1579","2013-05-24",6,"Kotayk",9.46
"1580","2013-05-24",7,"Lori",9.05
"1581","2013-05-24",8,"Shirak",8.23
"1582","2013-05-24",9,"Syunik",6.23
"1583","2013-05-24",10,"Tavush",11.65
"1584","2013-05-24",11,"Vayots Dzor",6.34
"1585","2013-05-25",1,"Aragatsotn",13.03
"1586","2013-05-25",2,"Ararat",15.15
"1587","2013-05-25",3,"Armavir",14.44
"1588","2013-05-25",4,"Erevan",14.34
"1589","2013-05-25",5,"Gegharkunik",10.95
"1590","2013-05-25",6,"Kotayk",11.95
"1591","2013-05-25",7,"Lori",13.5
"1592","2013-05-25",8,"Shirak",11.43
"1593","2013-05-25",9,"Syunik",10.46
"1594","2013-05-25",10,"Tavush",15.43
"1595","2013-05-25",11,"Vayots Dzor",12.1
"1596","2013-05-26",1,"Aragatsotn",10.65
"1597","2013-05-26",2,"Ararat",12.57
"1598","2013-05-26",3,"Armavir",13.92
"1599","2013-05-26",4,"Erevan",12.34
"1600","2013-05-26",5,"Gegharkunik",8.21
"1601","2013-05-26",6,"Kotayk",9.64
"1602","2013-05-26",7,"Lori",10.51
"1603","2013-05-26",8,"Shirak",8.73
"1604","2013-05-26",9,"Syunik",11.11
"1605","2013-05-26",10,"Tavush",12.89
"1606","2013-05-26",11,"Vayots Dzor",9.4
"1607","2013-05-27",1,"Aragatsotn",10.15
"1608","2013-05-27",2,"Ararat",12.16
"1609","2013-05-27",3,"Armavir",11.83
"1610","2013-05-27",4,"Erevan",12.12
"1611","2013-05-27",5,"Gegharkunik",8.27
"1612","2013-05-27",6,"Kotayk",9.56
"1613","2013-05-27",7,"Lori",10.48
"1614","2013-05-27",8,"Shirak",8.13
"1615","2013-05-27",9,"Syunik",10.67
"1616","2013-05-27",10,"Tavush",12.61
"1617","2013-05-27",11,"Vayots Dzor",9.3
"1618","2013-05-28",1,"Aragatsotn",9.61
"1619","2013-05-28",2,"Ararat",11.67
"1620","2013-05-28",3,"Armavir",13.74
"1621","2013-05-28",4,"Erevan",11.8
"1622","2013-05-28",5,"Gegharkunik",6.85
"1623","2013-05-28",6,"Kotayk",8.48
"1624","2013-05-28",7,"Lori",7.86
"1625","2013-05-28",8,"Shirak",6.76
"1626","2013-05-28",9,"Syunik",8.88
"1627","2013-05-28",10,"Tavush",10.74
"1628","2013-05-28",11,"Vayots Dzor",7.56
"1629","2013-05-29",1,"Aragatsotn",8.74
"1630","2013-05-29",2,"Ararat",10.15
"1631","2013-05-29",3,"Armavir",10.52
"1632","2013-05-29",4,"Erevan",10.41
"1633","2013-05-29",5,"Gegharkunik",7.09
"1634","2013-05-29",6,"Kotayk",8.19
"1635","2013-05-29",7,"Lori",9.61
"1636","2013-05-29",8,"Shirak",7.89
"1637","2013-05-29",9,"Syunik",8
"1638","2013-05-29",10,"Tavush",12.19
"1639","2013-05-29",11,"Vayots Dzor",6.49
"1640","2013-05-30",1,"Aragatsotn",8.2
"1641","2013-05-30",2,"Ararat",8.8
"1642","2013-05-30",3,"Armavir",11.34
"1643","2013-05-30",4,"Erevan",8.72
"1644","2013-05-30",5,"Gegharkunik",4.4
"1645","2013-05-30",6,"Kotayk",6.38
"1646","2013-05-30",7,"Lori",7.46
"1647","2013-05-30",8,"Shirak",6.55
"1648","2013-05-30",9,"Syunik",6.67
"1649","2013-05-30",10,"Tavush",9.94
"1650","2013-05-30",11,"Vayots Dzor",4.84
"1651","2013-05-31",1,"Aragatsotn",10.17
"1652","2013-05-31",2,"Ararat",11.18
"1653","2013-05-31",3,"Armavir",12.48
"1654","2013-05-31",4,"Erevan",11.24
"1655","2013-05-31",5,"Gegharkunik",5.92
"1656","2013-05-31",6,"Kotayk",8.77
"1657","2013-05-31",7,"Lori",8.94
"1658","2013-05-31",8,"Shirak",8.38
"1659","2013-05-31",9,"Syunik",7.51
"1660","2013-05-31",10,"Tavush",10.96
"1661","2013-05-31",11,"Vayots Dzor",6.65
"1662","2013-06-01",1,"Aragatsotn",9.84
"1663","2013-06-01",2,"Ararat",10.89
"1664","2013-06-01",3,"Armavir",11.96
"1665","2013-06-01",4,"Erevan",10.9
"1666","2013-06-01",5,"Gegharkunik",7.37
"1667","2013-06-01",6,"Kotayk",8.17
"1668","2013-06-01",7,"Lori",8.81
"1669","2013-06-01",8,"Shirak",8.68
"1670","2013-06-01",9,"Syunik",7.79
"1671","2013-06-01",10,"Tavush",11.57
"1672","2013-06-01",11,"Vayots Dzor",8.07
"1673","2013-06-02",1,"Aragatsotn",8.59
"1674","2013-06-02",2,"Ararat",9.99
"1675","2013-06-02",3,"Armavir",10.89
"1676","2013-06-02",4,"Erevan",9.77
"1677","2013-06-02",5,"Gegharkunik",8.15
"1678","2013-06-02",6,"Kotayk",7.81
"1679","2013-06-02",7,"Lori",7.86
"1680","2013-06-02",8,"Shirak",6.87
"1681","2013-06-02",9,"Syunik",8.65
"1682","2013-06-02",10,"Tavush",11.4
"1683","2013-06-02",11,"Vayots Dzor",8.26
"1684","2013-06-03",1,"Aragatsotn",10.11
"1685","2013-06-03",2,"Ararat",12.16
"1686","2013-06-03",3,"Armavir",12.43
"1687","2013-06-03",4,"Erevan",11.67
"1688","2013-06-03",5,"Gegharkunik",7.48
"1689","2013-06-03",6,"Kotayk",9.03
"1690","2013-06-03",7,"Lori",9.71
"1691","2013-06-03",8,"Shirak",8.43
"1692","2013-06-03",9,"Syunik",9.9
"1693","2013-06-03",10,"Tavush",11.81
"1694","2013-06-03",11,"Vayots Dzor",8.41
"1695","2013-06-04",1,"Aragatsotn",9.55
"1696","2013-06-04",2,"Ararat",10.38
"1697","2013-06-04",3,"Armavir",12.5
"1698","2013-06-04",4,"Erevan",10.27
"1699","2013-06-04",5,"Gegharkunik",7.13
"1700","2013-06-04",6,"Kotayk",7.47
"1701","2013-06-04",7,"Lori",8.62
"1702","2013-06-04",8,"Shirak",7.24
"1703","2013-06-04",9,"Syunik",11.25
"1704","2013-06-04",10,"Tavush",11
"1705","2013-06-04",11,"Vayots Dzor",8.19
"1706","2013-06-05",1,"Aragatsotn",11.62
"1707","2013-06-05",2,"Ararat",13.7
"1708","2013-06-05",3,"Armavir",14.12
"1709","2013-06-05",4,"Erevan",14.17
"1710","2013-06-05",5,"Gegharkunik",8.94
"1711","2013-06-05",6,"Kotayk",11
"1712","2013-06-05",7,"Lori",10.17
"1713","2013-06-05",8,"Shirak",8.65
"1714","2013-06-05",9,"Syunik",10.71
"1715","2013-06-05",10,"Tavush",12.95
"1716","2013-06-05",11,"Vayots Dzor",9.32
"1717","2013-06-06",1,"Aragatsotn",13.07
"1718","2013-06-06",2,"Ararat",14.73
"1719","2013-06-06",3,"Armavir",15.63
"1720","2013-06-06",4,"Erevan",15.21
"1721","2013-06-06",5,"Gegharkunik",10.78
"1722","2013-06-06",6,"Kotayk",12.02
"1723","2013-06-06",7,"Lori",12.02
"1724","2013-06-06",8,"Shirak",10.42
"1725","2013-06-06",9,"Syunik",12.03
"1726","2013-06-06",10,"Tavush",15.01
"1727","2013-06-06",11,"Vayots Dzor",12.04
"1728","2013-06-07",1,"Aragatsotn",9.63
"1729","2013-06-07",2,"Ararat",11.17
"1730","2013-06-07",3,"Armavir",12.11
"1731","2013-06-07",4,"Erevan",11.25
"1732","2013-06-07",5,"Gegharkunik",8.4
"1733","2013-06-07",6,"Kotayk",8.64
"1734","2013-06-07",7,"Lori",9.72
"1735","2013-06-07",8,"Shirak",7.83
"1736","2013-06-07",9,"Syunik",10.26
"1737","2013-06-07",10,"Tavush",12.72
"1738","2013-06-07",11,"Vayots Dzor",8.9
"1739","2013-06-08",1,"Aragatsotn",7.28
"1740","2013-06-08",2,"Ararat",8.63
"1741","2013-06-08",3,"Armavir",9.34
"1742","2013-06-08",4,"Erevan",8.93
"1743","2013-06-08",5,"Gegharkunik",6.13
"1744","2013-06-08",6,"Kotayk",6.11
"1745","2013-06-08",7,"Lori",6.54
"1746","2013-06-08",8,"Shirak",5.57
"1747","2013-06-08",9,"Syunik",6.55
"1748","2013-06-08",10,"Tavush",10.2
"1749","2013-06-08",11,"Vayots Dzor",6.76
"1750","2013-06-09",1,"Aragatsotn",9.21
"1751","2013-06-09",2,"Ararat",11.37
"1752","2013-06-09",3,"Armavir",10.91
"1753","2013-06-09",4,"Erevan",11.49
"1754","2013-06-09",5,"Gegharkunik",7.52
"1755","2013-06-09",6,"Kotayk",8.95
"1756","2013-06-09",7,"Lori",8.95
"1757","2013-06-09",8,"Shirak",7.09
"1758","2013-06-09",9,"Syunik",10.04
"1759","2013-06-09",10,"Tavush",12.61
"1760","2013-06-09",11,"Vayots Dzor",8.2
"1761","2013-06-10",1,"Aragatsotn",10.27
"1762","2013-06-10",2,"Ararat",11.58
"1763","2013-06-10",3,"Armavir",11.68
"1764","2013-06-10",4,"Erevan",11.96
"1765","2013-06-10",5,"Gegharkunik",8.1
"1766","2013-06-10",6,"Kotayk",9.55
"1767","2013-06-10",7,"Lori",10.99
"1768","2013-06-10",8,"Shirak",8.93
"1769","2013-06-10",9,"Syunik",10.05
"1770","2013-06-10",10,"Tavush",13.27
"1771","2013-06-10",11,"Vayots Dzor",9.28
"1772","2013-06-11",1,"Aragatsotn",10.14
"1773","2013-06-11",2,"Ararat",11.45
"1774","2013-06-11",3,"Armavir",11.87
"1775","2013-06-11",4,"Erevan",11.89
"1776","2013-06-11",5,"Gegharkunik",8.31
"1777","2013-06-11",6,"Kotayk",9.45
"1778","2013-06-11",7,"Lori",10.27
"1779","2013-06-11",8,"Shirak",8.61
"1780","2013-06-11",9,"Syunik",10.14
"1781","2013-06-11",10,"Tavush",12.46
"1782","2013-06-11",11,"Vayots Dzor",9.66
"1783","2013-06-12",1,"Aragatsotn",9.36
"1784","2013-06-12",2,"Ararat",10.23
"1785","2013-06-12",3,"Armavir",11.98
"1786","2013-06-12",4,"Erevan",10.8
"1787","2013-06-12",5,"Gegharkunik",5.84
"1788","2013-06-12",6,"Kotayk",7.77
"1789","2013-06-12",7,"Lori",9.87
"1790","2013-06-12",8,"Shirak",7.32
"1791","2013-06-12",9,"Syunik",7.71
"1792","2013-06-12",10,"Tavush",11.75
"1793","2013-06-12",11,"Vayots Dzor",5.96
"1794","2013-06-13",1,"Aragatsotn",12.21
"1795","2013-06-13",2,"Ararat",12.78
"1796","2013-06-13",3,"Armavir",13.73
"1797","2013-06-13",4,"Erevan",13.39
"1798","2013-06-13",5,"Gegharkunik",8.83
"1799","2013-06-13",6,"Kotayk",10.67
"1800","2013-06-13",7,"Lori",12.03
"1801","2013-06-13",8,"Shirak",10.57
"1802","2013-06-13",9,"Syunik",9.79
"1803","2013-06-13",10,"Tavush",14.06
"1804","2013-06-13",11,"Vayots Dzor",8.98
"1805","2013-06-14",1,"Aragatsotn",13.23
"1806","2013-06-14",2,"Ararat",16.06
"1807","2013-06-14",3,"Armavir",15.79
"1808","2013-06-14",4,"Erevan",15.98
"1809","2013-06-14",5,"Gegharkunik",10.48
"1810","2013-06-14",6,"Kotayk",12.68
"1811","2013-06-14",7,"Lori",12.22
"1812","2013-06-14",8,"Shirak",11.22
"1813","2013-06-14",9,"Syunik",9.38
"1814","2013-06-14",10,"Tavush",14.8
"1815","2013-06-14",11,"Vayots Dzor",10.04
"1816","2013-06-15",1,"Aragatsotn",14.55
"1817","2013-06-15",2,"Ararat",17.34
"1818","2013-06-15",3,"Armavir",17.06
"1819","2013-06-15",4,"Erevan",17.28
"1820","2013-06-15",5,"Gegharkunik",11.51
"1821","2013-06-15",6,"Kotayk",13.6
"1822","2013-06-15",7,"Lori",12.82
"1823","2013-06-15",8,"Shirak",12.07
"1824","2013-06-15",9,"Syunik",11.61
"1825","2013-06-15",10,"Tavush",15.63
"1826","2013-06-15",11,"Vayots Dzor",12.22
"1827","2013-06-16",1,"Aragatsotn",15.31
"1828","2013-06-16",2,"Ararat",17.29
"1829","2013-06-16",3,"Armavir",17.89
"1830","2013-06-16",4,"Erevan",18.09
"1831","2013-06-16",5,"Gegharkunik",11
"1832","2013-06-16",6,"Kotayk",13.7
"1833","2013-06-16",7,"Lori",13.46
"1834","2013-06-16",8,"Shirak",12.61
"1835","2013-06-16",9,"Syunik",11.49
"1836","2013-06-16",10,"Tavush",15.86
"1837","2013-06-16",11,"Vayots Dzor",11.99
"1838","2013-06-17",1,"Aragatsotn",13.7
"1839","2013-06-17",2,"Ararat",16.22
"1840","2013-06-17",3,"Armavir",16.92
"1841","2013-06-17",4,"Erevan",16.52
"1842","2013-06-17",5,"Gegharkunik",10.9
"1843","2013-06-17",6,"Kotayk",12.2
"1844","2013-06-17",7,"Lori",11.55
"1845","2013-06-17",8,"Shirak",10.72
"1846","2013-06-17",9,"Syunik",12.93
"1847","2013-06-17",10,"Tavush",14.88
"1848","2013-06-17",11,"Vayots Dzor",12.88
"1849","2013-06-18",1,"Aragatsotn",13.43
"1850","2013-06-18",2,"Ararat",15.11
"1851","2013-06-18",3,"Armavir",16.36
"1852","2013-06-18",4,"Erevan",15.7
"1853","2013-06-18",5,"Gegharkunik",10.11
"1854","2013-06-18",6,"Kotayk",11.56
"1855","2013-06-18",7,"Lori",12.31
"1856","2013-06-18",8,"Shirak",11.08
"1857","2013-06-18",9,"Syunik",11.43
"1858","2013-06-18",10,"Tavush",15.7
"1859","2013-06-18",11,"Vayots Dzor",11.5
"1860","2013-06-19",1,"Aragatsotn",13.35
"1861","2013-06-19",2,"Ararat",14.71
"1862","2013-06-19",3,"Armavir",16.05
"1863","2013-06-19",4,"Erevan",15.47
"1864","2013-06-19",5,"Gegharkunik",9.6
"1865","2013-06-19",6,"Kotayk",11.56
"1866","2013-06-19",7,"Lori",11.94
"1867","2013-06-19",8,"Shirak",10.9
"1868","2013-06-19",9,"Syunik",10.6
"1869","2013-06-19",10,"Tavush",14.61
"1870","2013-06-19",11,"Vayots Dzor",10.06
"1871","2013-06-20",1,"Aragatsotn",12.28
"1872","2013-06-20",2,"Ararat",14.49
"1873","2013-06-20",3,"Armavir",15.25
"1874","2013-06-20",4,"Erevan",15.46
"1875","2013-06-20",5,"Gegharkunik",10.04
"1876","2013-06-20",6,"Kotayk",11.95
"1877","2013-06-20",7,"Lori",9.97
"1878","2013-06-20",8,"Shirak",8.89
"1879","2013-06-20",9,"Syunik",10.54
"1880","2013-06-20",10,"Tavush",13.79
"1881","2013-06-20",11,"Vayots Dzor",9.77
"1882","2013-06-21",1,"Aragatsotn",10.26
"1883","2013-06-21",2,"Ararat",12.44
"1884","2013-06-21",3,"Armavir",12.77
"1885","2013-06-21",4,"Erevan",12.67
"1886","2013-06-21",5,"Gegharkunik",7.98
"1887","2013-06-21",6,"Kotayk",9.48
"1888","2013-06-21",7,"Lori",9.44
"1889","2013-06-21",8,"Shirak",7.53
"1890","2013-06-21",9,"Syunik",10.43
"1891","2013-06-21",10,"Tavush",12.47
"1892","2013-06-21",11,"Vayots Dzor",8.81
"1893","2013-06-22",1,"Aragatsotn",7.96
"1894","2013-06-22",2,"Ararat",8.24
"1895","2013-06-22",3,"Armavir",10.55
"1896","2013-06-22",4,"Erevan",8.88
"1897","2013-06-22",5,"Gegharkunik",4.97
"1898","2013-06-22",6,"Kotayk",6.16
"1899","2013-06-22",7,"Lori",8.2
"1900","2013-06-22",8,"Shirak",5.77
"1901","2013-06-22",9,"Syunik",7.44
"1902","2013-06-22",10,"Tavush",10.78
"1903","2013-06-22",11,"Vayots Dzor",5.77
"1904","2013-06-23",1,"Aragatsotn",9.58
"1905","2013-06-23",2,"Ararat",12.11
"1906","2013-06-23",3,"Armavir",12.6
"1907","2013-06-23",4,"Erevan",12.56
"1908","2013-06-23",5,"Gegharkunik",8.06
"1909","2013-06-23",6,"Kotayk",9.3
"1910","2013-06-23",7,"Lori",9.13
"1911","2013-06-23",8,"Shirak",7.26
"1912","2013-06-23",9,"Syunik",8.18
"1913","2013-06-23",10,"Tavush",11.31
"1914","2013-06-23",11,"Vayots Dzor",7.15
"1915","2013-06-24",1,"Aragatsotn",12.21
"1916","2013-06-24",2,"Ararat",15.42
"1917","2013-06-24",3,"Armavir",15.83
"1918","2013-06-24",4,"Erevan",15.29
"1919","2013-06-24",5,"Gegharkunik",10.75
"1920","2013-06-24",6,"Kotayk",11.66
"1921","2013-06-24",7,"Lori",10.09
"1922","2013-06-24",8,"Shirak",9.57
"1923","2013-06-24",9,"Syunik",10.73
"1924","2013-06-24",10,"Tavush",13.74
"1925","2013-06-24",11,"Vayots Dzor",11.22
"1926","2013-06-25",1,"Aragatsotn",13.79
"1927","2013-06-25",2,"Ararat",15.96
"1928","2013-06-25",3,"Armavir",16.28
"1929","2013-06-25",4,"Erevan",16.65
"1930","2013-06-25",5,"Gegharkunik",11.52
"1931","2013-06-25",6,"Kotayk",13.32
"1932","2013-06-25",7,"Lori",12.61
"1933","2013-06-25",8,"Shirak",11.11
"1934","2013-06-25",9,"Syunik",10.35
"1935","2013-06-25",10,"Tavush",16.19
"1936","2013-06-25",11,"Vayots Dzor",10.74
"1937","2013-06-26",1,"Aragatsotn",13.38
"1938","2013-06-26",2,"Ararat",16.07
"1939","2013-06-26",3,"Armavir",16.4
"1940","2013-06-26",4,"Erevan",16.37
"1941","2013-06-26",5,"Gegharkunik",11.16
"1942","2013-06-26",6,"Kotayk",12.66
"1943","2013-06-26",7,"Lori",11.53
"1944","2013-06-26",8,"Shirak",10.1
"1945","2013-06-26",9,"Syunik",13.53
"1946","2013-06-26",10,"Tavush",14.46
"1947","2013-06-26",11,"Vayots Dzor",12.47
"1948","2013-06-27",1,"Aragatsotn",14.16
"1949","2013-06-27",2,"Ararat",15.74
"1950","2013-06-27",3,"Armavir",16.93
"1951","2013-06-27",4,"Erevan",16.27
"1952","2013-06-27",5,"Gegharkunik",10.77
"1953","2013-06-27",6,"Kotayk",12.15
"1954","2013-06-27",7,"Lori",14.24
"1955","2013-06-27",8,"Shirak",12.14
"1956","2013-06-27",9,"Syunik",13.26
"1957","2013-06-27",10,"Tavush",16.54
"1958","2013-06-27",11,"Vayots Dzor",12.3
"1959","2013-06-28",1,"Aragatsotn",14.05
"1960","2013-06-28",2,"Ararat",16.13
"1961","2013-06-28",3,"Armavir",17.08
"1962","2013-06-28",4,"Erevan",16.31
"1963","2013-06-28",5,"Gegharkunik",11.13
"1964","2013-06-28",6,"Kotayk",12.56
"1965","2013-06-28",7,"Lori",13.74
"1966","2013-06-28",8,"Shirak",11.34
"1967","2013-06-28",9,"Syunik",11.41
"1968","2013-06-28",10,"Tavush",16
"1969","2013-06-28",11,"Vayots Dzor",12.47
"1970","2013-06-29",1,"Aragatsotn",13.28
"1971","2013-06-29",2,"Ararat",14.22
"1972","2013-06-29",3,"Armavir",16.29
"1973","2013-06-29",4,"Erevan",14.91
"1974","2013-06-29",5,"Gegharkunik",9.58
"1975","2013-06-29",6,"Kotayk",10.88
"1976","2013-06-29",7,"Lori",11.34
"1977","2013-06-29",8,"Shirak",10.87
"1978","2013-06-29",9,"Syunik",9.1
"1979","2013-06-29",10,"Tavush",14.42
"1980","2013-06-29",11,"Vayots Dzor",8.88
"1981","2013-06-30",1,"Aragatsotn",14.97
"1982","2013-06-30",2,"Ararat",15.95
"1983","2013-06-30",3,"Armavir",17.98
"1984","2013-06-30",4,"Erevan",16.97
"1985","2013-06-30",5,"Gegharkunik",11.56
"1986","2013-06-30",6,"Kotayk",13
"1987","2013-06-30",7,"Lori",13.41
"1988","2013-06-30",8,"Shirak",12.41
"1989","2013-06-30",9,"Syunik",10.23
"1990","2013-06-30",10,"Tavush",17.12
"1991","2013-06-30",11,"Vayots Dzor",9.78
"1992","2013-07-01",1,"Aragatsotn",14.77
"1993","2013-07-01",2,"Ararat",17.44
"1994","2013-07-01",3,"Armavir",17.28
"1995","2013-07-01",4,"Erevan",16.97
"1996","2013-07-01",5,"Gegharkunik",13.62
"1997","2013-07-01",6,"Kotayk",14.22
"1998","2013-07-01",7,"Lori",12.74
"1999","2013-07-01",8,"Shirak",12.04
"2000","2013-07-01",9,"Syunik",12.81
"2001","2013-07-01",10,"Tavush",16.85
"2002","2013-07-01",11,"Vayots Dzor",13.82
"2003","2013-07-02",1,"Aragatsotn",15.92
"2004","2013-07-02",2,"Ararat",17.52
"2005","2013-07-02",3,"Armavir",18.03
"2006","2013-07-02",4,"Erevan",17.62
"2007","2013-07-02",5,"Gegharkunik",13.31
"2008","2013-07-02",6,"Kotayk",13.97
"2009","2013-07-02",7,"Lori",15.88
"2010","2013-07-02",8,"Shirak",14.68
"2011","2013-07-02",9,"Syunik",15
"2012","2013-07-02",10,"Tavush",17.98
"2013","2013-07-02",11,"Vayots Dzor",18.17
"2014","2013-07-03",1,"Aragatsotn",12.69
"2015","2013-07-03",2,"Ararat",14.71
"2016","2013-07-03",3,"Armavir",15.91
"2017","2013-07-03",4,"Erevan",15
"2018","2013-07-03",5,"Gegharkunik",9.62
"2019","2013-07-03",6,"Kotayk",11.45
"2020","2013-07-03",7,"Lori",10.69
"2021","2013-07-03",8,"Shirak",9.52
"2022","2013-07-03",9,"Syunik",11.75
"2023","2013-07-03",10,"Tavush",13.64
"2024","2013-07-03",11,"Vayots Dzor",11.22
"2025","2013-07-04",1,"Aragatsotn",13.77
"2026","2013-07-04",2,"Ararat",15.63
"2027","2013-07-04",3,"Armavir",17.22
"2028","2013-07-04",4,"Erevan",16.02
"2029","2013-07-04",5,"Gegharkunik",10.14
"2030","2013-07-04",6,"Kotayk",11.97
"2031","2013-07-04",7,"Lori",12.31
"2032","2013-07-04",8,"Shirak",11.38
"2033","2013-07-04",9,"Syunik",11.99
"2034","2013-07-04",10,"Tavush",14.93
"2035","2013-07-04",11,"Vayots Dzor",11.92
"2036","2013-07-05",1,"Aragatsotn",14.14
"2037","2013-07-05",2,"Ararat",15.54
"2038","2013-07-05",3,"Armavir",17.01
"2039","2013-07-05",4,"Erevan",16.33
"2040","2013-07-05",5,"Gegharkunik",10.44
"2041","2013-07-05",6,"Kotayk",12.57
"2042","2013-07-05",7,"Lori",13.08
"2043","2013-07-05",8,"Shirak",11.62
"2044","2013-07-05",9,"Syunik",10.7
"2045","2013-07-05",10,"Tavush",15.05
"2046","2013-07-05",11,"Vayots Dzor",11.95
"2047","2013-07-06",1,"Aragatsotn",13.62
"2048","2013-07-06",2,"Ararat",16.46
"2049","2013-07-06",3,"Armavir",16.85
"2050","2013-07-06",4,"Erevan",16.6
"2051","2013-07-06",5,"Gegharkunik",10.52
"2052","2013-07-06",6,"Kotayk",12.42
"2053","2013-07-06",7,"Lori",12.63
"2054","2013-07-06",8,"Shirak",10.73
"2055","2013-07-06",9,"Syunik",10.1
"2056","2013-07-06",10,"Tavush",15.16
"2057","2013-07-06",11,"Vayots Dzor",11.45
"2058","2013-07-07",1,"Aragatsotn",14.36
"2059","2013-07-07",2,"Ararat",17.78
"2060","2013-07-07",3,"Armavir",17.32
"2061","2013-07-07",4,"Erevan",17.47
"2062","2013-07-07",5,"Gegharkunik",11.6
"2063","2013-07-07",6,"Kotayk",13.32
"2064","2013-07-07",7,"Lori",12.65
"2065","2013-07-07",8,"Shirak",11.7
"2066","2013-07-07",9,"Syunik",11.44
"2067","2013-07-07",10,"Tavush",16.06
"2068","2013-07-07",11,"Vayots Dzor",12.7
"2069","2013-07-08",1,"Aragatsotn",15.35
"2070","2013-07-08",2,"Ararat",18.24
"2071","2013-07-08",3,"Armavir",18.36
"2072","2013-07-08",4,"Erevan",18.41
"2073","2013-07-08",5,"Gegharkunik",13.31
"2074","2013-07-08",6,"Kotayk",14.4
"2075","2013-07-08",7,"Lori",13.64
"2076","2013-07-08",8,"Shirak",12.95
"2077","2013-07-08",9,"Syunik",13.47
"2078","2013-07-08",10,"Tavush",16.71
"2079","2013-07-08",11,"Vayots Dzor",14.59
"2080","2013-07-09",1,"Aragatsotn",16.34
"2081","2013-07-09",2,"Ararat",17.87
"2082","2013-07-09",3,"Armavir",19.68
"2083","2013-07-09",4,"Erevan",18.18
"2084","2013-07-09",5,"Gegharkunik",13.45
"2085","2013-07-09",6,"Kotayk",13.93
"2086","2013-07-09",7,"Lori",15.42
"2087","2013-07-09",8,"Shirak",14.28
"2088","2013-07-09",9,"Syunik",13.18
"2089","2013-07-09",10,"Tavush",17.84
"2090","2013-07-09",11,"Vayots Dzor",14.89
"2091","2013-07-10",1,"Aragatsotn",15.3
"2092","2013-07-10",2,"Ararat",17.11
"2093","2013-07-10",3,"Armavir",18.53
"2094","2013-07-10",4,"Erevan",17.13
"2095","2013-07-10",5,"Gegharkunik",11.29
"2096","2013-07-10",6,"Kotayk",13
"2097","2013-07-10",7,"Lori",14.26
"2098","2013-07-10",8,"Shirak",13.51
"2099","2013-07-10",9,"Syunik",11.54
"2100","2013-07-10",10,"Tavush",16.25
"2101","2013-07-10",11,"Vayots Dzor",13.16
"2102","2013-07-11",1,"Aragatsotn",15.47
"2103","2013-07-11",2,"Ararat",17.36
"2104","2013-07-11",3,"Armavir",18.54
"2105","2013-07-11",4,"Erevan",17.63
"2106","2013-07-11",5,"Gegharkunik",11.55
"2107","2013-07-11",6,"Kotayk",13.39
"2108","2013-07-11",7,"Lori",14.09
"2109","2013-07-11",8,"Shirak",13.63
"2110","2013-07-11",9,"Syunik",11.22
"2111","2013-07-11",10,"Tavush",17.33
"2112","2013-07-11",11,"Vayots Dzor",12.13
"2113","2013-07-12",1,"Aragatsotn",15.91
"2114","2013-07-12",2,"Ararat",18.15
"2115","2013-07-12",3,"Armavir",19.93
"2116","2013-07-12",4,"Erevan",18.09
"2117","2013-07-12",5,"Gegharkunik",11.88
"2118","2013-07-12",6,"Kotayk",13.54
"2119","2013-07-12",7,"Lori",12.96
"2120","2013-07-12",8,"Shirak",13.24
"2121","2013-07-12",9,"Syunik",12.66
"2122","2013-07-12",10,"Tavush",15.02
"2123","2013-07-12",11,"Vayots Dzor",14.06
"2124","2013-07-13",1,"Aragatsotn",14.88
"2125","2013-07-13",2,"Ararat",17.52
"2126","2013-07-13",3,"Armavir",18.67
"2127","2013-07-13",4,"Erevan",17.45
"2128","2013-07-13",5,"Gegharkunik",11.38
"2129","2013-07-13",6,"Kotayk",13.13
"2130","2013-07-13",7,"Lori",13.37
"2131","2013-07-13",8,"Shirak",12.21
"2132","2013-07-13",9,"Syunik",12.72
"2133","2013-07-13",10,"Tavush",16.04
"2134","2013-07-13",11,"Vayots Dzor",13.91
"2135","2013-07-14",1,"Aragatsotn",16.03
"2136","2013-07-14",2,"Ararat",18.35
"2137","2013-07-14",3,"Armavir",20.25
"2138","2013-07-14",4,"Erevan",18.46
"2139","2013-07-14",5,"Gegharkunik",11.91
"2140","2013-07-14",6,"Kotayk",14.17
"2141","2013-07-14",7,"Lori",14.58
"2142","2013-07-14",8,"Shirak",12.96
"2143","2013-07-14",9,"Syunik",11.42
"2144","2013-07-14",10,"Tavush",16.99
"2145","2013-07-14",11,"Vayots Dzor",12.54
"2146","2013-07-15",1,"Aragatsotn",15.12
"2147","2013-07-15",2,"Ararat",18.06
"2148","2013-07-15",3,"Armavir",18.77
"2149","2013-07-15",4,"Erevan",18.01
"2150","2013-07-15",5,"Gegharkunik",12.54
"2151","2013-07-15",6,"Kotayk",13.73
"2152","2013-07-15",7,"Lori",12.95
"2153","2013-07-15",8,"Shirak",11.98
"2154","2013-07-15",9,"Syunik",12.63
"2155","2013-07-15",10,"Tavush",15.73
"2156","2013-07-15",11,"Vayots Dzor",13.73
"2157","2013-07-16",1,"Aragatsotn",15.99
"2158","2013-07-16",2,"Ararat",19.03
"2159","2013-07-16",3,"Armavir",19.17
"2160","2013-07-16",4,"Erevan",18.86
"2161","2013-07-16",5,"Gegharkunik",12.67
"2162","2013-07-16",6,"Kotayk",14.71
"2163","2013-07-16",7,"Lori",13.78
"2164","2013-07-16",8,"Shirak",12.94
"2165","2013-07-16",9,"Syunik",12.16
"2166","2013-07-16",10,"Tavush",16.94
"2167","2013-07-16",11,"Vayots Dzor",13.39
"2168","2013-07-17",1,"Aragatsotn",16.89
"2169","2013-07-17",2,"Ararat",19.63
"2170","2013-07-17",3,"Armavir",20
"2171","2013-07-17",4,"Erevan",19.61
"2172","2013-07-17",5,"Gegharkunik",14.75
"2173","2013-07-17",6,"Kotayk",15.81
"2174","2013-07-17",7,"Lori",15.19
"2175","2013-07-17",8,"Shirak",14.23
"2176","2013-07-17",9,"Syunik",14.42
"2177","2013-07-17",10,"Tavush",18.72
"2178","2013-07-17",11,"Vayots Dzor",16
"2179","2013-07-18",1,"Aragatsotn",17.09
"2180","2013-07-18",2,"Ararat",19.58
"2181","2013-07-18",3,"Armavir",19.87
"2182","2013-07-18",4,"Erevan",19.84
"2183","2013-07-18",5,"Gegharkunik",14.7
"2184","2013-07-18",6,"Kotayk",16.12
"2185","2013-07-18",7,"Lori",16.46
"2186","2013-07-18",8,"Shirak",14.58
"2187","2013-07-18",9,"Syunik",13.4
"2188","2013-07-18",10,"Tavush",19.57
"2189","2013-07-18",11,"Vayots Dzor",15.25
"2190","2013-07-19",1,"Aragatsotn",16.53
"2191","2013-07-19",2,"Ararat",18.78
"2192","2013-07-19",3,"Armavir",19.43
"2193","2013-07-19",4,"Erevan",19.31
"2194","2013-07-19",5,"Gegharkunik",13.39
"2195","2013-07-19",6,"Kotayk",15.49
"2196","2013-07-19",7,"Lori",15.18
"2197","2013-07-19",8,"Shirak",14.03
"2198","2013-07-19",9,"Syunik",12.4
"2199","2013-07-19",10,"Tavush",17.99
"2200","2013-07-19",11,"Vayots Dzor",13.91
"2201","2013-07-20",1,"Aragatsotn",13.77
"2202","2013-07-20",2,"Ararat",15.65
"2203","2013-07-20",3,"Armavir",17.18
"2204","2013-07-20",4,"Erevan",15.95
"2205","2013-07-20",5,"Gegharkunik",10.79
"2206","2013-07-20",6,"Kotayk",11.81
"2207","2013-07-20",7,"Lori",11.63
"2208","2013-07-20",8,"Shirak",10.63
"2209","2013-07-20",9,"Syunik",12.19
"2210","2013-07-20",10,"Tavush",14.45
"2211","2013-07-20",11,"Vayots Dzor",13.1
"2212","2013-07-21",1,"Aragatsotn",14.67
"2213","2013-07-21",2,"Ararat",17.64
"2214","2013-07-21",3,"Armavir",18.04
"2215","2013-07-21",4,"Erevan",17.84
"2216","2013-07-21",5,"Gegharkunik",11.56
"2217","2013-07-21",6,"Kotayk",13.77
"2218","2013-07-21",7,"Lori",13.3
"2219","2013-07-21",8,"Shirak",11.2
"2220","2013-07-21",9,"Syunik",11.69
"2221","2013-07-21",10,"Tavush",16
"2222","2013-07-21",11,"Vayots Dzor",13.14
"2223","2013-07-22",1,"Aragatsotn",15.38
"2224","2013-07-22",2,"Ararat",17.52
"2225","2013-07-22",3,"Armavir",18.68
"2226","2013-07-22",4,"Erevan",17.92
"2227","2013-07-22",5,"Gegharkunik",12.18
"2228","2013-07-22",6,"Kotayk",13.81
"2229","2013-07-22",7,"Lori",13.52
"2230","2013-07-22",8,"Shirak",12.73
"2231","2013-07-22",9,"Syunik",12.49
"2232","2013-07-22",10,"Tavush",16.65
"2233","2013-07-22",11,"Vayots Dzor",14.07
"2234","2013-07-23",1,"Aragatsotn",15.14
"2235","2013-07-23",2,"Ararat",18.08
"2236","2013-07-23",3,"Armavir",18.04
"2237","2013-07-23",4,"Erevan",17.96
"2238","2013-07-23",5,"Gegharkunik",11.82
"2239","2013-07-23",6,"Kotayk",13.69
"2240","2013-07-23",7,"Lori",13.7
"2241","2013-07-23",8,"Shirak",12.75
"2242","2013-07-23",9,"Syunik",11.95
"2243","2013-07-23",10,"Tavush",15.99
"2244","2013-07-23",11,"Vayots Dzor",13.24
"2245","2013-07-24",1,"Aragatsotn",15.47
"2246","2013-07-24",2,"Ararat",18.19
"2247","2013-07-24",3,"Armavir",18.51
"2248","2013-07-24",4,"Erevan",18.37
"2249","2013-07-24",5,"Gegharkunik",13.11
"2250","2013-07-24",6,"Kotayk",14.27
"2251","2013-07-24",7,"Lori",13.57
"2252","2013-07-24",8,"Shirak",13.05
"2253","2013-07-24",9,"Syunik",12.62
"2254","2013-07-24",10,"Tavush",15.79
"2255","2013-07-24",11,"Vayots Dzor",14.84
"2256","2013-07-25",1,"Aragatsotn",15.93
"2257","2013-07-25",2,"Ararat",19.06
"2258","2013-07-25",3,"Armavir",19.16
"2259","2013-07-25",4,"Erevan",18.98
"2260","2013-07-25",5,"Gegharkunik",14.21
"2261","2013-07-25",6,"Kotayk",15.08
"2262","2013-07-25",7,"Lori",14.07
"2263","2013-07-25",8,"Shirak",13.09
"2264","2013-07-25",9,"Syunik",13.73
"2265","2013-07-25",10,"Tavush",17.24
"2266","2013-07-25",11,"Vayots Dzor",15.86
"2267","2013-07-26",1,"Aragatsotn",14.83
"2268","2013-07-26",2,"Ararat",17.85
"2269","2013-07-26",3,"Armavir",18.22
"2270","2013-07-26",4,"Erevan",17.74
"2271","2013-07-26",5,"Gegharkunik",12.44
"2272","2013-07-26",6,"Kotayk",13.43
"2273","2013-07-26",7,"Lori",12.8
"2274","2013-07-26",8,"Shirak",11.78
"2275","2013-07-26",9,"Syunik",13.25
"2276","2013-07-26",10,"Tavush",14.97
"2277","2013-07-26",11,"Vayots Dzor",15.18
"2278","2013-07-27",1,"Aragatsotn",12.55
"2279","2013-07-27",2,"Ararat",15.25
"2280","2013-07-27",3,"Armavir",16.12
"2281","2013-07-27",4,"Erevan",15.12
"2282","2013-07-27",5,"Gegharkunik",9.85
"2283","2013-07-27",6,"Kotayk",10.63
"2284","2013-07-27",7,"Lori",11.21
"2285","2013-07-27",8,"Shirak",9.58
"2286","2013-07-27",9,"Syunik",12.62
"2287","2013-07-27",10,"Tavush",13.91
"2288","2013-07-27",11,"Vayots Dzor",13.78
"2289","2013-07-28",1,"Aragatsotn",13.98
"2290","2013-07-28",2,"Ararat",16.44
"2291","2013-07-28",3,"Armavir",16.54
"2292","2013-07-28",4,"Erevan",16.64
"2293","2013-07-28",5,"Gegharkunik",11.35
"2294","2013-07-28",6,"Kotayk",13.06
"2295","2013-07-28",7,"Lori",12.89
"2296","2013-07-28",8,"Shirak",11.21
"2297","2013-07-28",9,"Syunik",11.79
"2298","2013-07-28",10,"Tavush",15.37
"2299","2013-07-28",11,"Vayots Dzor",12.88
"2300","2013-07-29",1,"Aragatsotn",12.89
"2301","2013-07-29",2,"Ararat",14.91
"2302","2013-07-29",3,"Armavir",15.99
"2303","2013-07-29",4,"Erevan",15.26
"2304","2013-07-29",5,"Gegharkunik",10.33
"2305","2013-07-29",6,"Kotayk",11.63
"2306","2013-07-29",7,"Lori",11.22
"2307","2013-07-29",8,"Shirak",9.09
"2308","2013-07-29",9,"Syunik",13.51
"2309","2013-07-29",10,"Tavush",14.14
"2310","2013-07-29",11,"Vayots Dzor",12.96
"2311","2013-07-30",1,"Aragatsotn",10.9
"2312","2013-07-30",2,"Ararat",13.4
"2313","2013-07-30",3,"Armavir",14.47
"2314","2013-07-30",4,"Erevan",13.36
"2315","2013-07-30",5,"Gegharkunik",8.23
"2316","2013-07-30",6,"Kotayk",9.66
"2317","2013-07-30",7,"Lori",8.73
"2318","2013-07-30",8,"Shirak",7.3
"2319","2013-07-30",9,"Syunik",11.26
"2320","2013-07-30",10,"Tavush",11.88
"2321","2013-07-30",11,"Vayots Dzor",10.64
"2322","2013-07-31",1,"Aragatsotn",10.13
"2323","2013-07-31",2,"Ararat",12.07
"2324","2013-07-31",3,"Armavir",13.52
"2325","2013-07-31",4,"Erevan",11.96
"2326","2013-07-31",5,"Gegharkunik",7.92
"2327","2013-07-31",6,"Kotayk",8.62
"2328","2013-07-31",7,"Lori",9.45
"2329","2013-07-31",8,"Shirak",7.09
"2330","2013-07-31",9,"Syunik",10.91
"2331","2013-07-31",10,"Tavush",12.87
"2332","2013-07-31",11,"Vayots Dzor",10.38
"2333","2013-08-01",1,"Aragatsotn",11.22
"2334","2013-08-01",2,"Ararat",14.55
"2335","2013-08-01",3,"Armavir",14.88
"2336","2013-08-01",4,"Erevan",14.51
"2337","2013-08-01",5,"Gegharkunik",10.24
"2338","2013-08-01",6,"Kotayk",10.61
"2339","2013-08-01",7,"Lori",10.51
"2340","2013-08-01",8,"Shirak",8.55
"2341","2013-08-01",9,"Syunik",10.63
"2342","2013-08-01",10,"Tavush",13.48
"2343","2013-08-01",11,"Vayots Dzor",11.62
"2344","2013-08-02",1,"Aragatsotn",13.35
"2345","2013-08-02",2,"Ararat",16.87
"2346","2013-08-02",3,"Armavir",16.73
"2347","2013-08-02",4,"Erevan",16.7
"2348","2013-08-02",5,"Gegharkunik",11.85
"2349","2013-08-02",6,"Kotayk",12.66
"2350","2013-08-02",7,"Lori",12.43
"2351","2013-08-02",8,"Shirak",10.1
"2352","2013-08-02",9,"Syunik",13.04
"2353","2013-08-02",10,"Tavush",16
"2354","2013-08-02",11,"Vayots Dzor",13.81
"2355","2013-08-03",1,"Aragatsotn",15.29
"2356","2013-08-03",2,"Ararat",17.17
"2357","2013-08-03",3,"Armavir",17.94
"2358","2013-08-03",4,"Erevan",17.84
"2359","2013-08-03",5,"Gegharkunik",12.59
"2360","2013-08-03",6,"Kotayk",14.24
"2361","2013-08-03",7,"Lori",14.3
"2362","2013-08-03",8,"Shirak",12.42
"2363","2013-08-03",9,"Syunik",13.18
"2364","2013-08-03",10,"Tavush",16.47
"2365","2013-08-03",11,"Vayots Dzor",14.07
"2366","2013-08-04",1,"Aragatsotn",15.07
"2367","2013-08-04",2,"Ararat",17.3
"2368","2013-08-04",3,"Armavir",18
"2369","2013-08-04",4,"Erevan",17.61
"2370","2013-08-04",5,"Gegharkunik",12.71
"2371","2013-08-04",6,"Kotayk",14.05
"2372","2013-08-04",7,"Lori",13.7
"2373","2013-08-04",8,"Shirak",12.53
"2374","2013-08-04",9,"Syunik",13.02
"2375","2013-08-04",10,"Tavush",16.45
"2376","2013-08-04",11,"Vayots Dzor",14.44
"2377","2013-08-05",1,"Aragatsotn",13.1
"2378","2013-08-05",2,"Ararat",15.63
"2379","2013-08-05",3,"Armavir",16.66
"2380","2013-08-05",4,"Erevan",16.17
"2381","2013-08-05",5,"Gegharkunik",10.35
"2382","2013-08-05",6,"Kotayk",11.78
"2383","2013-08-05",7,"Lori",9.82
"2384","2013-08-05",8,"Shirak",8.94
"2385","2013-08-05",9,"Syunik",13.55
"2386","2013-08-05",10,"Tavush",13.56
"2387","2013-08-05",11,"Vayots Dzor",13.52
"2388","2013-08-06",1,"Aragatsotn",10.89
"2389","2013-08-06",2,"Ararat",13.02
"2390","2013-08-06",3,"Armavir",14.6
"2391","2013-08-06",4,"Erevan",13.35
"2392","2013-08-06",5,"Gegharkunik",8.44
"2393","2013-08-06",6,"Kotayk",9.47
"2394","2013-08-06",7,"Lori",8.87
"2395","2013-08-06",8,"Shirak",7.69
"2396","2013-08-06",9,"Syunik",10.17
"2397","2013-08-06",10,"Tavush",13.02
"2398","2013-08-06",11,"Vayots Dzor",9.59
"2399","2013-08-07",1,"Aragatsotn",12.68
"2400","2013-08-07",2,"Ararat",14.27
"2401","2013-08-07",3,"Armavir",16.3
"2402","2013-08-07",4,"Erevan",14.61
"2403","2013-08-07",5,"Gegharkunik",10.13
"2404","2013-08-07",6,"Kotayk",10.96
"2405","2013-08-07",7,"Lori",11.78
"2406","2013-08-07",8,"Shirak",10.05
"2407","2013-08-07",9,"Syunik",10.49
"2408","2013-08-07",10,"Tavush",15.46
"2409","2013-08-07",11,"Vayots Dzor",10.76
"2410","2013-08-08",1,"Aragatsotn",14.61
"2411","2013-08-08",2,"Ararat",17.52
"2412","2013-08-08",3,"Armavir",17.63
"2413","2013-08-08",4,"Erevan",17.52
"2414","2013-08-08",5,"Gegharkunik",12.52
"2415","2013-08-08",6,"Kotayk",13.84
"2416","2013-08-08",7,"Lori",13.97
"2417","2013-08-08",8,"Shirak",11.8
"2418","2013-08-08",9,"Syunik",12.53
"2419","2013-08-08",10,"Tavush",16.95
"2420","2013-08-08",11,"Vayots Dzor",14.18
"2421","2013-08-09",1,"Aragatsotn",12.7
"2422","2013-08-09",2,"Ararat",13.72
"2423","2013-08-09",3,"Armavir",15.89
"2424","2013-08-09",4,"Erevan",14.07
"2425","2013-08-09",5,"Gegharkunik",9.34
"2426","2013-08-09",6,"Kotayk",10.58
"2427","2013-08-09",7,"Lori",11.27
"2428","2013-08-09",8,"Shirak",10.08
"2429","2013-08-09",9,"Syunik",11.54
"2430","2013-08-09",10,"Tavush",13.48
"2431","2013-08-09",11,"Vayots Dzor",11.57
"2432","2013-08-10",1,"Aragatsotn",12.81
"2433","2013-08-10",2,"Ararat",14.19
"2434","2013-08-10",3,"Armavir",15.7
"2435","2013-08-10",4,"Erevan",14.36
"2436","2013-08-10",5,"Gegharkunik",9.24
"2437","2013-08-10",6,"Kotayk",10.95
"2438","2013-08-10",7,"Lori",12.46
"2439","2013-08-10",8,"Shirak",10.48
"2440","2013-08-10",9,"Syunik",9.42
"2441","2013-08-10",10,"Tavush",14.12
"2442","2013-08-10",11,"Vayots Dzor",10.61
"2443","2013-08-11",1,"Aragatsotn",12.96
"2444","2013-08-11",2,"Ararat",14.53
"2445","2013-08-11",3,"Armavir",15.72
"2446","2013-08-11",4,"Erevan",14.55
"2447","2013-08-11",5,"Gegharkunik",9.4
"2448","2013-08-11",6,"Kotayk",10.63
"2449","2013-08-11",7,"Lori",12.87
"2450","2013-08-11",8,"Shirak",10.92
"2451","2013-08-11",9,"Syunik",10.27
"2452","2013-08-11",10,"Tavush",15.01
"2453","2013-08-11",11,"Vayots Dzor",11.05
"2454","2013-08-12",1,"Aragatsotn",14.28
"2455","2013-08-12",2,"Ararat",17.33
"2456","2013-08-12",3,"Armavir",18.04
"2457","2013-08-12",4,"Erevan",17.63
"2458","2013-08-12",5,"Gegharkunik",11.26
"2459","2013-08-12",6,"Kotayk",13.3
"2460","2013-08-12",7,"Lori",11.45
"2461","2013-08-12",8,"Shirak",11.22
"2462","2013-08-12",9,"Syunik",10.83
"2463","2013-08-12",10,"Tavush",14.85
"2464","2013-08-12",11,"Vayots Dzor",11.81
"2465","2013-08-13",1,"Aragatsotn",15.59
"2466","2013-08-13",2,"Ararat",18.55
"2467","2013-08-13",3,"Armavir",18.62
"2468","2013-08-13",4,"Erevan",18.76
"2469","2013-08-13",5,"Gegharkunik",13.25
"2470","2013-08-13",6,"Kotayk",14.74
"2471","2013-08-13",7,"Lori",14.35
"2472","2013-08-13",8,"Shirak",12.82
"2473","2013-08-13",9,"Syunik",13.56
"2474","2013-08-13",10,"Tavush",16.95
"2475","2013-08-13",11,"Vayots Dzor",14.66
"2476","2013-08-14",1,"Aragatsotn",15.58
"2477","2013-08-14",2,"Ararat",17.9
"2478","2013-08-14",3,"Armavir",18.45
"2479","2013-08-14",4,"Erevan",18.27
"2480","2013-08-14",5,"Gegharkunik",12.39
"2481","2013-08-14",6,"Kotayk",14.29
"2482","2013-08-14",7,"Lori",14.21
"2483","2013-08-14",8,"Shirak",12.71
"2484","2013-08-14",9,"Syunik",13.63
"2485","2013-08-14",10,"Tavush",16.64
"2486","2013-08-14",11,"Vayots Dzor",14.08
"2487","2013-08-15",1,"Aragatsotn",14.28
"2488","2013-08-15",2,"Ararat",18.32
"2489","2013-08-15",3,"Armavir",18.19
"2490","2013-08-15",4,"Erevan",17.72
"2491","2013-08-15",5,"Gegharkunik",11.56
"2492","2013-08-15",6,"Kotayk",13.23
"2493","2013-08-15",7,"Lori",12.46
"2494","2013-08-15",8,"Shirak",10.94
"2495","2013-08-15",9,"Syunik",12.04
"2496","2013-08-15",10,"Tavush",15.72
"2497","2013-08-15",11,"Vayots Dzor",13.44
"2498","2013-08-16",1,"Aragatsotn",15.36
"2499","2013-08-16",2,"Ararat",17.56
"2500","2013-08-16",3,"Armavir",18.69
"2501","2013-08-16",4,"Erevan",17.71
"2502","2013-08-16",5,"Gegharkunik",11.89
"2503","2013-08-16",6,"Kotayk",13.22
"2504","2013-08-16",7,"Lori",14.02
"2505","2013-08-16",8,"Shirak",13.01
"2506","2013-08-16",9,"Syunik",11.42
"2507","2013-08-16",10,"Tavush",17.67
"2508","2013-08-16",11,"Vayots Dzor",12.27
"2509","2013-08-17",1,"Aragatsotn",15.29
"2510","2013-08-17",2,"Ararat",17.94
"2511","2013-08-17",3,"Armavir",18.78
"2512","2013-08-17",4,"Erevan",18.07
"2513","2013-08-17",5,"Gegharkunik",11.94
"2514","2013-08-17",6,"Kotayk",13.55
"2515","2013-08-17",7,"Lori",13.92
"2516","2013-08-17",8,"Shirak",12.84
"2517","2013-08-17",9,"Syunik",11.23
"2518","2013-08-17",10,"Tavush",17.56
"2519","2013-08-17",11,"Vayots Dzor",12.73
"2520","2013-08-18",1,"Aragatsotn",15.25
"2521","2013-08-18",2,"Ararat",18.62
"2522","2013-08-18",3,"Armavir",18.24
"2523","2013-08-18",4,"Erevan",18.43
"2524","2013-08-18",5,"Gegharkunik",13
"2525","2013-08-18",6,"Kotayk",14.46
"2526","2013-08-18",7,"Lori",14.22
"2527","2013-08-18",8,"Shirak",12.28
"2528","2013-08-18",9,"Syunik",12.42
"2529","2013-08-18",10,"Tavush",17.66
"2530","2013-08-18",11,"Vayots Dzor",14.09
"2531","2013-08-19",1,"Aragatsotn",15.52
"2532","2013-08-19",2,"Ararat",18.32
"2533","2013-08-19",3,"Armavir",18.94
"2534","2013-08-19",4,"Erevan",18.38
"2535","2013-08-19",5,"Gegharkunik",12.46
"2536","2013-08-19",6,"Kotayk",14.16
"2537","2013-08-19",7,"Lori",13.77
"2538","2013-08-19",8,"Shirak",12.65
"2539","2013-08-19",9,"Syunik",12.9
"2540","2013-08-19",10,"Tavush",16.17
"2541","2013-08-19",11,"Vayots Dzor",14.69
"2542","2013-08-20",1,"Aragatsotn",13.42
"2543","2013-08-20",2,"Ararat",15.09
"2544","2013-08-20",3,"Armavir",16.55
"2545","2013-08-20",4,"Erevan",15.25
"2546","2013-08-20",5,"Gegharkunik",10.76
"2547","2013-08-20",6,"Kotayk",11.39
"2548","2013-08-20",7,"Lori",12.52
"2549","2013-08-20",8,"Shirak",11.69
"2550","2013-08-20",9,"Syunik",12.38
"2551","2013-08-20",10,"Tavush",15.16
"2552","2013-08-20",11,"Vayots Dzor",13.44
"2553","2013-08-21",1,"Aragatsotn",14.02
"2554","2013-08-21",2,"Ararat",15.9
"2555","2013-08-21",3,"Armavir",17.59
"2556","2013-08-21",4,"Erevan",16.31
"2557","2013-08-21",5,"Gegharkunik",10.89
"2558","2013-08-21",6,"Kotayk",12.7
"2559","2013-08-21",7,"Lori",13.19
"2560","2013-08-21",8,"Shirak",11.8
"2561","2013-08-21",9,"Syunik",11.17
"2562","2013-08-21",10,"Tavush",15.27
"2563","2013-08-21",11,"Vayots Dzor",12.64
"2564","2013-08-22",1,"Aragatsotn",12.16
"2565","2013-08-22",2,"Ararat",14.59
"2566","2013-08-22",3,"Armavir",16.16
"2567","2013-08-22",4,"Erevan",14.94
"2568","2013-08-22",5,"Gegharkunik",9.54
"2569","2013-08-22",6,"Kotayk",11.02
"2570","2013-08-22",7,"Lori",10.63
"2571","2013-08-22",8,"Shirak",9.07
"2572","2013-08-22",9,"Syunik",9.81
"2573","2013-08-22",10,"Tavush",13.58
"2574","2013-08-22",11,"Vayots Dzor",11.31
"2575","2013-08-23",1,"Aragatsotn",12.4
"2576","2013-08-23",2,"Ararat",13.59
"2577","2013-08-23",3,"Armavir",15.35
"2578","2013-08-23",4,"Erevan",14.25
"2579","2013-08-23",5,"Gegharkunik",9.18
"2580","2013-08-23",6,"Kotayk",10.51
"2581","2013-08-23",7,"Lori",12.17
"2582","2013-08-23",8,"Shirak",10.59
"2583","2013-08-23",9,"Syunik",9.8
"2584","2013-08-23",10,"Tavush",13.93
"2585","2013-08-23",11,"Vayots Dzor",10.58
"2586","2013-08-24",1,"Aragatsotn",14.18
"2587","2013-08-24",2,"Ararat",16.42
"2588","2013-08-24",3,"Armavir",17.05
"2589","2013-08-24",4,"Erevan",16.94
"2590","2013-08-24",5,"Gegharkunik",11.32
"2591","2013-08-24",6,"Kotayk",13.05
"2592","2013-08-24",7,"Lori",13.32
"2593","2013-08-24",8,"Shirak",11.94
"2594","2013-08-24",9,"Syunik",10.97
"2595","2013-08-24",10,"Tavush",15.52
"2596","2013-08-24",11,"Vayots Dzor",11.28
"2597","2013-08-25",1,"Aragatsotn",14.76
"2598","2013-08-25",2,"Ararat",17.55
"2599","2013-08-25",3,"Armavir",17.01
"2600","2013-08-25",4,"Erevan",17.78
"2601","2013-08-25",5,"Gegharkunik",12.96
"2602","2013-08-25",6,"Kotayk",14.5
"2603","2013-08-25",7,"Lori",14.11
"2604","2013-08-25",8,"Shirak",12.13
"2605","2013-08-25",9,"Syunik",12.47
"2606","2013-08-25",10,"Tavush",16.19
"2607","2013-08-25",11,"Vayots Dzor",13.35
"2608","2013-08-26",1,"Aragatsotn",13.95
"2609","2013-08-26",2,"Ararat",15.85
"2610","2013-08-26",3,"Armavir",16.78
"2611","2013-08-26",4,"Erevan",16.19
"2612","2013-08-26",5,"Gegharkunik",11.61
"2613","2013-08-26",6,"Kotayk",12.7
"2614","2013-08-26",7,"Lori",12.19
"2615","2013-08-26",8,"Shirak",11.44
"2616","2013-08-26",9,"Syunik",13.02
"2617","2013-08-26",10,"Tavush",15.21
"2618","2013-08-26",11,"Vayots Dzor",13.72
"2619","2013-08-27",1,"Aragatsotn",14.04
"2620","2013-08-27",2,"Ararat",17.14
"2621","2013-08-27",3,"Armavir",18.02
"2622","2013-08-27",4,"Erevan",17.12
"2623","2013-08-27",5,"Gegharkunik",11.99
"2624","2013-08-27",6,"Kotayk",13.04
"2625","2013-08-27",7,"Lori",13.82
"2626","2013-08-27",8,"Shirak",11.16
"2627","2013-08-27",9,"Syunik",12.5
"2628","2013-08-27",10,"Tavush",16.65
"2629","2013-08-27",11,"Vayots Dzor",13.46
"2630","2013-08-28",1,"Aragatsotn",13.99
"2631","2013-08-28",2,"Ararat",16.46
"2632","2013-08-28",3,"Armavir",17.24
"2633","2013-08-28",4,"Erevan",17
"2634","2013-08-28",5,"Gegharkunik",11.1
"2635","2013-08-28",6,"Kotayk",13.24
"2636","2013-08-28",7,"Lori",13.68
"2637","2013-08-28",8,"Shirak",10.9
"2638","2013-08-28",9,"Syunik",10.16
"2639","2013-08-28",10,"Tavush",16.95
"2640","2013-08-28",11,"Vayots Dzor",11.22
"2641","2013-08-29",1,"Aragatsotn",14.32
"2642","2013-08-29",2,"Ararat",16.46
"2643","2013-08-29",3,"Armavir",18.18
"2644","2013-08-29",4,"Erevan",17.14
"2645","2013-08-29",5,"Gegharkunik",11.23
"2646","2013-08-29",6,"Kotayk",12.49
"2647","2013-08-29",7,"Lori",12.99
"2648","2013-08-29",8,"Shirak",11.1
"2649","2013-08-29",9,"Syunik",11.12
"2650","2013-08-29",10,"Tavush",16.31
"2651","2013-08-29",11,"Vayots Dzor",12.15
"2652","2013-08-30",1,"Aragatsotn",14.39
"2653","2013-08-30",2,"Ararat",15.56
"2654","2013-08-30",3,"Armavir",16.83
"2655","2013-08-30",4,"Erevan",16.23
"2656","2013-08-30",5,"Gegharkunik",11.1
"2657","2013-08-30",6,"Kotayk",12.51
"2658","2013-08-30",7,"Lori",13.79
"2659","2013-08-30",8,"Shirak",12.29
"2660","2013-08-30",9,"Syunik",12.1
"2661","2013-08-30",10,"Tavush",15.23
"2662","2013-08-30",11,"Vayots Dzor",13.05
"2663","2013-08-31",1,"Aragatsotn",15.27
"2664","2013-08-31",2,"Ararat",17.05
"2665","2013-08-31",3,"Armavir",18.24
"2666","2013-08-31",4,"Erevan",17.11
"2667","2013-08-31",5,"Gegharkunik",11.85
"2668","2013-08-31",6,"Kotayk",13.74
"2669","2013-08-31",7,"Lori",13.36
"2670","2013-08-31",8,"Shirak",12.81
"2671","2013-08-31",9,"Syunik",10.79
"2672","2013-08-31",10,"Tavush",16.38
"2673","2013-08-31",11,"Vayots Dzor",11.63
"2674","2013-09-01",1,"Aragatsotn",15.29
"2675","2013-09-01",2,"Ararat",17.54
"2676","2013-09-01",3,"Armavir",17.42
"2677","2013-09-01",4,"Erevan",17.36
"2678","2013-09-01",5,"Gegharkunik",13.84
"2679","2013-09-01",6,"Kotayk",14.67
"2680","2013-09-01",7,"Lori",14.19
"2681","2013-09-01",8,"Shirak",12.74
"2682","2013-09-01",9,"Syunik",13.99
"2683","2013-09-01",10,"Tavush",17.53
"2684","2013-09-01",11,"Vayots Dzor",14.07
"2685","2013-09-02",1,"Aragatsotn",15.86
"2686","2013-09-02",2,"Ararat",18.12
"2687","2013-09-02",3,"Armavir",18.53
"2688","2013-09-02",4,"Erevan",18.25
"2689","2013-09-02",5,"Gegharkunik",13.88
"2690","2013-09-02",6,"Kotayk",15.04
"2691","2013-09-02",7,"Lori",14.3
"2692","2013-09-02",8,"Shirak",13.25
"2693","2013-09-02",9,"Syunik",15.39
"2694","2013-09-02",10,"Tavush",16.76
"2695","2013-09-02",11,"Vayots Dzor",15
"2696","2013-09-03",1,"Aragatsotn",14.34
"2697","2013-09-03",2,"Ararat",17.83
"2698","2013-09-03",3,"Armavir",16.35
"2699","2013-09-03",4,"Erevan",17.54
"2700","2013-09-03",5,"Gegharkunik",12.47
"2701","2013-09-03",6,"Kotayk",14.15
"2702","2013-09-03",7,"Lori",14.12
"2703","2013-09-03",8,"Shirak",11.77
"2704","2013-09-03",9,"Syunik",13.97
"2705","2013-09-03",10,"Tavush",16.52
"2706","2013-09-03",11,"Vayots Dzor",13.36
"2707","2013-09-04",1,"Aragatsotn",14.22
"2708","2013-09-04",2,"Ararat",16.86
"2709","2013-09-04",3,"Armavir",16.72
"2710","2013-09-04",4,"Erevan",17.27
"2711","2013-09-04",5,"Gegharkunik",12.6
"2712","2013-09-04",6,"Kotayk",13.63
"2713","2013-09-04",7,"Lori",12.77
"2714","2013-09-04",8,"Shirak",11.8
"2715","2013-09-04",9,"Syunik",12.41
"2716","2013-09-04",10,"Tavush",15.25
"2717","2013-09-04",11,"Vayots Dzor",13.08
"2718","2013-09-05",1,"Aragatsotn",14.76
"2719","2013-09-05",2,"Ararat",19.43
"2720","2013-09-05",3,"Armavir",17.74
"2721","2013-09-05",4,"Erevan",18.6
"2722","2013-09-05",5,"Gegharkunik",12.67
"2723","2013-09-05",6,"Kotayk",14.96
"2724","2013-09-05",7,"Lori",12.77
"2725","2013-09-05",8,"Shirak",12.15
"2726","2013-09-05",9,"Syunik",13.2
"2727","2013-09-05",10,"Tavush",14.9
"2728","2013-09-05",11,"Vayots Dzor",16.12
"2729","2013-09-06",1,"Aragatsotn",7.16
"2730","2013-09-06",2,"Ararat",10.91
"2731","2013-09-06",3,"Armavir",10.05
"2732","2013-09-06",4,"Erevan",10.16
"2733","2013-09-06",5,"Gegharkunik",7.45
"2734","2013-09-06",6,"Kotayk",8.05
"2735","2013-09-06",7,"Lori",7.11
"2736","2013-09-06",8,"Shirak",3.98
"2737","2013-09-06",9,"Syunik",9.5
"2738","2013-09-06",10,"Tavush",9.36
"2739","2013-09-06",11,"Vayots Dzor",9.82
"2740","2013-09-07",1,"Aragatsotn",9.91
"2741","2013-09-07",2,"Ararat",12.6
"2742","2013-09-07",3,"Armavir",12.71
"2743","2013-09-07",4,"Erevan",12.52
"2744","2013-09-07",5,"Gegharkunik",8.78
"2745","2013-09-07",6,"Kotayk",9.29
"2746","2013-09-07",7,"Lori",8.56
"2747","2013-09-07",8,"Shirak",7.02
"2748","2013-09-07",9,"Syunik",8.46
"2749","2013-09-07",10,"Tavush",12.4
"2750","2013-09-07",11,"Vayots Dzor",10.98
"2751","2013-09-08",1,"Aragatsotn",10.92
"2752","2013-09-08",2,"Ararat",12.97
"2753","2013-09-08",3,"Armavir",13.91
"2754","2013-09-08",4,"Erevan",12.88
"2755","2013-09-08",5,"Gegharkunik",9.31
"2756","2013-09-08",6,"Kotayk",9.88
"2757","2013-09-08",7,"Lori",9.67
"2758","2013-09-08",8,"Shirak",8.05
"2759","2013-09-08",9,"Syunik",10.05
"2760","2013-09-08",10,"Tavush",13.1
"2761","2013-09-08",11,"Vayots Dzor",9.74
"2762","2013-09-09",1,"Aragatsotn",11.11
"2763","2013-09-09",2,"Ararat",13.4
"2764","2013-09-09",3,"Armavir",14.27
"2765","2013-09-09",4,"Erevan",13.6
"2766","2013-09-09",5,"Gegharkunik",8.79
"2767","2013-09-09",6,"Kotayk",10
"2768","2013-09-09",7,"Lori",9.87
"2769","2013-09-09",8,"Shirak",8.37
"2770","2013-09-09",9,"Syunik",10.49
"2771","2013-09-09",10,"Tavush",13.37
"2772","2013-09-09",11,"Vayots Dzor",9.2
"2773","2013-09-10",1,"Aragatsotn",10.23
"2774","2013-09-10",2,"Ararat",12.2
"2775","2013-09-10",3,"Armavir",13.3
"2776","2013-09-10",4,"Erevan",12.05
"2777","2013-09-10",5,"Gegharkunik",7.77
"2778","2013-09-10",6,"Kotayk",9
"2779","2013-09-10",7,"Lori",10.18
"2780","2013-09-10",8,"Shirak",7.96
"2781","2013-09-10",9,"Syunik",11.28
"2782","2013-09-10",10,"Tavush",12.04
"2783","2013-09-10",11,"Vayots Dzor",9.98
"2784","2013-09-11",1,"Aragatsotn",9.15
"2785","2013-09-11",2,"Ararat",11.65
"2786","2013-09-11",3,"Armavir",12.41
"2787","2013-09-11",4,"Erevan",11.62
"2788","2013-09-11",5,"Gegharkunik",6.72
"2789","2013-09-11",6,"Kotayk",7.98
"2790","2013-09-11",7,"Lori",7.68
"2791","2013-09-11",8,"Shirak",6.94
"2792","2013-09-11",9,"Syunik",8.27
"2793","2013-09-11",10,"Tavush",10.5
"2794","2013-09-11",11,"Vayots Dzor",7.03
"2795","2013-09-12",1,"Aragatsotn",8.94
"2796","2013-09-12",2,"Ararat",12.36
"2797","2013-09-12",3,"Armavir",12.43
"2798","2013-09-12",4,"Erevan",12.07
"2799","2013-09-12",5,"Gegharkunik",8.5
"2800","2013-09-12",6,"Kotayk",8.49
"2801","2013-09-12",7,"Lori",7.63
"2802","2013-09-12",8,"Shirak",6.19
"2803","2013-09-12",9,"Syunik",9.8
"2804","2013-09-12",10,"Tavush",11.28
"2805","2013-09-12",11,"Vayots Dzor",10.27
"2806","2013-09-13",1,"Aragatsotn",10.81
"2807","2013-09-13",2,"Ararat",12.63
"2808","2013-09-13",3,"Armavir",13.41
"2809","2013-09-13",4,"Erevan",12.99
"2810","2013-09-13",5,"Gegharkunik",8.7
"2811","2013-09-13",6,"Kotayk",9.95
"2812","2013-09-13",7,"Lori",9.87
"2813","2013-09-13",8,"Shirak",8.16
"2814","2013-09-13",9,"Syunik",8.62
"2815","2013-09-13",10,"Tavush",11.68
"2816","2013-09-13",11,"Vayots Dzor",9.43
"2817","2013-09-14",1,"Aragatsotn",10.56
"2818","2013-09-14",2,"Ararat",14.43
"2819","2013-09-14",3,"Armavir",13.28
"2820","2013-09-14",4,"Erevan",13.62
"2821","2013-09-14",5,"Gegharkunik",9.03
"2822","2013-09-14",6,"Kotayk",10.48
"2823","2013-09-14",7,"Lori",9.15
"2824","2013-09-14",8,"Shirak",7.81
"2825","2013-09-14",9,"Syunik",8.69
"2826","2013-09-14",10,"Tavush",12.22
"2827","2013-09-14",11,"Vayots Dzor",9.41
"2828","2013-09-15",1,"Aragatsotn",11.68
"2829","2013-09-15",2,"Ararat",14.09
"2830","2013-09-15",3,"Armavir",13.91
"2831","2013-09-15",4,"Erevan",13.73
"2832","2013-09-15",5,"Gegharkunik",9.97
"2833","2013-09-15",6,"Kotayk",10.89
"2834","2013-09-15",7,"Lori",11.7
"2835","2013-09-15",8,"Shirak",10.19
"2836","2013-09-15",9,"Syunik",9.47
"2837","2013-09-15",10,"Tavush",14.25
"2838","2013-09-15",11,"Vayots Dzor",9.14
"2839","2013-09-16",1,"Aragatsotn",12.61
"2840","2013-09-16",2,"Ararat",15.61
"2841","2013-09-16",3,"Armavir",13.44
"2842","2013-09-16",4,"Erevan",14.42
"2843","2013-09-16",5,"Gegharkunik",13
"2844","2013-09-16",6,"Kotayk",12.9
"2845","2013-09-16",7,"Lori",13.27
"2846","2013-09-16",8,"Shirak",11.98
"2847","2013-09-16",9,"Syunik",12.03
"2848","2013-09-16",10,"Tavush",15.04
"2849","2013-09-16",11,"Vayots Dzor",15
"2850","2013-09-17",1,"Aragatsotn",11.47
"2851","2013-09-17",2,"Ararat",13.27
"2852","2013-09-17",3,"Armavir",13.94
"2853","2013-09-17",4,"Erevan",13.28
"2854","2013-09-17",5,"Gegharkunik",9.25
"2855","2013-09-17",6,"Kotayk",10.45
"2856","2013-09-17",7,"Lori",10.09
"2857","2013-09-17",8,"Shirak",9.1
"2858","2013-09-17",9,"Syunik",10.93
"2859","2013-09-17",10,"Tavush",13.34
"2860","2013-09-17",11,"Vayots Dzor",10.29
"2861","2013-09-18",1,"Aragatsotn",14.06
"2862","2013-09-18",2,"Ararat",14.48
"2863","2013-09-18",3,"Armavir",16.13
"2864","2013-09-18",4,"Erevan",16.63
"2865","2013-09-18",5,"Gegharkunik",10.88
"2866","2013-09-18",6,"Kotayk",11.97
"2867","2013-09-18",7,"Lori",11.32
"2868","2013-09-18",8,"Shirak",12.28
"2869","2013-09-18",9,"Syunik",11.63
"2870","2013-09-18",10,"Tavush",14.64
"2871","2013-09-18",11,"Vayots Dzor",13.54
"2872","2013-09-19",1,"Aragatsotn",11.49
"2873","2013-09-19",2,"Ararat",13.85
"2874","2013-09-19",3,"Armavir",15.26
"2875","2013-09-19",4,"Erevan",13.44
"2876","2013-09-19",5,"Gegharkunik",9.59
"2877","2013-09-19",6,"Kotayk",10.32
"2878","2013-09-19",7,"Lori",9.72
"2879","2013-09-19",8,"Shirak",8.82
"2880","2013-09-19",9,"Syunik",10.29
"2881","2013-09-19",10,"Tavush",13.31
"2882","2013-09-19",11,"Vayots Dzor",10.86
"2883","2013-09-20",1,"Aragatsotn",12.36
"2884","2013-09-20",2,"Ararat",13.67
"2885","2013-09-20",3,"Armavir",15.67
"2886","2013-09-20",4,"Erevan",13.96
"2887","2013-09-20",5,"Gegharkunik",10.99
"2888","2013-09-20",6,"Kotayk",11.72
"2889","2013-09-20",7,"Lori",10.86
"2890","2013-09-20",8,"Shirak",10.17
"2891","2013-09-20",9,"Syunik",10.8
"2892","2013-09-20",10,"Tavush",14.89
"2893","2013-09-20",11,"Vayots Dzor",9.82
"2894","2013-09-21",1,"Aragatsotn",11.7
"2895","2013-09-21",2,"Ararat",12.52
"2896","2013-09-21",3,"Armavir",13.78
"2897","2013-09-21",4,"Erevan",12.82
"2898","2013-09-21",5,"Gegharkunik",10.74
"2899","2013-09-21",6,"Kotayk",11.72
"2900","2013-09-21",7,"Lori",10.55
"2901","2013-09-21",8,"Shirak",9
"2902","2013-09-21",9,"Syunik",9.42
"2903","2013-09-21",10,"Tavush",14.64
"2904","2013-09-21",11,"Vayots Dzor",9.39
"2905","2013-09-22",1,"Aragatsotn",12.54
"2906","2013-09-22",2,"Ararat",14.23
"2907","2013-09-22",3,"Armavir",14.46
"2908","2013-09-22",4,"Erevan",14.6
"2909","2013-09-22",5,"Gegharkunik",10.36
"2910","2013-09-22",6,"Kotayk",11.71
"2911","2013-09-22",7,"Lori",12.59
"2912","2013-09-22",8,"Shirak",10.45
"2913","2013-09-22",9,"Syunik",11.99
"2914","2013-09-22",10,"Tavush",15.57
"2915","2013-09-22",11,"Vayots Dzor",10.45
"2916","2013-09-23",1,"Aragatsotn",9.29
"2917","2013-09-23",2,"Ararat",10.41
"2918","2013-09-23",3,"Armavir",11.63
"2919","2013-09-23",4,"Erevan",10.65
"2920","2013-09-23",5,"Gegharkunik",7.5
"2921","2013-09-23",6,"Kotayk",8.26
"2922","2013-09-23",7,"Lori",9.33
"2923","2013-09-23",8,"Shirak",7.04
"2924","2013-09-23",9,"Syunik",9.11
"2925","2013-09-23",10,"Tavush",11.57
"2926","2013-09-23",11,"Vayots Dzor",7.49
"2927","2013-09-24",1,"Aragatsotn",7.62
"2928","2013-09-24",2,"Ararat",9.67
"2929","2013-09-24",3,"Armavir",9.77
"2930","2013-09-24",4,"Erevan",9.78
"2931","2013-09-24",5,"Gegharkunik",6.38
"2932","2013-09-24",6,"Kotayk",7.11
"2933","2013-09-24",7,"Lori",6.94
"2934","2013-09-24",8,"Shirak",4.95
"2935","2013-09-24",9,"Syunik",8.3
"2936","2013-09-24",10,"Tavush",8.97
"2937","2013-09-24",11,"Vayots Dzor",6.9
"2938","2013-09-25",1,"Aragatsotn",6.76
"2939","2013-09-25",2,"Ararat",9.12
"2940","2013-09-25",3,"Armavir",9.33
"2941","2013-09-25",4,"Erevan",8.22
"2942","2013-09-25",5,"Gegharkunik",5.58
"2943","2013-09-25",6,"Kotayk",5.65
"2944","2013-09-25",7,"Lori",6.03
"2945","2013-09-25",8,"Shirak",4.54
"2946","2013-09-25",9,"Syunik",7.06
"2947","2013-09-25",10,"Tavush",8.75
"2948","2013-09-25",11,"Vayots Dzor",5.25
"2949","2013-09-26",1,"Aragatsotn",8.37
"2950","2013-09-26",2,"Ararat",9.73
"2951","2013-09-26",3,"Armavir",10.26
"2952","2013-09-26",4,"Erevan",9.5
"2953","2013-09-26",5,"Gegharkunik",6.75
"2954","2013-09-26",6,"Kotayk",7.19
"2955","2013-09-26",7,"Lori",7.54
"2956","2013-09-26",8,"Shirak",6.63
"2957","2013-09-26",9,"Syunik",6.1
"2958","2013-09-26",10,"Tavush",8.87
"2959","2013-09-26",11,"Vayots Dzor",5.74
"2960","2013-09-27",1,"Aragatsotn",5.94
"2961","2013-09-27",2,"Ararat",7.97
"2962","2013-09-27",3,"Armavir",8.26
"2963","2013-09-27",4,"Erevan",7.42
"2964","2013-09-27",5,"Gegharkunik",5.63
"2965","2013-09-27",6,"Kotayk",6.56
"2966","2013-09-27",7,"Lori",5.58
"2967","2013-09-27",8,"Shirak",2.92
"2968","2013-09-27",9,"Syunik",5.56
"2969","2013-09-27",10,"Tavush",8.06
"2970","2013-09-27",11,"Vayots Dzor",5.72
"2971","2013-09-28",1,"Aragatsotn",7.51
"2972","2013-09-28",2,"Ararat",8.27
"2973","2013-09-28",3,"Armavir",8.87
"2974","2013-09-28",4,"Erevan",8.45
"2975","2013-09-28",5,"Gegharkunik",7.25
"2976","2013-09-28",6,"Kotayk",8.3
"2977","2013-09-28",7,"Lori",5.65
"2978","2013-09-28",8,"Shirak",4.26
"2979","2013-09-28",9,"Syunik",6.66
"2980","2013-09-28",10,"Tavush",9.2
"2981","2013-09-28",11,"Vayots Dzor",4.94
"2982","2013-09-29",1,"Aragatsotn",6.99
"2983","2013-09-29",2,"Ararat",10.07
"2984","2013-09-29",3,"Armavir",10.2
"2985","2013-09-29",4,"Erevan",8.37
"2986","2013-09-29",5,"Gegharkunik",6.07
"2987","2013-09-29",6,"Kotayk",6.29
"2988","2013-09-29",7,"Lori",6.34
"2989","2013-09-29",8,"Shirak",5.29
"2990","2013-09-29",9,"Syunik",8.17
"2991","2013-09-29",10,"Tavush",9.73
"2992","2013-09-29",11,"Vayots Dzor",8.84
"2993","2013-09-30",1,"Aragatsotn",6.55
"2994","2013-09-30",2,"Ararat",7.43
"2995","2013-09-30",3,"Armavir",9.32
"2996","2013-09-30",4,"Erevan",6.83
"2997","2013-09-30",5,"Gegharkunik",4.54
"2998","2013-09-30",6,"Kotayk",4.73
"2999","2013-09-30",7,"Lori",6.84
"3000","2013-09-30",8,"Shirak",3.98
"3001","2013-09-30",9,"Syunik",6.98
"3002","2013-09-30",10,"Tavush",8.81
"3003","2013-09-30",11,"Vayots Dzor",5.94
"3004","2013-10-01",1,"Aragatsotn",6.79
"3005","2013-10-01",2,"Ararat",10.14
"3006","2013-10-01",3,"Armavir",8.98
"3007","2013-10-01",4,"Erevan",9.27
"3008","2013-10-01",5,"Gegharkunik",5.99
"3009","2013-10-01",6,"Kotayk",6.2
"3010","2013-10-01",7,"Lori",5.68
"3011","2013-10-01",8,"Shirak",4.61
"3012","2013-10-01",9,"Syunik",6.64
"3013","2013-10-01",10,"Tavush",8.72
"3014","2013-10-01",11,"Vayots Dzor",7.15
"3015","2013-10-02",1,"Aragatsotn",8.74
"3016","2013-10-02",2,"Ararat",11.49
"3017","2013-10-02",3,"Armavir",10.64
"3018","2013-10-02",4,"Erevan",11.9
"3019","2013-10-02",5,"Gegharkunik",8.19
"3020","2013-10-02",6,"Kotayk",8.96
"3021","2013-10-02",7,"Lori",8.97
"3022","2013-10-02",8,"Shirak",7.12
"3023","2013-10-02",9,"Syunik",7.5
"3024","2013-10-02",10,"Tavush",11.56
"3025","2013-10-02",11,"Vayots Dzor",9.86
"3026","2013-10-03",1,"Aragatsotn",11.51
"3027","2013-10-03",2,"Ararat",12.84
"3028","2013-10-03",3,"Armavir",14.94
"3029","2013-10-03",4,"Erevan",13.22
"3030","2013-10-03",5,"Gegharkunik",8.84
"3031","2013-10-03",6,"Kotayk",10.28
"3032","2013-10-03",7,"Lori",10.11
"3033","2013-10-03",8,"Shirak",10.25
"3034","2013-10-03",9,"Syunik",9.47
"3035","2013-10-03",10,"Tavush",12.52
"3036","2013-10-03",11,"Vayots Dzor",10.29
"3037","2013-10-04",1,"Aragatsotn",12.43
"3038","2013-10-04",2,"Ararat",14.87
"3039","2013-10-04",3,"Armavir",14.61
"3040","2013-10-04",4,"Erevan",14.12
"3041","2013-10-04",5,"Gegharkunik",10.97
"3042","2013-10-04",6,"Kotayk",11.47
"3043","2013-10-04",7,"Lori",10.04
"3044","2013-10-04",8,"Shirak",10.62
"3045","2013-10-04",9,"Syunik",10.91
"3046","2013-10-04",10,"Tavush",11.82
"3047","2013-10-04",11,"Vayots Dzor",11.8
"3048","2013-10-05",1,"Aragatsotn",5.1
"3049","2013-10-05",2,"Ararat",7.98
"3050","2013-10-05",3,"Armavir",8.13
"3051","2013-10-05",4,"Erevan",7.91
"3052","2013-10-05",5,"Gegharkunik",3.32
"3053","2013-10-05",6,"Kotayk",4.5
"3054","2013-10-05",7,"Lori",3.8
"3055","2013-10-05",8,"Shirak",1.57
"3056","2013-10-05",9,"Syunik",7.03
"3057","2013-10-05",10,"Tavush",5.79
"3058","2013-10-05",11,"Vayots Dzor",6.42
"3059","2013-10-06",1,"Aragatsotn",2.58
"3060","2013-10-06",2,"Ararat",5.27
"3061","2013-10-06",3,"Armavir",5.72
"3062","2013-10-06",4,"Erevan",4.65
"3063","2013-10-06",5,"Gegharkunik",0.64
"3064","2013-10-06",6,"Kotayk",1.25
"3065","2013-10-06",7,"Lori",1.62
"3066","2013-10-06",8,"Shirak",0.24
"3067","2013-10-06",9,"Syunik",2.55
"3068","2013-10-06",10,"Tavush",4.43
"3069","2013-10-06",11,"Vayots Dzor",2.94
"3070","2013-10-07",1,"Aragatsotn",1.16
"3071","2013-10-07",2,"Ararat",2.61
"3072","2013-10-07",3,"Armavir",4.29
"3073","2013-10-07",4,"Erevan",2.78
"3074","2013-10-07",5,"Gegharkunik",-1.41
"3075","2013-10-07",6,"Kotayk",-0.58
"3076","2013-10-07",7,"Lori",0.52
"3077","2013-10-07",8,"Shirak",-0.82
"3078","2013-10-07",9,"Syunik",0.84
"3079","2013-10-07",10,"Tavush",3.3
"3080","2013-10-07",11,"Vayots Dzor",0.05
"3081","2013-10-08",1,"Aragatsotn",1.38
"3082","2013-10-08",2,"Ararat",4.89
"3083","2013-10-08",3,"Armavir",5.07
"3084","2013-10-08",4,"Erevan",4.23
"3085","2013-10-08",5,"Gegharkunik",-0.49
"3086","2013-10-08",6,"Kotayk",0.42
"3087","2013-10-08",7,"Lori",0.77
"3088","2013-10-08",8,"Shirak",-1.93
"3089","2013-10-08",9,"Syunik",0.24
"3090","2013-10-08",10,"Tavush",3.99
"3091","2013-10-08",11,"Vayots Dzor",1.18
"3092","2013-10-09",1,"Aragatsotn",0.61
"3093","2013-10-09",2,"Ararat",2.23
"3094","2013-10-09",3,"Armavir",2.85
"3095","2013-10-09",4,"Erevan",2.01
"3096","2013-10-09",5,"Gegharkunik",-2.01
"3097","2013-10-09",6,"Kotayk",-0.19
"3098","2013-10-09",7,"Lori",-0.81
"3099","2013-10-09",8,"Shirak",-1.87
"3100","2013-10-09",9,"Syunik",-2.72
"3101","2013-10-09",10,"Tavush",2.78
"3102","2013-10-09",11,"Vayots Dzor",-3.5
"3103","2013-10-10",1,"Aragatsotn",1.29
"3104","2013-10-10",2,"Ararat",2.32
"3105","2013-10-10",3,"Armavir",2.34
"3106","2013-10-10",4,"Erevan",2.49
"3107","2013-10-10",5,"Gegharkunik",-1.51
"3108","2013-10-10",6,"Kotayk",1.01
"3109","2013-10-10",7,"Lori",2.04
"3110","2013-10-10",8,"Shirak",-0.53
"3111","2013-10-10",9,"Syunik",-2.02
"3112","2013-10-10",10,"Tavush",5.23
"3113","2013-10-10",11,"Vayots Dzor",-3.28
"3114","2013-10-11",1,"Aragatsotn",2.59
"3115","2013-10-11",2,"Ararat",3.06
"3116","2013-10-11",3,"Armavir",2.92
"3117","2013-10-11",4,"Erevan",2.77
"3118","2013-10-11",5,"Gegharkunik",1.83
"3119","2013-10-11",6,"Kotayk",2.08
"3120","2013-10-11",7,"Lori",3.08
"3121","2013-10-11",8,"Shirak",1.03
"3122","2013-10-11",9,"Syunik",-0.93
"3123","2013-10-11",10,"Tavush",6.27
"3124","2013-10-11",11,"Vayots Dzor",-1.04
"3125","2013-10-12",1,"Aragatsotn",3.3
"3126","2013-10-12",2,"Ararat",4.7
"3127","2013-10-12",3,"Armavir",4.46
"3128","2013-10-12",4,"Erevan",4.78
"3129","2013-10-12",5,"Gegharkunik",2.04
"3130","2013-10-12",6,"Kotayk",2.87
"3131","2013-10-12",7,"Lori",2.51
"3132","2013-10-12",8,"Shirak",1.89
"3133","2013-10-12",9,"Syunik",0.04
"3134","2013-10-12",10,"Tavush",5.95
"3135","2013-10-12",11,"Vayots Dzor",-0.11
"3136","2013-10-13",1,"Aragatsotn",4.62
"3137","2013-10-13",2,"Ararat",4.92
"3138","2013-10-13",3,"Armavir",6.5
"3139","2013-10-13",4,"Erevan",5.72
"3140","2013-10-13",5,"Gegharkunik",1.61
"3141","2013-10-13",6,"Kotayk",3.75
"3142","2013-10-13",7,"Lori",4.31
"3143","2013-10-13",8,"Shirak",1.81
"3144","2013-10-13",9,"Syunik",1.76
"3145","2013-10-13",10,"Tavush",7.8
"3146","2013-10-13",11,"Vayots Dzor",0.53
"3147","2013-10-14",1,"Aragatsotn",4.09
"3148","2013-10-14",2,"Ararat",7.27
"3149","2013-10-14",3,"Armavir",6.49
"3150","2013-10-14",4,"Erevan",7.28
"3151","2013-10-14",5,"Gegharkunik",4.14
"3152","2013-10-14",6,"Kotayk",4.38
"3153","2013-10-14",7,"Lori",4.43
"3154","2013-10-14",8,"Shirak",1.61
"3155","2013-10-14",9,"Syunik",3.76
"3156","2013-10-14",10,"Tavush",7.73
"3157","2013-10-14",11,"Vayots Dzor",4.37
"3158","2013-10-15",1,"Aragatsotn",3.57
"3159","2013-10-15",2,"Ararat",5.4
"3160","2013-10-15",3,"Armavir",6.01
"3161","2013-10-15",4,"Erevan",5.28
"3162","2013-10-15",5,"Gegharkunik",1.67
"3163","2013-10-15",6,"Kotayk",2.73
"3164","2013-10-15",7,"Lori",3.53
"3165","2013-10-15",8,"Shirak",1.56
"3166","2013-10-15",9,"Syunik",2.44
"3167","2013-10-15",10,"Tavush",6.66
"3168","2013-10-15",11,"Vayots Dzor",1.54
"3169","2013-10-16",1,"Aragatsotn",4.57
"3170","2013-10-16",2,"Ararat",5.28
"3171","2013-10-16",3,"Armavir",6.57
"3172","2013-10-16",4,"Erevan",5.22
"3173","2013-10-16",5,"Gegharkunik",2.72
"3174","2013-10-16",6,"Kotayk",4.18
"3175","2013-10-16",7,"Lori",5.75
"3176","2013-10-16",8,"Shirak",2.53
"3177","2013-10-16",9,"Syunik",3.72
"3178","2013-10-16",10,"Tavush",8.32
"3179","2013-10-16",11,"Vayots Dzor",1.2
"3180","2013-10-17",1,"Aragatsotn",4.43
"3181","2013-10-17",2,"Ararat",6.8
"3182","2013-10-17",3,"Armavir",5.36
"3183","2013-10-17",4,"Erevan",6.17
"3184","2013-10-17",5,"Gegharkunik",3.78
"3185","2013-10-17",6,"Kotayk",3.86
"3186","2013-10-17",7,"Lori",3.78
"3187","2013-10-17",8,"Shirak",3.74
"3188","2013-10-17",9,"Syunik",5.39
"3189","2013-10-17",10,"Tavush",6.95
"3190","2013-10-17",11,"Vayots Dzor",4.46
"3191","2013-10-18",1,"Aragatsotn",5.07
"3192","2013-10-18",2,"Ararat",8.91
"3193","2013-10-18",3,"Armavir",6.22
"3194","2013-10-18",4,"Erevan",6.86
"3195","2013-10-18",5,"Gegharkunik",4.53
"3196","2013-10-18",6,"Kotayk",4.78
"3197","2013-10-18",7,"Lori",4.78
"3198","2013-10-18",8,"Shirak",4.06
"3199","2013-10-18",9,"Syunik",5.75
"3200","2013-10-18",10,"Tavush",7.13
"3201","2013-10-18",11,"Vayots Dzor",7.2
"3202","2013-10-19",1,"Aragatsotn",10.71
"3203","2013-10-19",2,"Ararat",12.93
"3204","2013-10-19",3,"Armavir",12.29
"3205","2013-10-19",4,"Erevan",13.38
"3206","2013-10-19",5,"Gegharkunik",9.42
"3207","2013-10-19",6,"Kotayk",10.11
"3208","2013-10-19",7,"Lori",8
"3209","2013-10-19",8,"Shirak",8.23
"3210","2013-10-19",9,"Syunik",9.17
"3211","2013-10-19",10,"Tavush",11.62
"3212","2013-10-19",11,"Vayots Dzor",10.25
"3213","2013-10-20",1,"Aragatsotn",2.27
"3214","2013-10-20",2,"Ararat",4.45
"3215","2013-10-20",3,"Armavir",5.37
"3216","2013-10-20",4,"Erevan",4
"3217","2013-10-20",5,"Gegharkunik",1.39
"3218","2013-10-20",6,"Kotayk",1.45
"3219","2013-10-20",7,"Lori",1.69
"3220","2013-10-20",8,"Shirak",0.78
"3221","2013-10-20",9,"Syunik",4.11
"3222","2013-10-20",10,"Tavush",5.47
"3223","2013-10-20",11,"Vayots Dzor",2.16
"3224","2013-10-21",1,"Aragatsotn",0.77
"3225","2013-10-21",2,"Ararat",2.08
"3226","2013-10-21",3,"Armavir",3.56
"3227","2013-10-21",4,"Erevan",3.32
"3228","2013-10-21",5,"Gegharkunik",0.68
"3229","2013-10-21",6,"Kotayk",1.23
"3230","2013-10-21",7,"Lori",-0.44
"3231","2013-10-21",8,"Shirak",-1.79
"3232","2013-10-21",9,"Syunik",0.4
"3233","2013-10-21",10,"Tavush",4.19
"3234","2013-10-21",11,"Vayots Dzor",-2.19
"3235","2013-10-22",1,"Aragatsotn",-0.14
"3236","2013-10-22",2,"Ararat",0.93
"3237","2013-10-22",3,"Armavir",0.68
"3238","2013-10-22",4,"Erevan",0.66
"3239","2013-10-22",5,"Gegharkunik",1.35
"3240","2013-10-22",6,"Kotayk",0.37
"3241","2013-10-22",7,"Lori",0.08
"3242","2013-10-22",8,"Shirak",-0.86
"3243","2013-10-22",9,"Syunik",-0.52
"3244","2013-10-22",10,"Tavush",4.63
"3245","2013-10-22",11,"Vayots Dzor",-1.18
"3246","2013-10-23",1,"Aragatsotn",1.33
"3247","2013-10-23",2,"Ararat",2.15
"3248","2013-10-23",3,"Armavir",1.69
"3249","2013-10-23",4,"Erevan",2.27
"3250","2013-10-23",5,"Gegharkunik",2.1
"3251","2013-10-23",6,"Kotayk",1.39
"3252","2013-10-23",7,"Lori",0.95
"3253","2013-10-23",8,"Shirak",-0.47
"3254","2013-10-23",9,"Syunik",-0.35
"3255","2013-10-23",10,"Tavush",6.17
"3256","2013-10-23",11,"Vayots Dzor",-1.87
"3257","2013-10-24",1,"Aragatsotn",2.47
"3258","2013-10-24",2,"Ararat",4.62
"3259","2013-10-24",3,"Armavir",5.43
"3260","2013-10-24",4,"Erevan",4.52
"3261","2013-10-24",5,"Gegharkunik",0.67
"3262","2013-10-24",6,"Kotayk",1.49
"3263","2013-10-24",7,"Lori",2.05
"3264","2013-10-24",8,"Shirak",-0.09
"3265","2013-10-24",9,"Syunik",3.07
"3266","2013-10-24",10,"Tavush",4.74
"3267","2013-10-24",11,"Vayots Dzor",2.12
"3268","2013-10-25",1,"Aragatsotn",3.58
"3269","2013-10-25",2,"Ararat",5.95
"3270","2013-10-25",3,"Armavir",5.6
"3271","2013-10-25",4,"Erevan",6.65
"3272","2013-10-25",5,"Gegharkunik",0.85
"3273","2013-10-25",6,"Kotayk",3.25
"3274","2013-10-25",7,"Lori",3.25
"3275","2013-10-25",8,"Shirak",1.31
"3276","2013-10-25",9,"Syunik",0.98
"3277","2013-10-25",10,"Tavush",4.98
"3278","2013-10-25",11,"Vayots Dzor",1.51
"3279","2013-10-26",1,"Aragatsotn",0.32
"3280","2013-10-26",2,"Ararat",1.97
"3281","2013-10-26",3,"Armavir",1.71
"3282","2013-10-26",4,"Erevan",1.76
"3283","2013-10-26",5,"Gegharkunik",-0.73
"3284","2013-10-26",6,"Kotayk",-0.01
"3285","2013-10-26",7,"Lori",0.9
"3286","2013-10-26",8,"Shirak",-0.81
"3287","2013-10-26",9,"Syunik",-2.05
"3288","2013-10-26",10,"Tavush",3.21
"3289","2013-10-26",11,"Vayots Dzor",-1.8
"3290","2013-10-27",1,"Aragatsotn",3.07
"3291","2013-10-27",2,"Ararat",5.78
"3292","2013-10-27",3,"Armavir",5.8
"3293","2013-10-27",4,"Erevan",5.67
"3294","2013-10-27",5,"Gegharkunik",1.64
"3295","2013-10-27",6,"Kotayk",2.65
"3296","2013-10-27",7,"Lori",2.19
"3297","2013-10-27",8,"Shirak",0.89
"3298","2013-10-27",9,"Syunik",2.91
"3299","2013-10-27",10,"Tavush",4.74
"3300","2013-10-27",11,"Vayots Dzor",2.69
"3301","2013-10-28",1,"Aragatsotn",-0.52
"3302","2013-10-28",2,"Ararat",1.17
"3303","2013-10-28",3,"Armavir",0.97
"3304","2013-10-28",4,"Erevan",0.94
"3305","2013-10-28",5,"Gegharkunik",0.03
"3306","2013-10-28",6,"Kotayk",-0.44
"3307","2013-10-28",7,"Lori",-0.97
"3308","2013-10-28",8,"Shirak",-1.75
"3309","2013-10-28",9,"Syunik",-1.5
"3310","2013-10-28",10,"Tavush",3.29
"3311","2013-10-28",11,"Vayots Dzor",-1.99
"3312","2013-10-29",1,"Aragatsotn",0.43
"3313","2013-10-29",2,"Ararat",1.41
"3314","2013-10-29",3,"Armavir",1.57
"3315","2013-10-29",4,"Erevan",1.05
"3316","2013-10-29",5,"Gegharkunik",1.24
"3317","2013-10-29",6,"Kotayk",0.94
"3318","2013-10-29",7,"Lori",0.3
"3319","2013-10-29",8,"Shirak",-1.74
"3320","2013-10-29",9,"Syunik",0.04
"3321","2013-10-29",10,"Tavush",5.55
"3322","2013-10-29",11,"Vayots Dzor",-1.08
"3323","2013-10-30",1,"Aragatsotn",0.49
"3324","2013-10-30",2,"Ararat",1.6
"3325","2013-10-30",3,"Armavir",0.55
"3326","2013-10-30",4,"Erevan",1.6
"3327","2013-10-30",5,"Gegharkunik",1.47
"3328","2013-10-30",6,"Kotayk",1.23
"3329","2013-10-30",7,"Lori",1.03
"3330","2013-10-30",8,"Shirak",-0.87
"3331","2013-10-30",9,"Syunik",-1.21
"3332","2013-10-30",10,"Tavush",6.14
"3333","2013-10-30",11,"Vayots Dzor",-2.42
"3334","2013-10-31",1,"Aragatsotn",0.89
"3335","2013-10-31",2,"Ararat",1.55
"3336","2013-10-31",3,"Armavir",1.7
"3337","2013-10-31",4,"Erevan",1.79
"3338","2013-10-31",5,"Gegharkunik",2
"3339","2013-10-31",6,"Kotayk",1.33
"3340","2013-10-31",7,"Lori",1.54
"3341","2013-10-31",8,"Shirak",-0.18
"3342","2013-10-31",9,"Syunik",-0.03
"3343","2013-10-31",10,"Tavush",5.89
"3344","2013-10-31",11,"Vayots Dzor",-0.62
"3345","2013-11-01",1,"Aragatsotn",2.01
"3346","2013-11-01",2,"Ararat",1.75
"3347","2013-11-01",3,"Armavir",2.06
"3348","2013-11-01",4,"Erevan",2.01
"3349","2013-11-01",5,"Gegharkunik",3.79
"3350","2013-11-01",6,"Kotayk",2.72
"3351","2013-11-01",7,"Lori",1.65
"3352","2013-11-01",8,"Shirak",-0.08
"3353","2013-11-01",9,"Syunik",0.76
"3354","2013-11-01",10,"Tavush",5.62
"3355","2013-11-01",11,"Vayots Dzor",0.02
"3356","2013-11-02",1,"Aragatsotn",1.65
"3357","2013-11-02",2,"Ararat",3.04
"3358","2013-11-02",3,"Armavir",2.98
"3359","2013-11-02",4,"Erevan",3.68
"3360","2013-11-02",5,"Gegharkunik",1.74
"3361","2013-11-02",6,"Kotayk",1.78
"3362","2013-11-02",7,"Lori",3.19
"3363","2013-11-02",8,"Shirak",-0.51
"3364","2013-11-02",9,"Syunik",3.54
"3365","2013-11-02",10,"Tavush",6.84
"3366","2013-11-02",11,"Vayots Dzor",0.84
"3367","2013-11-03",1,"Aragatsotn",0.7
"3368","2013-11-03",2,"Ararat",1.51
"3369","2013-11-03",3,"Armavir",0.87
"3370","2013-11-03",4,"Erevan",1.46
"3371","2013-11-03",5,"Gegharkunik",0.69
"3372","2013-11-03",6,"Kotayk",1.48
"3373","2013-11-03",7,"Lori",3.37
"3374","2013-11-03",8,"Shirak",0.02
"3375","2013-11-03",9,"Syunik",1.62
"3376","2013-11-03",10,"Tavush",5.86
"3377","2013-11-03",11,"Vayots Dzor",-1.2
"3378","2013-11-04",1,"Aragatsotn",1.22
"3379","2013-11-04",2,"Ararat",2.27
"3380","2013-11-04",3,"Armavir",1.33
"3381","2013-11-04",4,"Erevan",2.25
"3382","2013-11-04",5,"Gegharkunik",2.22
"3383","2013-11-04",6,"Kotayk",1.08
"3384","2013-11-04",7,"Lori",1.09
"3385","2013-11-04",8,"Shirak",0.19
"3386","2013-11-04",9,"Syunik",-0.14
"3387","2013-11-04",10,"Tavush",4.85
"3388","2013-11-04",11,"Vayots Dzor",-0.26
"3389","2013-11-05",1,"Aragatsotn",1.6
"3390","2013-11-05",2,"Ararat",2.57
"3391","2013-11-05",3,"Armavir",0.88
"3392","2013-11-05",4,"Erevan",2.64
"3393","2013-11-05",5,"Gegharkunik",2.13
"3394","2013-11-05",6,"Kotayk",1.9
"3395","2013-11-05",7,"Lori",1.26
"3396","2013-11-05",8,"Shirak",1.22
"3397","2013-11-05",9,"Syunik",0.07
"3398","2013-11-05",10,"Tavush",5.03
"3399","2013-11-05",11,"Vayots Dzor",-1.09
"3400","2013-11-06",1,"Aragatsotn",2.61
"3401","2013-11-06",2,"Ararat",3.18
"3402","2013-11-06",3,"Armavir",4.12
"3403","2013-11-06",4,"Erevan",3.79
"3404","2013-11-06",5,"Gegharkunik",2.75
"3405","2013-11-06",6,"Kotayk",1.93
"3406","2013-11-06",7,"Lori",2.68
"3407","2013-11-06",8,"Shirak",2.05
"3408","2013-11-06",9,"Syunik",2.74
"3409","2013-11-06",10,"Tavush",7.08
"3410","2013-11-06",11,"Vayots Dzor",2.19
"3411","2013-11-07",1,"Aragatsotn",2.98
"3412","2013-11-07",2,"Ararat",3.76
"3413","2013-11-07",3,"Armavir",3.28
"3414","2013-11-07",4,"Erevan",3.88
"3415","2013-11-07",5,"Gegharkunik",1.75
"3416","2013-11-07",6,"Kotayk",2.16
"3417","2013-11-07",7,"Lori",2.83
"3418","2013-11-07",8,"Shirak",3.1
"3419","2013-11-07",9,"Syunik",2.26
"3420","2013-11-07",10,"Tavush",5.16
"3421","2013-11-07",11,"Vayots Dzor",1.89
"3422","2013-11-08",1,"Aragatsotn",4
"3423","2013-11-08",2,"Ararat",6.15
"3424","2013-11-08",3,"Armavir",6.46
"3425","2013-11-08",4,"Erevan",5.59
"3426","2013-11-08",5,"Gegharkunik",2.57
"3427","2013-11-08",6,"Kotayk",3.35
"3428","2013-11-08",7,"Lori",3.14
"3429","2013-11-08",8,"Shirak",2.91
"3430","2013-11-08",9,"Syunik",5.01
"3431","2013-11-08",10,"Tavush",5.38
"3432","2013-11-08",11,"Vayots Dzor",2.86
"3433","2013-11-09",1,"Aragatsotn",3.24
"3434","2013-11-09",2,"Ararat",5.3
"3435","2013-11-09",3,"Armavir",5.64
"3436","2013-11-09",4,"Erevan",4.77
"3437","2013-11-09",5,"Gegharkunik",2.78
"3438","2013-11-09",6,"Kotayk",2.73
"3439","2013-11-09",7,"Lori",3.52
"3440","2013-11-09",8,"Shirak",0.92
"3441","2013-11-09",9,"Syunik",5.2
"3442","2013-11-09",10,"Tavush",6.6
"3443","2013-11-09",11,"Vayots Dzor",2.99
"3444","2013-11-10",1,"Aragatsotn",4.48
"3445","2013-11-10",2,"Ararat",6.51
"3446","2013-11-10",3,"Armavir",7.13
"3447","2013-11-10",4,"Erevan",6.65
"3448","2013-11-10",5,"Gegharkunik",1.69
"3449","2013-11-10",6,"Kotayk",3.47
"3450","2013-11-10",7,"Lori",3.35
"3451","2013-11-10",8,"Shirak",2.33
"3452","2013-11-10",9,"Syunik",2.64
"3453","2013-11-10",10,"Tavush",5.41
"3454","2013-11-10",11,"Vayots Dzor",2.17
"3455","2013-11-11",1,"Aragatsotn",5.4
"3456","2013-11-11",2,"Ararat",7.08
"3457","2013-11-11",3,"Armavir",7.12
"3458","2013-11-11",4,"Erevan",7.4
"3459","2013-11-11",5,"Gegharkunik",3.08
"3460","2013-11-11",6,"Kotayk",5.09
"3461","2013-11-11",7,"Lori",4.64
"3462","2013-11-11",8,"Shirak",3.78
"3463","2013-11-11",9,"Syunik",3.02
"3464","2013-11-11",10,"Tavush",6.08
"3465","2013-11-11",11,"Vayots Dzor",3.43
"3466","2013-11-12",1,"Aragatsotn",4.38
"3467","2013-11-12",2,"Ararat",5.2
"3468","2013-11-12",3,"Armavir",4.7
"3469","2013-11-12",4,"Erevan",5.48
"3470","2013-11-12",5,"Gegharkunik",1.69
"3471","2013-11-12",6,"Kotayk",3.36
"3472","2013-11-12",7,"Lori",5.08
"3473","2013-11-12",8,"Shirak",3.86
"3474","2013-11-12",9,"Syunik",1.6
"3475","2013-11-12",10,"Tavush",5.69
"3476","2013-11-12",11,"Vayots Dzor",1.3
"3477","2013-11-13",1,"Aragatsotn",4.43
"3478","2013-11-13",2,"Ararat",4.1
"3479","2013-11-13",3,"Armavir",5.4
"3480","2013-11-13",4,"Erevan",5.07
"3481","2013-11-13",5,"Gegharkunik",1.76
"3482","2013-11-13",6,"Kotayk",3.13
"3483","2013-11-13",7,"Lori",5.08
"3484","2013-11-13",8,"Shirak",3.39
"3485","2013-11-13",9,"Syunik",2.68
"3486","2013-11-13",10,"Tavush",6.6
"3487","2013-11-13",11,"Vayots Dzor",0.95
"3488","2013-11-14",1,"Aragatsotn",3.71
"3489","2013-11-14",2,"Ararat",3.26
"3490","2013-11-14",3,"Armavir",5.17
"3491","2013-11-14",4,"Erevan",4.45
"3492","2013-11-14",5,"Gegharkunik",0.73
"3493","2013-11-14",6,"Kotayk",1.52
"3494","2013-11-14",7,"Lori",2.42
"3495","2013-11-14",8,"Shirak",1.95
"3496","2013-11-14",9,"Syunik",1.17
"3497","2013-11-14",10,"Tavush",5.15
"3498","2013-11-14",11,"Vayots Dzor",0.5
"3499","2013-11-15",1,"Aragatsotn",1.84
"3500","2013-11-15",2,"Ararat",3.22
"3501","2013-11-15",3,"Armavir",2.97
"3502","2013-11-15",4,"Erevan",2.98
"3503","2013-11-15",5,"Gegharkunik",2.14
"3504","2013-11-15",6,"Kotayk",1.56
"3505","2013-11-15",7,"Lori",2.57
"3506","2013-11-15",8,"Shirak",0
"3507","2013-11-15",9,"Syunik",0.68
"3508","2013-11-15",10,"Tavush",7.03
"3509","2013-11-15",11,"Vayots Dzor",0.3
"3510","2013-11-16",1,"Aragatsotn",1.21
"3511","2013-11-16",2,"Ararat",2.83
"3512","2013-11-16",3,"Armavir",2.63
"3513","2013-11-16",4,"Erevan",1.84
"3514","2013-11-16",5,"Gegharkunik",0.89
"3515","2013-11-16",6,"Kotayk",1.47
"3516","2013-11-16",7,"Lori",2.46
"3517","2013-11-16",8,"Shirak",-0.35
"3518","2013-11-16",9,"Syunik",2.57
"3519","2013-11-16",10,"Tavush",4.5
"3520","2013-11-16",11,"Vayots Dzor",1.75
"3521","2013-11-17",1,"Aragatsotn",-2.59
"3522","2013-11-17",2,"Ararat",-1.91
"3523","2013-11-17",3,"Armavir",-1.67
"3524","2013-11-17",4,"Erevan",-1.63
"3525","2013-11-17",5,"Gegharkunik",-3.22
"3526","2013-11-17",6,"Kotayk",-2.54
"3527","2013-11-17",7,"Lori",-0.71
"3528","2013-11-17",8,"Shirak",-2.64
"3529","2013-11-17",9,"Syunik",-3.05
"3530","2013-11-17",10,"Tavush",1.86
"3531","2013-11-17",11,"Vayots Dzor",-4.64
"3532","2013-11-18",1,"Aragatsotn",-2.22
"3533","2013-11-18",2,"Ararat",-1.37
"3534","2013-11-18",3,"Armavir",-1.4
"3535","2013-11-18",4,"Erevan",-1.83
"3536","2013-11-18",5,"Gegharkunik",-1.75
"3537","2013-11-18",6,"Kotayk",-1.34
"3538","2013-11-18",7,"Lori",-0.13
"3539","2013-11-18",8,"Shirak",-3.36
"3540","2013-11-18",9,"Syunik",-1.27
"3541","2013-11-18",10,"Tavush",1.45
"3542","2013-11-18",11,"Vayots Dzor",-2.32
"3543","2013-11-19",1,"Aragatsotn",-2.03
"3544","2013-11-19",2,"Ararat",-2.06
"3545","2013-11-19",3,"Armavir",-1.95
"3546","2013-11-19",4,"Erevan",-2.4
"3547","2013-11-19",5,"Gegharkunik",-0.5
"3548","2013-11-19",6,"Kotayk",-0.97
"3549","2013-11-19",7,"Lori",-0.99
"3550","2013-11-19",8,"Shirak",-2.78
"3551","2013-11-19",9,"Syunik",-1.7
"3552","2013-11-19",10,"Tavush",2.7
"3553","2013-11-19",11,"Vayots Dzor",-3.61
"3554","2013-11-20",1,"Aragatsotn",0.38
"3555","2013-11-20",2,"Ararat",2.55
"3556","2013-11-20",3,"Armavir",1.94
"3557","2013-11-20",4,"Erevan",2.15
"3558","2013-11-20",5,"Gegharkunik",-1.07
"3559","2013-11-20",6,"Kotayk",0.18
"3560","2013-11-20",7,"Lori",0.88
"3561","2013-11-20",8,"Shirak",-0.91
"3562","2013-11-20",9,"Syunik",-0.36
"3563","2013-11-20",10,"Tavush",2.62
"3564","2013-11-20",11,"Vayots Dzor",-0.47
"3565","2013-11-21",1,"Aragatsotn",1.07
"3566","2013-11-21",2,"Ararat",3.34
"3567","2013-11-21",3,"Armavir",3.91
"3568","2013-11-21",4,"Erevan",3.7
"3569","2013-11-21",5,"Gegharkunik",-1.25
"3570","2013-11-21",6,"Kotayk",0.2
"3571","2013-11-21",7,"Lori",-0.98
"3572","2013-11-21",8,"Shirak",-0.89
"3573","2013-11-21",9,"Syunik",-0.86
"3574","2013-11-21",10,"Tavush",0.75
"3575","2013-11-21",11,"Vayots Dzor",-0.09
"3576","2013-11-22",1,"Aragatsotn",0.39
"3577","2013-11-22",2,"Ararat",4.16
"3578","2013-11-22",3,"Armavir",2.61
"3579","2013-11-22",4,"Erevan",3.18
"3580","2013-11-22",5,"Gegharkunik",0.07
"3581","2013-11-22",6,"Kotayk",0.97
"3582","2013-11-22",7,"Lori",0.56
"3583","2013-11-22",8,"Shirak",-1.19
"3584","2013-11-22",9,"Syunik",-0.6
"3585","2013-11-22",10,"Tavush",2.65
"3586","2013-11-22",11,"Vayots Dzor",0.6
"3587","2013-11-23",1,"Aragatsotn",0.9
"3588","2013-11-23",2,"Ararat",3.18
"3589","2013-11-23",3,"Armavir",2.58
"3590","2013-11-23",4,"Erevan",2.73
"3591","2013-11-23",5,"Gegharkunik",0.49
"3592","2013-11-23",6,"Kotayk",1.3
"3593","2013-11-23",7,"Lori",0.89
"3594","2013-11-23",8,"Shirak",-0.98
"3595","2013-11-23",9,"Syunik",0.54
"3596","2013-11-23",10,"Tavush",2.69
"3597","2013-11-23",11,"Vayots Dzor",0.78
"3598","2013-11-24",1,"Aragatsotn",-0.38
"3599","2013-11-24",2,"Ararat",0.72
"3600","2013-11-24",3,"Armavir",-0.61
"3601","2013-11-24",4,"Erevan",0.47
"3602","2013-11-24",5,"Gegharkunik",0.17
"3603","2013-11-24",6,"Kotayk",-0.52
"3604","2013-11-24",7,"Lori",-0.88
"3605","2013-11-24",8,"Shirak",-0.98
"3606","2013-11-24",9,"Syunik",-1.06
"3607","2013-11-24",10,"Tavush",2.08
"3608","2013-11-24",11,"Vayots Dzor",-1.41
"3609","2013-11-25",1,"Aragatsotn",-0.54
"3610","2013-11-25",2,"Ararat",1.02
"3611","2013-11-25",3,"Armavir",-0.26
"3612","2013-11-25",4,"Erevan",0.58
"3613","2013-11-25",5,"Gegharkunik",-0.48
"3614","2013-11-25",6,"Kotayk",-0.21
"3615","2013-11-25",7,"Lori",-0.6
"3616","2013-11-25",8,"Shirak",-0.53
"3617","2013-11-25",9,"Syunik",-0.15
"3618","2013-11-25",10,"Tavush",1.49
"3619","2013-11-25",11,"Vayots Dzor",-1.34
"3620","2013-11-26",1,"Aragatsotn",2.24
"3621","2013-11-26",2,"Ararat",3.53
"3622","2013-11-26",3,"Armavir",3.66
"3623","2013-11-26",4,"Erevan",2.95
"3624","2013-11-26",5,"Gegharkunik",0.9
"3625","2013-11-26",6,"Kotayk",1.59
"3626","2013-11-26",7,"Lori",2.02
"3627","2013-11-26",8,"Shirak",2.08
"3628","2013-11-26",9,"Syunik",1.96
"3629","2013-11-26",10,"Tavush",2.77
"3630","2013-11-26",11,"Vayots Dzor",1.37
"3631","2013-11-27",1,"Aragatsotn",3.88
"3632","2013-11-27",2,"Ararat",5.47
"3633","2013-11-27",3,"Armavir",5.02
"3634","2013-11-27",4,"Erevan",5.08
"3635","2013-11-27",5,"Gegharkunik",1.94
"3636","2013-11-27",6,"Kotayk",3.51
"3637","2013-11-27",7,"Lori",3.83
"3638","2013-11-27",8,"Shirak",3.26
"3639","2013-11-27",9,"Syunik",2.39
"3640","2013-11-27",10,"Tavush",5.05
"3641","2013-11-27",11,"Vayots Dzor",1.99
"3642","2013-11-28",1,"Aragatsotn",4.16
"3643","2013-11-28",2,"Ararat",6.84
"3644","2013-11-28",3,"Armavir",7.13
"3645","2013-11-28",4,"Erevan",6.77
"3646","2013-11-28",5,"Gegharkunik",3.16
"3647","2013-11-28",6,"Kotayk",4.19
"3648","2013-11-28",7,"Lori",2.77
"3649","2013-11-28",8,"Shirak",1.29
"3650","2013-11-28",9,"Syunik",4.84
"3651","2013-11-28",10,"Tavush",5.83
"3652","2013-11-28",11,"Vayots Dzor",3.76
"3653","2013-11-29",1,"Aragatsotn",-0.52
"3654","2013-11-29",2,"Ararat",0.64
"3655","2013-11-29",3,"Armavir",0.59
"3656","2013-11-29",4,"Erevan",0.66
"3657","2013-11-29",5,"Gegharkunik",-2.61
"3658","2013-11-29",6,"Kotayk",-1.89
"3659","2013-11-29",7,"Lori",0.13
"3660","2013-11-29",8,"Shirak",-2.68
"3661","2013-11-29",9,"Syunik",-0.18
"3662","2013-11-29",10,"Tavush",2.91
"3663","2013-11-29",11,"Vayots Dzor",-3.09
"3664","2013-11-30",1,"Aragatsotn",0.15
"3665","2013-11-30",2,"Ararat",2.83
"3666","2013-11-30",3,"Armavir",3.11
"3667","2013-11-30",4,"Erevan",2.5
"3668","2013-11-30",5,"Gegharkunik",-0.82
"3669","2013-11-30",6,"Kotayk",-0.4
"3670","2013-11-30",7,"Lori",-0.8
"3671","2013-11-30",8,"Shirak",-2.38
"3672","2013-11-30",9,"Syunik",2.45
"3673","2013-11-30",10,"Tavush",1.5
"3674","2013-11-30",11,"Vayots Dzor",0.35
"3675","2013-12-01",1,"Aragatsotn",-7.7
"3676","2013-12-01",2,"Ararat",-6.28
"3677","2013-12-01",3,"Armavir",-4.37
"3678","2013-12-01",4,"Erevan",-5.37
"3679","2013-12-01",5,"Gegharkunik",-9.77
"3680","2013-12-01",6,"Kotayk",-9.82
"3681","2013-12-01",7,"Lori",-10.04
"3682","2013-12-01",8,"Shirak",-11.93
"3683","2013-12-01",9,"Syunik",-6.71
"3684","2013-12-01",10,"Tavush",-5.23
"3685","2013-12-01",11,"Vayots Dzor",-12.41
"3686","2013-12-02",1,"Aragatsotn",-3.92
"3687","2013-12-02",2,"Ararat",-4.11
"3688","2013-12-02",3,"Armavir",-2.1
"3689","2013-12-02",4,"Erevan",-1.73
"3690","2013-12-02",5,"Gegharkunik",-6.82
"3691","2013-12-02",6,"Kotayk",-5.36
"3692","2013-12-02",7,"Lori",-4.95
"3693","2013-12-02",8,"Shirak",-6.43
"3694","2013-12-02",9,"Syunik",-4.67
"3695","2013-12-02",10,"Tavush",-3.32
"3696","2013-12-02",11,"Vayots Dzor",-8.23
"3697","2013-12-03",1,"Aragatsotn",-0.05
"3698","2013-12-03",2,"Ararat",-0.1
"3699","2013-12-03",3,"Armavir",2.17
"3700","2013-12-03",4,"Erevan",1.67
"3701","2013-12-03",5,"Gegharkunik",-2.8
"3702","2013-12-03",6,"Kotayk",-0.96
"3703","2013-12-03",7,"Lori",-1.82
"3704","2013-12-03",8,"Shirak",-1.37
"3705","2013-12-03",9,"Syunik",-0.64
"3706","2013-12-03",10,"Tavush",-1.18
"3707","2013-12-03",11,"Vayots Dzor",-4.23
"3708","2013-12-04",1,"Aragatsotn",-9.21
"3709","2013-12-04",2,"Ararat",-7.6
"3710","2013-12-04",3,"Armavir",-4.53
"3711","2013-12-04",4,"Erevan",-6.47
"3712","2013-12-04",5,"Gegharkunik",-12.34
"3713","2013-12-04",6,"Kotayk",-12.66
"3714","2013-12-04",7,"Lori",-9.03
"3715","2013-12-04",8,"Shirak",-10.53
"3716","2013-12-04",9,"Syunik",-7.2
"3717","2013-12-04",10,"Tavush",-6.21
"3718","2013-12-04",11,"Vayots Dzor",-10.74
"3719","2013-12-05",1,"Aragatsotn",-9.52
"3720","2013-12-05",2,"Ararat",-9.26
"3721","2013-12-05",3,"Armavir",-5.39
"3722","2013-12-05",4,"Erevan",-8.6
"3723","2013-12-05",5,"Gegharkunik",-11.54
"3724","2013-12-05",6,"Kotayk",-10.37
"3725","2013-12-05",7,"Lori",-8.09
"3726","2013-12-05",8,"Shirak",-13.26
"3727","2013-12-05",9,"Syunik",-15.38
"3728","2013-12-05",10,"Tavush",-4.63
"3729","2013-12-05",11,"Vayots Dzor",-18.11
"3730","2013-12-06",1,"Aragatsotn",-7.64
"3731","2013-12-06",2,"Ararat",-8.93
"3732","2013-12-06",3,"Armavir",-5.95
"3733","2013-12-06",4,"Erevan",-6.46
"3734","2013-12-06",5,"Gegharkunik",-9.42
"3735","2013-12-06",6,"Kotayk",-8.88
"3736","2013-12-06",7,"Lori",-8.82
"3737","2013-12-06",8,"Shirak",-11.17
"3738","2013-12-06",9,"Syunik",-11.9
"3739","2013-12-06",10,"Tavush",-3.67
"3740","2013-12-06",11,"Vayots Dzor",-14.68
"3741","2013-12-07",1,"Aragatsotn",-8.73
"3742","2013-12-07",2,"Ararat",-8.47
"3743","2013-12-07",3,"Armavir",-3.39
"3744","2013-12-07",4,"Erevan",-6.12
"3745","2013-12-07",5,"Gegharkunik",-12.99
"3746","2013-12-07",6,"Kotayk",-11.38
"3747","2013-12-07",7,"Lori",-10.23
"3748","2013-12-07",8,"Shirak",-9.98
"3749","2013-12-07",9,"Syunik",-10.26
"3750","2013-12-07",10,"Tavush",-4.49
"3751","2013-12-07",11,"Vayots Dzor",-15.5
"3752","2013-12-08",1,"Aragatsotn",-1.3
"3753","2013-12-08",2,"Ararat",-0.42
"3754","2013-12-08",3,"Armavir",1.54
"3755","2013-12-08",4,"Erevan",-0.11
"3756","2013-12-08",5,"Gegharkunik",-4.55
"3757","2013-12-08",6,"Kotayk",-3.24
"3758","2013-12-08",7,"Lori",-2.91
"3759","2013-12-08",8,"Shirak",-2.58
"3760","2013-12-08",9,"Syunik",-3.32
"3761","2013-12-08",10,"Tavush",-0.74
"3762","2013-12-08",11,"Vayots Dzor",-5.42
"3763","2013-12-09",1,"Aragatsotn",-10.73
"3764","2013-12-09",2,"Ararat",-5.96
"3765","2013-12-09",3,"Armavir",-6.59
"3766","2013-12-09",4,"Erevan",-6.75
"3767","2013-12-09",5,"Gegharkunik",-8.12
"3768","2013-12-09",6,"Kotayk",-9.26
"3769","2013-12-09",7,"Lori",-12.1
"3770","2013-12-09",8,"Shirak",-14.64
"3771","2013-12-09",9,"Syunik",-4.57
"3772","2013-12-09",10,"Tavush",-4.96
"3773","2013-12-09",11,"Vayots Dzor",-7.48
"3774","2013-12-10",1,"Aragatsotn",-16.3
"3775","2013-12-10",2,"Ararat",-11.02
"3776","2013-12-10",3,"Armavir",-13.06
"3777","2013-12-10",4,"Erevan",-12.55
"3778","2013-12-10",5,"Gegharkunik",-15.12
"3779","2013-12-10",6,"Kotayk",-17.4
"3780","2013-12-10",7,"Lori",-16.93
"3781","2013-12-10",8,"Shirak",-19.55
"3782","2013-12-10",9,"Syunik",-13.93
"3783","2013-12-10",10,"Tavush",-9.04
"3784","2013-12-10",11,"Vayots Dzor",-14.1
"3785","2013-12-11",1,"Aragatsotn",-10.98
"3786","2013-12-11",2,"Ararat",-8.44
"3787","2013-12-11",3,"Armavir",-6.7
"3788","2013-12-11",4,"Erevan",-9.56
"3789","2013-12-11",5,"Gegharkunik",-13.86
"3790","2013-12-11",6,"Kotayk",-13.55
"3791","2013-12-11",7,"Lori",-10.93
"3792","2013-12-11",8,"Shirak",-12.89
"3793","2013-12-11",9,"Syunik",-12.19
"3794","2013-12-11",10,"Tavush",-6.24
"3795","2013-12-11",11,"Vayots Dzor",-14.46
"3796","2013-12-12",1,"Aragatsotn",-9.81
"3797","2013-12-12",2,"Ararat",-7.91
"3798","2013-12-12",3,"Armavir",-6.41
"3799","2013-12-12",4,"Erevan",-8.31
"3800","2013-12-12",5,"Gegharkunik",-12.37
"3801","2013-12-12",6,"Kotayk",-11.52
"3802","2013-12-12",7,"Lori",-10.06
"3803","2013-12-12",8,"Shirak",-12.34
"3804","2013-12-12",9,"Syunik",-10.26
"3805","2013-12-12",10,"Tavush",-7.61
"3806","2013-12-12",11,"Vayots Dzor",-10.61
"3807","2013-12-13",1,"Aragatsotn",-12.02
"3808","2013-12-13",2,"Ararat",-7.46
"3809","2013-12-13",3,"Armavir",-7.98
"3810","2013-12-13",4,"Erevan",-9.12
"3811","2013-12-13",5,"Gegharkunik",-10.71
"3812","2013-12-13",6,"Kotayk",-12.04
"3813","2013-12-13",7,"Lori",-14.61
"3814","2013-12-13",8,"Shirak",-16.07
"3815","2013-12-13",9,"Syunik",-12.55
"3816","2013-12-13",10,"Tavush",-6.53
"3817","2013-12-13",11,"Vayots Dzor",-10.71
"3818","2013-12-14",1,"Aragatsotn",-9.26
"3819","2013-12-14",2,"Ararat",-7.68
"3820","2013-12-14",3,"Armavir",-7.39
"3821","2013-12-14",4,"Erevan",-7.34
"3822","2013-12-14",5,"Gegharkunik",-9.09
"3823","2013-12-14",6,"Kotayk",-10.7
"3824","2013-12-14",7,"Lori",-11.16
"3825","2013-12-14",8,"Shirak",-11.65
"3826","2013-12-14",9,"Syunik",-11.39
"3827","2013-12-14",10,"Tavush",-4.4
"3828","2013-12-14",11,"Vayots Dzor",-11.47
"3829","2013-12-15",1,"Aragatsotn",-10.91
"3830","2013-12-15",2,"Ararat",-7.35
"3831","2013-12-15",3,"Armavir",-8.88
"3832","2013-12-15",4,"Erevan",-9.49
"3833","2013-12-15",5,"Gegharkunik",-11.84
"3834","2013-12-15",6,"Kotayk",-12.35
"3835","2013-12-15",7,"Lori",-10.35
"3836","2013-12-15",8,"Shirak",-13.11
"3837","2013-12-15",9,"Syunik",-11.31
"3838","2013-12-15",10,"Tavush",-6.53
"3839","2013-12-15",11,"Vayots Dzor",-13.03
"3840","2013-12-16",1,"Aragatsotn",-10.5
"3841","2013-12-16",2,"Ararat",-9.59
"3842","2013-12-16",3,"Armavir",-8.28
"3843","2013-12-16",4,"Erevan",-9.47
"3844","2013-12-16",5,"Gegharkunik",-13.1
"3845","2013-12-16",6,"Kotayk",-12.67
"3846","2013-12-16",7,"Lori",-9.69
"3847","2013-12-16",8,"Shirak",-11.01
"3848","2013-12-16",9,"Syunik",-13.62
"3849","2013-12-16",10,"Tavush",-4.83
"3850","2013-12-16",11,"Vayots Dzor",-16.59
"3851","2013-12-17",1,"Aragatsotn",-9.85
"3852","2013-12-17",2,"Ararat",-9.6
"3853","2013-12-17",3,"Armavir",-7.5
"3854","2013-12-17",4,"Erevan",-8.68
"3855","2013-12-17",5,"Gegharkunik",-12.9
"3856","2013-12-17",6,"Kotayk",-11.5
"3857","2013-12-17",7,"Lori",-9.17
"3858","2013-12-17",8,"Shirak",-13.63
"3859","2013-12-17",9,"Syunik",-14.52
"3860","2013-12-17",10,"Tavush",-5.09
"3861","2013-12-17",11,"Vayots Dzor",-17.02
"3862","2013-12-18",1,"Aragatsotn",-9.49
"3863","2013-12-18",2,"Ararat",-11
"3864","2013-12-18",3,"Armavir",-8.88
"3865","2013-12-18",4,"Erevan",-8.05
"3866","2013-12-18",5,"Gegharkunik",-13.67
"3867","2013-12-18",6,"Kotayk",-11
"3868","2013-12-18",7,"Lori",-10.95
"3869","2013-12-18",8,"Shirak",-12.8
"3870","2013-12-18",9,"Syunik",-14.69
"3871","2013-12-18",10,"Tavush",-5.81
"3872","2013-12-18",11,"Vayots Dzor",-18.44
"3873","2013-12-19",1,"Aragatsotn",-10.82
"3874","2013-12-19",2,"Ararat",-12.17
"3875","2013-12-19",3,"Armavir",-10.33
"3876","2013-12-19",4,"Erevan",-8.69
"3877","2013-12-19",5,"Gegharkunik",-10.55
"3878","2013-12-19",6,"Kotayk",-10.67
"3879","2013-12-19",7,"Lori",-13.55
"3880","2013-12-19",8,"Shirak",-14.43
"3881","2013-12-19",9,"Syunik",-14.22
"3882","2013-12-19",10,"Tavush",-7.42
"3883","2013-12-19",11,"Vayots Dzor",-16.61
"3884","2013-12-20",1,"Aragatsotn",-11.45
"3885","2013-12-20",2,"Ararat",-13.89
"3886","2013-12-20",3,"Armavir",-11.92
"3887","2013-12-20",4,"Erevan",-10.43
"3888","2013-12-20",5,"Gegharkunik",-11.02
"3889","2013-12-20",6,"Kotayk",-11.14
"3890","2013-12-20",7,"Lori",-12.77
"3891","2013-12-20",8,"Shirak",-13.71
"3892","2013-12-20",9,"Syunik",-16.08
"3893","2013-12-20",10,"Tavush",-7.84
"3894","2013-12-20",11,"Vayots Dzor",-18.73
"3895","2013-12-21",1,"Aragatsotn",-10.74
"3896","2013-12-21",2,"Ararat",-12.41
"3897","2013-12-21",3,"Armavir",-11.19
"3898","2013-12-21",4,"Erevan",-9.23
"3899","2013-12-21",5,"Gegharkunik",-8.98
"3900","2013-12-21",6,"Kotayk",-9.51
"3901","2013-12-21",7,"Lori",-12.21
"3902","2013-12-21",8,"Shirak",-13.11
"3903","2013-12-21",9,"Syunik",-15
"3904","2013-12-21",10,"Tavush",-7.9
"3905","2013-12-21",11,"Vayots Dzor",-16.14
"3906","2013-12-22",1,"Aragatsotn",-9.79
"3907","2013-12-22",2,"Ararat",-12.4
"3908","2013-12-22",3,"Armavir",-10.02
"3909","2013-12-22",4,"Erevan",-8.48
"3910","2013-12-22",5,"Gegharkunik",-9.15
"3911","2013-12-22",6,"Kotayk",-9.73
"3912","2013-12-22",7,"Lori",-12.43
"3913","2013-12-22",8,"Shirak",-12.39
"3914","2013-12-22",9,"Syunik",-14.92
"3915","2013-12-22",10,"Tavush",-7.58
"3916","2013-12-22",11,"Vayots Dzor",-16.16
"3917","2013-12-23",1,"Aragatsotn",-10.23
"3918","2013-12-23",2,"Ararat",-12.24
"3919","2013-12-23",3,"Armavir",-10.62
"3920","2013-12-23",4,"Erevan",-9.02
"3921","2013-12-23",5,"Gegharkunik",-9.28
"3922","2013-12-23",6,"Kotayk",-9.11
"3923","2013-12-23",7,"Lori",-11.53
"3924","2013-12-23",8,"Shirak",-13.39
"3925","2013-12-23",9,"Syunik",-15.21
"3926","2013-12-23",10,"Tavush",-5.04
"3927","2013-12-23",11,"Vayots Dzor",-16.63
"3928","2013-12-24",1,"Aragatsotn",-11.98
"3929","2013-12-24",2,"Ararat",-12.52
"3930","2013-12-24",3,"Armavir",-13.03
"3931","2013-12-24",4,"Erevan",-9.9
"3932","2013-12-24",5,"Gegharkunik",-13.52
"3933","2013-12-24",6,"Kotayk",-12.99
"3934","2013-12-24",7,"Lori",-11.52
"3935","2013-12-24",8,"Shirak",-12.18
"3936","2013-12-24",9,"Syunik",-13.73
"3937","2013-12-24",10,"Tavush",-7.53
"3938","2013-12-24",11,"Vayots Dzor",-15.19
"3939","2013-12-25",1,"Aragatsotn",-10.92
"3940","2013-12-25",2,"Ararat",-12.74
"3941","2013-12-25",3,"Armavir",-11.94
"3942","2013-12-25",4,"Erevan",-9.35
"3943","2013-12-25",5,"Gegharkunik",-9.06
"3944","2013-12-25",6,"Kotayk",-9.24
"3945","2013-12-25",7,"Lori",-10.32
"3946","2013-12-25",8,"Shirak",-12.66
"3947","2013-12-25",9,"Syunik",-14.55
"3948","2013-12-25",10,"Tavush",-4.75
"3949","2013-12-25",11,"Vayots Dzor",-16.11
"3950","2013-12-26",1,"Aragatsotn",-11.18
"3951","2013-12-26",2,"Ararat",-12.41
"3952","2013-12-26",3,"Armavir",-13.4
"3953","2013-12-26",4,"Erevan",-9.03
"3954","2013-12-26",5,"Gegharkunik",-11.34
"3955","2013-12-26",6,"Kotayk",-10.94
"3956","2013-12-26",7,"Lori",-11.41
"3957","2013-12-26",8,"Shirak",-12.29
"3958","2013-12-26",9,"Syunik",-13.75
"3959","2013-12-26",10,"Tavush",-7.08
"3960","2013-12-26",11,"Vayots Dzor",-15.72
"3961","2013-12-27",1,"Aragatsotn",-11.31
"3962","2013-12-27",2,"Ararat",-12.83
"3963","2013-12-27",3,"Armavir",-13.23
"3964","2013-12-27",4,"Erevan",-9.62
"3965","2013-12-27",5,"Gegharkunik",-10.99
"3966","2013-12-27",6,"Kotayk",-10.95
"3967","2013-12-27",7,"Lori",-12.45
"3968","2013-12-27",8,"Shirak",-12.22
"3969","2013-12-27",9,"Syunik",-13.59
"3970","2013-12-27",10,"Tavush",-7.34
"3971","2013-12-27",11,"Vayots Dzor",-15.11
"3972","2013-12-28",1,"Aragatsotn",-9.2
"3973","2013-12-28",2,"Ararat",-9.16
"3974","2013-12-28",3,"Armavir",-9.66
"3975","2013-12-28",4,"Erevan",-7.51
"3976","2013-12-28",5,"Gegharkunik",-7.23
"3977","2013-12-28",6,"Kotayk",-6.67
"3978","2013-12-28",7,"Lori",-9.65
"3979","2013-12-28",8,"Shirak",-10.15
"3980","2013-12-28",9,"Syunik",-11.46
"3981","2013-12-28",10,"Tavush",-4.57
"3982","2013-12-28",11,"Vayots Dzor",-12.64
"3983","2013-12-29",1,"Aragatsotn",-10.02
"3984","2013-12-29",2,"Ararat",-12.56
"3985","2013-12-29",3,"Armavir",-11.99
"3986","2013-12-29",4,"Erevan",-8.86
"3987","2013-12-29",5,"Gegharkunik",-9.29
"3988","2013-12-29",6,"Kotayk",-9.14
"3989","2013-12-29",7,"Lori",-11.18
"3990","2013-12-29",8,"Shirak",-12.2
"3991","2013-12-29",9,"Syunik",-13.21
"3992","2013-12-29",10,"Tavush",-4.67
"3993","2013-12-29",11,"Vayots Dzor",-15.69
"3994","2013-12-30",1,"Aragatsotn",-10.08
"3995","2013-12-30",2,"Ararat",-12.47
"3996","2013-12-30",3,"Armavir",-11.73
"3997","2013-12-30",4,"Erevan",-9.06
"3998","2013-12-30",5,"Gegharkunik",-9.26
"3999","2013-12-30",6,"Kotayk",-8.61
"4000","2013-12-30",7,"Lori",-11.92
"4001","2013-12-30",8,"Shirak",-12.17
"4002","2013-12-30",9,"Syunik",-13.49
"4003","2013-12-30",10,"Tavush",-5.25
"4004","2013-12-30",11,"Vayots Dzor",-15.64
"4005","2013-12-31",1,"Aragatsotn",-12.07
"4006","2013-12-31",2,"Ararat",-13.3
"4007","2013-12-31",3,"Armavir",-13.65
"4008","2013-12-31",4,"Erevan",-10.54
"4009","2013-12-31",5,"Gegharkunik",-10.29
"4010","2013-12-31",6,"Kotayk",-10.95
"4011","2013-12-31",7,"Lori",-13.73
"4012","2013-12-31",8,"Shirak",-14.87
"4013","2013-12-31",9,"Syunik",-14.92
"4014","2013-12-31",10,"Tavush",-7.57
"4015","2013-12-31",11,"Vayots Dzor",-14.72
